3502.52	9.30367
3501.25	8.05088
3499.98	7.6141
3498.71	9.25771
3497.44	11.821
3496.17	13.5633
3494.9	13.9654
3493.62	12.8351
3492.35	10.5254
3491.08	7.57161
3489.8	4.48127
3488.53	1.83018
3487.26	-0.0672199
3485.98	-1.06126
3484.71	-1.14177
3483.43	-0.377421
3482.16	1.02428
3480.88	2.72177
3479.6	4.4418
3478.33	5.97305
3477.05	6.9625
3475.77	7.51905
3474.5	7.58534
3473.22	7.22722
3471.94	6.5833
3470.66	5.72067
3469.38	4.48852
3468.1	2.67591
3466.82	1.00546
3465.54	-0.127063
3464.26	-0.847874
3462.98	-0.72745
3461.7	-0.149958
3460.42	0.925324
3459.14	2.49287
3457.86	4.18753
3456.57	5.80319
3455.29	7.23035
3454.01	8.37746
3452.73	9.04734
3451.44	9.17117
3450.16	8.75829
3448.87	7.8942
3447.59	6.64347
3446.3	5.15594
3445.02	3.62992
3443.73	2.11566
3442.45	0.745131
3441.16	-0.329272
3439.88	-0.959899
3438.59	-1.12762
3437.3	-0.899388
3436.01	-0.323479
3434.73	0.601928
3433.44	1.76637
3432.15	2.93436
3430.86	4.12528
3429.57	5.08276
3428.28	5.80835
3426.99	6.13915
3425.7	6.15098
3424.41	5.8019
3423.12	5.00211
3421.83	3.89218
3420.54	2.6782
3419.24	1.51579
3417.95	0.573496
3416.66	-0.138734
3415.37	-0.350222
3414.07	-0.00648927
3412.78	0.55006
3411.48	1.47138
3410.19	2.55011
3408.9	3.76884
3407.6	5.10524
3406.31	6.62971
3405.01	8.16962
3403.72	9.62371
3402.42	11.0529
3401.12	12.3256
3399.82	13.2051
3398.53	13.8922
3397.23	14.0294
3395.93	13.5476
3394.63	12.8681
3393.33	11.6448
3392.04	10.0856
3390.74	8.44547
3389.44	6.84978
3388.14	5.32573
3386.84	4.05438
3385.53	3.01563
3384.23	2.24214
3382.93	1.7997
3381.63	1.66229
3380.33	1.82447
3379.03	2.26328
3377.72	2.98485
3376.42	3.93458
3375.12	5.13284
3373.81	6.50038
3372.51	8.03961
3371.2	9.63029
3369.9	11.2099
3368.59	12.5692
3367.29	13.6578
3365.98	14.3871
3364.68	14.7451
3363.37	14.708
3362.06	14.2243
3360.76	13.5593
3359.45	12.8395
3358.14	12.0471
3356.83	11.2494
3355.52	10.5436
3354.22	9.97593
3352.91	9.36547
3351.6	8.65836
3350.29	8.01608
3348.98	7.43462
3347.67	6.77289
3346.36	6.30271
3345.04	5.93689
3343.73	5.78969
3342.42	5.7927
3341.11	6.08384
3339.8	6.5228
3338.48	6.8546
3337.17	7.23776
3335.86	7.55111
3334.54	7.69141
3333.23	7.8845
3331.91	7.97955
3330.6	7.95975
3329.28	8.13317
3327.97	8.30836
3326.65	8.41979
3325.34	8.6148
3324.02	8.63614
3322.7	8.538
3321.38	8.39507
3320.07	8.05591
3318.75	7.52433
3317.43	6.87267
3316.11	6.15204
3314.79	5.336
3313.47	4.50307
3312.15	3.76933
3310.83	2.99008
3309.51	2.35849
3308.19	1.74557
3306.87	1.24053
3305.55	0.874685
3304.23	0.742117
3302.9	0.723946
3301.58	0.862918
3300.26	1.18158
3298.94	1.91539
3297.61	2.80567
3296.29	3.77056
3294.96	4.82615
3293.64	5.75148
3292.31	6.45729
3290.99	6.7469
3289.66	6.67424
3288.34	6.1509
3287.01	5.20641
3285.68	3.84965
3284.36	2.42104
3283.03	0.996854
3281.7	-0.340853
3280.37	-1.35709
3279.05	-2.20808
3277.72	-2.64728
3276.39	-2.67456
3275.06	-2.169
3273.73	-1.22858
3272.4	0.0986556
3271.07	1.93209
3269.74	4.04923
3268.41	6.2784
3267.08	8.60101
3265.74	10.7713
3264.41	12.6482
3263.08	14.3149
3261.75	15.7062
3260.41	16.6025
3259.08	17.4347
3257.75	17.9431
3256.41	18.2835
3255.08	18.5202
3253.74	18.6959
3252.41	18.8606
3251.07	18.9616
3249.74	19.207
3248.4	19.5439
3247.06	20.0061
3245.73	20.6431
3244.39	21.2746
3243.05	22.0267
3241.71	22.7134
3240.37	23.2494
3239.04	23.7607
3237.7	24.2348
3236.36	24.6898
3235.02	24.9958
3233.68	25.1115
3232.34	25.133
3231	24.8948
3229.66	24.3712
3228.31	23.82
3226.97	23.0466
3225.63	22.3391
3224.29	21.6925
3222.94	21.3884
3221.6	21.3014
3220.26	21.6309
3218.91	22.1205
3217.57	22.8194
3216.23	23.7913
3214.88	25.135
3213.53	26.8098
3212.19	28.4707
3210.84	30.2863
3209.5	32.0734
3208.15	33.6839
3206.8	34.7551
3205.46	35.3116
3204.11	35.2028
3202.76	34.44
3201.41	33.0641
3200.06	31.2726
3198.71	29.1854
3197.36	26.9335
3196.01	24.7089
3194.66	22.6495
3193.31	20.5449
3191.96	18.9053
3190.61	17.6968
3189.26	16.9858
3187.91	16.7703
3186.56	16.9984
3185.2	17.5531
3183.85	18.1753
3182.5	19.0051
3181.14	19.863
3179.79	20.668
3178.44	21.2813
3177.08	21.8151
3175.73	22.1683
3174.37	22.2724
3173.01	22.0443
3171.66	21.5776
3170.3	20.7741
3168.95	19.9517
3167.59	19.2895
3166.23	18.7522
3164.87	18.3629
3163.51	18.3512
3162.16	18.4681
3160.8	18.9587
3159.44	19.2522
3158.08	19.5572
3156.72	19.6557
3155.36	19.5663
3154	19.0223
3152.64	18.3369
3151.28	17.5002
3149.91	16.3947
3148.55	15.3643
3147.19	14.5191
3145.83	13.8218
3144.46	13.1282
3143.1	12.7259
3141.74	12.6694
3140.37	12.9286
3139.01	13.3965
3137.64	14.289
3136.28	15.4353
3134.91	16.8853
3133.55	18.3649
3132.18	19.8347
3130.81	21.1545
3129.45	22.2682
3128.08	23.1008
3126.71	23.535
3125.34	23.2466
3123.98	22.2899
3122.61	20.7183
3121.24	18.7952
3119.87	16.7423
3118.5	14.6894
3117.13	12.6823
3115.76	10.7347
3114.39	9.11992
3113.02	7.87397
3111.64	7.02177
3110.27	6.33911
3108.9	6.22666
3107.53	6.49071
3106.15	7.11984
3104.78	8.13973
3103.41	9.40139
3102.03	10.5361
3100.66	11.5565
3099.29	12.6248
3097.91	13.487
3096.53	14.0178
3095.16	14.2879
3093.78	14.1054
3092.41	13.7493
3091.03	12.8548
3089.65	11.8032
3088.27	10.7745
3086.9	9.99424
3085.52	9.31109
3084.14	8.94242
3082.76	8.81422
3081.38	8.63158
3080	8.64957
3078.62	8.70305
3077.24	8.71761
3075.86	8.52697
3074.48	8.25352
3073.1	7.92967
3071.72	7.4949
3070.33	6.83193
3068.95	5.87032
3067.57	4.74248
3066.19	3.5461
3064.8	2.32857
3063.42	1.04914
3062.03	-0.105028
3060.65	-1.00147
3059.26	-1.56072
3057.88	-1.60237
3056.49	-1.16912
3055.11	-0.352629
3053.72	0.717641
3052.33	2.09997
3050.95	3.72229
3049.56	5.48595
3048.17	7.15944
3046.78	8.67767
3045.4	10.0238
3044.01	11.1298
3042.62	12.025
3041.23	12.4263
3039.84	12.5779
3038.45	12.241
3037.06	11.5929
3035.67	10.8013
3034.28	9.94285
3032.88	8.88561
3031.49	7.57668
3030.1	6.1399
3028.71	4.6369
3027.31	3.37841
3025.92	2.26419
3024.52	1.49705
3023.13	1.39892
3021.74	1.7368
3020.34	2.54378
3018.95	3.88352
3017.55	5.68796
3016.16	7.65017
3014.76	9.9811
3013.36	12.4068
3011.96	14.8
3010.57	17.3324
3009.17	19.8885
3007.77	22.2543
3006.37	24.384
3004.97	26.1602
3003.57	27.3977
3002.17	28.2346
3000.77	28.7731
2999.37	28.9494
2997.97	28.956
2996.57	28.7229
2995.17	28.465
2993.77	28.1694
2992.37	28.1995
2990.97	28.5193
2989.56	29.1166
2988.16	30.0445
2986.76	31.2265
2985.35	32.5468
2983.95	33.9369
2982.54	35.4919
2981.14	37.1146
2979.73	38.7293
2978.33	40.1797
2976.92	41.433
2975.51	42.4941
2974.11	43.4087
2972.7	44.4174
2971.29	45.6159
2969.89	47.0818
2968.48	48.5978
2967.07	50.349
2965.66	52.2125
2964.25	54.3255
2962.84	56.8436
2961.43	59.8085
2960.02	63.2432
2958.61	67.1568
2957.2	71.5625
2955.79	76.1348
2954.38	80.7924
2952.96	85.5575
2951.55	90.1592
2950.14	94.5884
2948.73	98.9628
2947.31	103.405
2945.9	107.638
2944.48	112.246
2943.07	116.727
2941.65	121.096
2940.24	125.57
2938.82	130.348
2937.41	135.255
2935.99	140.633
2934.57	146.312
2933.16	151.885
2931.74	157.297
2930.32	162.386
2928.9	167.139
2927.48	171.463
2926.06	174.935
2924.64	177.278
2923.22	178.503
2921.8	178.466
2920.38	177.314
2918.96	175.098
2917.54	171.802
2916.12	167.515
2914.7	162.136
2913.28	155.875
2911.85	148.968
2910.43	141.587
2909.01	134.153
2907.58	126.896
2906.16	119.917
2904.74	113.181
2903.31	106.73
2901.88	100.616
2900.46	94.9206
2899.03	89.6372
2897.61	84.8048
2896.18	80.5242
2894.75	76.5857
2893.33	72.9795
2891.9	69.7536
2890.47	66.7865
2889.04	64.2383
2887.61	62.2495
2886.18	60.7386
2884.75	59.7643
2883.32	59.1118
2881.89	58.7788
2880.46	58.5477
2879.03	58.4565
2877.6	58.1639
2876.17	57.832
2874.74	57.1211
2873.3	56.7219
2871.87	56.1431
2870.44	55.2956
2869.01	54.148
2867.57	52.934
2866.14	51.4809
2864.7	50.3919
2863.27	49.6133
2861.83	48.9696
2860.4	48.5051
2858.96	48.1536
2857.52	47.9692
2856.09	48.0063
2854.65	48.1734
2853.21	48.2749
2851.77	48.4077
2850.34	48.0142
2848.9	47.3908
2847.46	46.3881
2846.02	45.0558
2844.58	43.4015
2843.14	41.4551
2841.7	39.4534
2840.26	37.3992
2838.82	35.3526
2837.37	33.4785
2835.93	31.8864
2834.49	30.5783
2833.05	29.3506
2831.6	28.2911
2830.16	27.3648
2828.72	26.427
2827.27	25.3575
2825.83	24.1875
2824.38	22.9364
2822.94	21.6691
2821.49	20.5728
2820.05	19.7174
2818.6	18.9541
2817.15	18.2139
2815.71	17.8237
2814.26	17.7645
2812.81	18.2409
2811.36	19.1087
2809.91	20.2193
2808.47	21.5209
2807.02	23.166
2805.57	24.6226
2804.12	25.8116
2802.67	26.599
2801.22	27.3096
2799.76	27.976
2798.31	28.5419
2796.86	28.8103
2795.41	28.8426
2793.96	28.2154
2792.5	27.563
2791.05	26.7514
2789.6	25.8186
2788.14	24.9176
2786.69	24.159
2785.23	23.5102
2783.78	23.025
2782.32	22.5996
2780.86	22.1965
2779.41	22.009
2777.95	21.7111
2776.5	21.3428
2775.04	20.7167
2773.58	20.0046
2772.12	18.9392
2770.66	17.6003
2769.2	15.9476
2767.74	13.9655
2766.29	11.7206
2764.83	9.12289
2763.36	6.58415
2761.9	4.24409
2760.44	1.98323
2758.98	0.0198462
2757.52	-1.2673
2756.06	-1.78103
2754.59	-1.45656
2753.13	-0.446862
2751.67	1.05368
2750.2	2.94205
2748.74	5.36277
2747.28	8.11977
2745.81	10.862
2744.35	13.0417
2742.88	14.7877
2741.41	15.809
2739.95	16.2216
2738.48	15.9887
2737.01	14.9569
2735.55	13.5976
2734.08	12.3461
2732.61	11.2747
2731.14	10.2221
2729.67	9.46886
2728.2	8.95822
2726.73	8.75043
2725.26	8.83626
2723.79	9.17777
2722.32	9.81631
2720.85	10.1516
2719.38	10.595
2717.91	10.7972
2716.44	10.8009
2714.96	10.6256
2713.49	10.2085
2712.02	9.60394
2710.54	9.12285
2709.07	8.69119
2707.59	8.28605
2706.12	8.38592
2704.64	8.96368
2703.17	10.0553
2701.69	11.5599
2700.22	13.3778
2698.74	15.3827
2697.26	17.481
2695.78	19.4743
2694.31	21.3408
2692.83	22.9223
2691.35	23.7612
2689.87	24.1917
2688.39	24.2625
2686.91	23.8651
2685.43	23.1374
2683.95	22.3834
2682.47	21.6509
2680.99	21.2193
2679.51	21.1795
2678.03	21.3008
2676.54	21.2791
2675.06	21.5274
2673.58	21.9004
2672.09	22.2878
2670.61	22.4428
2669.13	22.4941
2667.64	22.5202
2666.16	22.5998
2664.67	22.5312
2663.18	22.1416
2661.7	21.5209
2660.21	20.7491
2658.72	19.9397
2657.24	18.7722
2655.75	17.7328
2654.26	16.886
2652.77	16.4554
2651.28	16.5361
2649.8	17.3447
2648.31	19.0166
2646.82	21.0166
2645.33	23.5282
2643.84	26.2429
2642.34	29.1758
2640.85	32.1926
2639.36	34.8701
2637.87	36.9156
2636.38	38.4527
2634.88	39.4312
2633.39	39.519
2631.9	39.0795
2630.4	37.8762
2628.91	36.3631
2627.41	34.5951
2625.92	32.5416
2624.42	30.5166
2622.93	28.5856
2621.43	26.8739
2619.93	25.5617
2618.44	24.8137
2616.94	24.562
2615.44	24.9794
2613.94	26.0261
2612.44	27.5177
2610.95	29.5719
2609.45	31.984
2607.95	34.3739
2606.45	36.5869
2604.95	38.7747
2603.44	40.7769
2601.94	42.2302
2600.44	43.5479
2598.94	44.5018
2597.44	45.2902
2595.93	45.7566
2594.43	45.733
2592.93	45.5301
2591.42	45.0396
2589.92	44.3369
2588.42	43.5457
2586.91	42.7609
2585.4	42.1748
2583.9	41.9619
2582.39	42.0028
2580.89	42.4563
2579.38	43.0897
2577.87	44.1695
2576.36	45.4366
2574.86	46.9225
2573.35	48.6062
2571.84	50.0091
2570.33	50.8625
2568.82	50.9331
2567.31	50.2919
2565.8	49.0577
2564.29	47.2519
2562.78	44.8466
2561.27	42.2089
2559.75	39.7564
2558.24	37.7145
2556.73	36.5051
2555.22	36.0563
2553.7	36.6473
2552.19	38.1203
2550.68	40.354
2549.16	43.0278
2547.65	45.983
2546.13	49.0968
2544.61	52.13
2543.1	54.7529
2541.58	56.8868
2540.07	58.5088
2538.55	59.5547
2537.03	59.8835
2535.51	59.651
2533.99	58.9717
2532.48	57.8463
2530.96	56.2553
2529.44	54.4284
2527.92	52.413
2526.4	50.2045
2524.88	48.0282
2523.36	45.7765
2521.83	43.7164
2520.31	41.7903
2518.79	39.9602
2517.27	38.5424
2515.74	37.3427
2514.22	36.4088
2512.7	35.7769
2511.17	35.7348
2509.65	36.5067
2508.12	38.1876
2506.6	40.9073
2505.07	44.4542
2503.55	48.4125
2502.02	52.7442
2500.49	56.7902
2498.97	60.1361
2497.44	62.6947
2495.91	64.2459
2494.38	64.5873
2492.85	63.4317
2491.32	60.9983
2489.8	57.6068
2488.27	53.7634
2486.74	49.57
2485.2	45.4629
2483.67	41.5728
2482.14	38.171
2480.61	35.3636
2479.08	33.2569
2477.55	31.6734
2476.01	30.5287
2474.48	29.9116
2472.95	29.2584
2471.41	28.5297
2469.88	27.8283
2468.34	27.0782
2466.81	25.7638
2465.27	23.9701
2463.74	21.5254
2462.2	18.8366
2460.66	15.8432
2459.12	12.8169
2457.59	10.0636
2456.05	7.78264
2454.51	6.13364
2452.97	5.29452
2451.43	5.23143
2449.89	5.82799
2448.35	6.85229
2446.81	8.06099
2445.27	9.14392
2443.73	9.70825
2442.19	9.66658
2440.65	9.19206
2439.11	8.36356
2437.56	7.17953
2436.02	5.65362
2434.48	3.90884
2432.93	2.13595
2431.39	0.514815
2429.84	-0.400354
2428.3	-0.77268
2426.75	-0.13946
2425.21	1.65037
2423.66	4.52484
2422.12	8.026
2420.57	12.1273
2419.02	16.6696
2417.47	21.6367
2415.93	26.3398
2414.38	30.4686
2412.83	33.7107
2411.28	36.1011
2409.73	37.2804
2408.18	37.5824
2406.63	37.055
2405.08	35.7411
2403.53	33.8788
2401.98	31.9756
2400.42	30.1718
2398.87	28.6353
2397.32	27.9249
2395.77	27.6503
2394.21	27.7853
2392.66	28.453
2391.1	29.4954
2389.55	30.5007
2387.99	31.6292
2386.44	32.1143
2384.88	32.2762
2383.33	31.5322
2381.77	30.0031
2380.21	27.6969
2378.66	24.6925
2377.1	21.1878
2375.54	17.4341
2373.98	13.6729
2372.42	10.3074
2370.86	7.70402
2369.3	6.10226
2367.74	5.48209
2366.18	5.86505
2364.62	7.19552
2363.06	9.00345
2361.5	11.0711
2359.94	13.2567
2358.37	15.4139
2356.81	17.0942
2355.25	18.131
2353.68	18.5369
2352.12	18.7173
2350.56	18.0219
2348.99	16.9255
2347.43	15.643
2345.86	14.3721
2344.29	13.333
2342.73	12.8215
2341.16	12.9198
2339.59	14.0179
2338.03	15.955
2336.46	18.6414
2334.89	21.712
2333.32	24.7852
2331.75	27.3556
2330.18	29.4749
2328.61	31.0151
2327.04	31.5858
2325.47	31.1676
2323.9	29.938
2322.33	27.9787
2320.76	25.3179
2319.18	22.8549
2317.61	20.5977
2316.04	18.9265
2314.47	18.0615
2312.89	18.0115
2311.32	18.6916
2309.74	20.2913
2308.17	22.3181
2306.59	25.0083
2305.02	27.8234
2303.44	30.6086
2301.86	33.0774
2300.29	34.6616
2298.71	35.6743
2297.13	36.1433
2295.55	35.7818
2293.97	34.9623
2292.4	33.8938
2290.82	32.5269
2289.24	30.7968
2287.66	29.022
2286.08	27.5053
2284.49	26.0036
2282.91	24.6996
2281.33	23.6403
2279.75	23.027
2278.17	22.4378
2276.58	21.6064
2275	20.5783
2273.42	19.6564
2271.83	18.5661
2270.25	17.3931
2268.66	16.3567
2267.08	15.2109
2265.49	14.2663
2263.91	13.4639
2262.32	12.6915
2260.73	12.2347
2259.14	12.2255
2257.56	12.8971
2255.97	14.1401
2254.38	15.4911
2252.79	16.9103
2251.2	18.6744
2249.61	20.6585
2248.02	22.8147
2246.43	25.2241
2244.84	27.9421
2243.25	30.7765
2241.66	33.5067
2240.07	36.2963
2238.47	38.5789
2236.88	40.3283
2235.29	41.3859
2233.69	41.6383
2232.1	40.8788
2230.5	39.1065
2228.91	36.1877
2227.31	32.5605
2225.72	28.4658
2224.12	24.5295
2222.53	21.1097
2220.93	17.9683
2219.33	15.6906
2217.73	14.3587
2216.14	13.555
2214.54	13.5216
2212.94	14.2843
2211.34	15.5944
2209.74	17.1455
2208.14	19.0384
2206.54	21.1525
2204.94	23.0577
2203.34	24.7124
2201.74	25.6507
2200.13	26.0517
2198.53	25.9683
2196.93	25.2945
2195.33	24.2095
2193.72	22.7998
2192.12	21.4267
2190.51	20.0186
2188.91	18.8655
2187.3	18.0383
2185.7	17.9271
2184.09	18.4738
2182.48	19.2217
2180.88	20.2181
2179.27	21.2359
2177.66	22.2263
2176.05	23.3775
2174.45	24.3272
2172.84	25.0239
2171.23	25.9516
2169.62	27.1424
2168.01	28.6524
2166.4	30.1876
2164.79	31.78
2163.18	33.0616
2161.56	34.1208
2159.95	34.8021
2158.34	34.8344
2156.73	34.5514
2155.11	33.9482
2153.5	33.3865
2151.89	32.8157
2150.27	32.799
2148.66	33.1668
2147.04	34.1825
2145.43	35.5687
2143.81	37.4084
2142.19	39.4233
2140.58	41.3728
2138.96	43.1092
2137.34	44.514
2135.72	45.2252
2134.1	45.2824
2132.48	44.5525
2130.86	42.8933
2129.25	40.0626
2127.63	36.4227
2126	32.1827
2124.38	27.7117
2122.76	23.4665
2121.14	19.637
2119.52	16.3762
2117.9	14.1265
2116.27	13.0396
2114.65	13.1071
2113.03	14.1262
2111.4	16.4355
2109.78	19.4688
2108.15	22.7702
2106.53	25.7379
2104.9	27.888
2103.27	28.8292
2101.65	28.0152
2100.02	25.6953
2098.39	21.8847
2096.77	16.8845
2095.14	11.5676
2093.51	6.35595
2091.88	1.27648
2090.25	-3.0353
2088.62	-6.06374
2086.99	-7.79433
2085.36	-8.30687
2083.73	-7.6503
2082.1	-5.77008
2080.46	-2.72035
2078.83	1.00811
2077.2	5.15208
2075.57	9.6439
2073.93	14.0513
2072.3	18.0422
2070.66	20.9385
2069.03	23.0952
2067.4	24.0804
2065.76	24.412
2064.12	23.8782
2062.49	22.7118
2060.85	21.2656
2059.21	19.8726
2057.58	18.4601
2055.94	17.3619
2054.3	16.3881
2052.66	15.9205
2051.02	15.8561
2049.38	16.1052
2047.74	16.4587
2046.1	16.8054
2044.46	16.6744
2042.82	16.056
2041.18	14.8873
2039.53	13.6021
2037.89	12.1768
2036.25	10.8015
2034.61	10.0086
2032.96	9.514
2031.32	9.0608
2029.67	8.80451
2028.03	8.43583
2026.38	8.02268
2024.74	7.54267
2023.09	6.98575
2021.44	6.57741
2019.8	6.43391
2018.15	6.29297
2016.5	6.23841
2014.85	6.21121
2013.21	6.13527
2011.56	5.90649
2009.91	5.41244
2008.26	4.99422
2006.61	5.09464
2004.96	5.51169
2003.3	6.72319
2001.65	7.98843
2000	9.70522
1998.35	11.5837
1996.7	13.4507
1995.04	15.4526
1993.39	17.4726
1991.74	19.7476
1990.08	22.0105
1988.43	24.1483
1986.77	26.0714
1985.12	27.811
1983.46	29.6615
1981.8	31.4136
1980.15	32.8745
1978.49	34.3928
1976.83	36.0677
1975.17	37.6354
1973.51	39.293
1971.86	40.3471
1970.2	40.8042
1968.54	40.6545
1966.88	39.8105
1965.22	38.5901
1963.55	37.2043
1961.89	35.4421
1960.23	33.3837
1958.57	30.7925
1956.91	27.9833
1955.24	25.0079
1953.58	21.8192
1951.92	18.9253
1950.25	16.3992
1948.59	14.2144
1946.92	12.661
1945.26	11.2204
1943.59	10.2182
1941.92	9.45827
1940.26	8.79293
1938.59	8.21917
1936.92	8.07851
1935.25	7.89805
1933.59	8.11656
1931.92	9.29827
1930.25	11.2618
1928.58	13.77
1926.91	16.9844
1925.24	20.5278
1923.57	24.3184
1921.9	28.0675
1920.22	32.4268
1918.55	36.5984
1916.88	40.7272
1915.21	44.4465
1913.53	47.3049
1911.86	49.3005
1910.18	50.0629
1908.51	49.7286
1906.83	48.021
1905.16	45.1511
1903.48	40.8793
1901.81	35.9691
1900.13	30.4239
1898.45	24.5227
1896.78	18.5965
1895.1	13.0182
1893.42	8.11961
1891.74	4.08291
1890.06	1.53638
1888.38	0.285498
1886.7	0.0137655
1885.02	0.729413
1883.34	1.95437
1881.66	3.69162
1879.98	5.81827
1878.3	8.17408
1876.61	10.7954
1874.93	13.2328
1873.25	15.5956
1871.56	17.6107
1869.88	19.4012
1868.19	20.5282
1866.51	21.3401
1864.82	21.7766
1863.14	22.1767
1861.45	21.8365
1859.76	21.4678
1858.08	20.9373
1856.39	20.6377
1854.7	20.3973
1853.01	20.8002
1851.32	21.4132
1849.63	21.8498
1847.95	22.465
1846.25	22.7663
1844.56	22.8268
1842.87	23.057
1841.18	23.0124
1839.49	22.6618
1837.8	21.8404
1836.11	20.7942
1834.41	19.3254
1832.72	17.6991
1831.03	15.9125
1829.33	13.6158
1827.64	10.7036
1825.94	7.40304
1824.25	4.21317
1822.55	1.26564
1820.85	-1.10563
1819.16	-2.77915
1817.46	-2.90283
1815.76	-1.81253
1814.06	0.189676
1812.36	3.43723
1810.67	7.87101
1808.97	13.0279
1807.27	18.1186
1805.57	23.2854
1803.87	28.2262
1802.17	32.1994
1800.46	35.3645
1798.76	37.6214
1797.06	38.6493
1795.36	38.5257
1793.65	37.5113
1791.95	36.1611
1790.25	34.3757
1788.54	32.6349
1786.84	30.7281
1785.13	29.3216
1783.43	27.8542
1781.72	27.0603
1780.01	27.0931
1778.31	28.3048
1776.6	30.3412
1774.89	33.6289
1773.18	37.5206
1771.47	42.1213
1769.77	46.7335
1768.06	51.7077
1766.35	56.8714
1764.64	61.911
1762.92	66.8859
1761.21	71.3424
1759.5	75.6451
1757.79	79.9645
1756.08	83.9517
1754.36	87.4503
1752.65	89.9406
1750.94	90.9955
1749.22	90.3889
1747.51	88.5623
1745.79	85.7953
1744.08	82.258
1742.36	78.1592
1740.65	74.015
1738.93	70.4044
1737.21	67.8471
1735.49	66.3792
1733.78	66.475
1732.06	68.7868
1730.34	73.1458
1728.62	78.6674
1726.9	85.0383
1725.18	92.3895
1723.46	99.7981
1721.74	106.329
1720.02	111.952
1718.3	116.179
1716.57	118.281
1714.85	118.625
1713.13	117.848
1711.41	115.644
1709.68	112.373
1707.96	108.442
1706.23	104.71
1704.51	101.31
1702.78	98.9212
1701.05	97.6329
1699.33	98.1649
1697.6	100.085
1695.87	103.649
1694.15	108.14
1692.42	113.201
1690.69	118.296
1688.96	123.126
1687.23	127.258
1685.5	130.68
1683.77	133.022
1682.04	134.402
1680.31	135.118
1678.58	135.399
1676.85	135.481
1675.11	135.405
1673.38	135.56
1671.65	136.146
1669.91	137.304
1668.18	139.266
1666.44	141.727
1664.71	144.541
1662.97	147.389
1661.24	150.436
1659.5	153.357
1657.76	155.973
1656.03	158.741
1654.29	161.575
1652.55	164.671
1650.81	168.14
1649.07	171.781
1647.33	175.434
1645.59	179.357
1643.85	183.662
1642.11	188.078
1640.37	192.278
1638.63	196.659
1636.89	200.959
1635.15	205.224
1633.4	209.953
1631.66	214.885
1629.92	219.665
1628.17	224.465
1626.43	229.581
1624.68	234.911
1622.94	240.313
1621.19	246.089
1619.45	252.651
1617.7	259.848
1615.95	267.36
1614.21	274.954
1612.46	283.076
1610.71	291.32
1608.96	300.196
1607.21	309.164
1605.46	317.931
1603.71	326.293
1601.96	333.599
1600.21	339.869
1598.46	345.418
1596.71	350.27
1594.95	354.357
1593.2	357.98
1591.45	360.829
1589.7	362.883
1587.94	364.03
1586.19	364.108
1584.43	363.148
1582.68	361.234
1580.92	358.519
1579.16	355.226
1577.41	351.727
1575.65	348.459
1573.89	346.098
1572.13	344.361
1570.38	343.147
1568.62	342.907
1566.86	343.209
1565.1	344.164
1563.34	345.4
1561.58	347.388
1559.82	349.156
1558.06	350.698
1556.29	351.497
1554.53	351.886
1552.77	351.73
1551.01	350.996
1549.24	349.739
1547.48	347.974
1545.71	346.586
1543.95	345.61
1542.18	344.865
1540.42	344.94
1538.65	345.566
1536.89	347.271
1535.12	349.213
1533.35	352.301
1531.58	356.573
1529.82	362.434
1528.05	368.978
1526.28	376.028
1524.51	383.802
1522.74	391.696
1520.97	400.21
1519.2	409.44
1517.42	420.154
1515.65	432.748
1513.88	447.459
1512.11	463.806
1510.33	482.208
1508.56	502.162
1506.79	522.997
1505.01	544.347
1503.24	565.613
1501.46	586.329
1499.69	605.729
1497.91	622.736
1496.13	637.03
1494.36	647.969
1492.58	654.955
1490.8	657.924
1489.02	656.751
1487.24	651.94
1485.46	644.462
1483.68	634.805
1481.9	624
1480.12	612.999
1478.34	602.483
1476.56	593.537
1474.78	586.601
1473	583.112
1471.21	583.328
1469.43	587.798
1467.65	596.009
1465.86	607.9
1464.08	622.978
1462.29	640.499
1460.51	659.626
1458.72	679.508
1456.93	699.797
1455.15	719.612
1453.36	738.048
1451.57	755.049
1449.79	769.452
1448	781.294
1446.21	788.707
1444.42	791.753
1442.63	790.058
1440.84	784.126
1439.05	773.427
1437.26	758.536
1435.46	740.965
1433.67	721.432
1431.88	700.926
1430.09	680.354
1428.29	660.899
1426.5	642.924
1424.71	627.737
1422.91	615.013
1421.12	605.507
1419.32	599.373
1417.52	595.86
1415.73	594.052
1413.93	593.552
1412.13	594.128
1410.34	595.968
1408.54	599.131
1406.74	604.884
1404.94	614.441
1403.14	629.489
1401.34	652.134
1399.54	684.387
1397.74	728.383
1395.94	786.06
1394.14	858.398
1392.33	945.806
1390.53	1046.98
1388.73	1159.61
1386.92	1280.23
1385.12	1404.14
1383.32	1525.6
1381.51	1638.88
1379.7	1738.55
1377.9	1819.43
1376.09	1877.47
1374.29	1910.2
1372.48	1916.09
1370.67	1895.11
1368.86	1849.27
1367.05	1781.88
1365.25	1696.87
1363.44	1598.78
1361.63	1492.76
1359.82	1383.7
1358.01	1276.98
1356.19	1175.44
1354.38	1082.31
1352.57	999.738
1350.76	929.133
1348.95	869.832
1347.13	820.766
1345.32	781.105
1343.5	748.89
1341.69	722.325
1339.87	700.196
1338.06	681.028
1336.24	663.659
1334.43	647.414
1332.61	631.535
1330.79	616.016
1328.97	601.413
1327.16	587.571
1325.34	574.687
1323.52	562.952
1321.7	552.027
1319.88	542.02
1318.06	532.6
1316.24	523.955
1314.41	515.959
1312.59	508.808
1310.77	502.512
1308.95	497.112
1307.12	492.548
1305.3	489.164
1303.48	487.242
1301.65	487.099
1299.83	488.614
1298	491.662
1296.18	496.335
1294.35	502.787
1292.52	510.285
1290.69	518.406
1288.87	526.522
1287.04	533.4
1285.21	537.958
1283.38	540.024
1281.55	538.528
1279.72	532.911
1277.89	522.882
1276.06	509.078
1274.23	492.152
1272.4	473.07
1270.57	452.549
1268.73	432.192
1266.9	413.403
1265.07	396.308
1263.23	382.331
1261.4	371.998
1259.56	365.976
1257.73	364.287
1255.89	366.452
1254.06	372.053
1252.22	380.283
1250.38	389.934
1248.54	400.106
1246.71	409.564
1244.87	417.527
1243.03	422.531
1241.19	424.175
1239.35	422.442
1237.51	417.36
1235.67	409.044
1233.83	398.351
1231.98	386.579
1230.14	374.311
1228.3	362.592
1226.46	351.91
1224.61	342.469
1222.77	334.569
1220.92	328.279
1219.08	323.237
1217.23	319.023
1215.39	314.807
1213.54	310.46
1211.7	305.745
1209.85	300.692
1208	295.192
1206.15	289.06
1204.3	282.493
1202.45	275.925
1200.61	269.409
1198.76	263.362
1196.91	258.155
1195.05	253.946
1193.2	250.186
1191.35	247.729
1189.5	246.132
1187.65	245.652
1185.79	245.666
1183.94	245.941
1182.09	245.978
1180.23	245.829
1178.38	245.372
1176.52	245.501
1174.67	246.769
1172.81	249.686
1170.95	255.543
1169.1	265.206
1167.24	280.052
1165.38	301.404
1163.52	329.396
1161.66	364.144
1159.8	405.291
1157.94	451.71
1156.08	501.956
1154.22	553.935
1152.36	605.557
1150.5	653.685
1148.64	695.948
1146.77	730.572
1144.91	755.517
1143.05	769.618
1141.18	771.846
1139.32	762.693
1137.45	742.336
1135.59	712.336
1133.72	674.368
1131.86	629.783
1129.99	581.487
1128.12	531.585
1126.25	482.072
1124.39	434.414
1122.52	389.581
1120.65	348.875
1118.78	312.476
1116.91	280.837
1115.04	253.872
1113.17	230.95
1111.3	211.218
1109.42	194.102
1107.55	178.704
1105.68	164.589
1103.81	151.577
1101.93	140.273
1100.06	129.92
1098.18	121.192
1096.31	113.737
1094.43	107.773
1092.56	103.205
1090.68	100.025
1088.8	97.6253
1086.93	95.6342
1085.05	93.4658
1083.17	90.836
1081.29	87.4654
1079.41	83.271
1077.53	77.9384
1075.65	71.5117
1073.77	64.6586
1071.89	57.8232
1070.01	51.3518
1068.13	45.6269
1066.24	40.6577
1064.36	37.0058
1062.48	34.9738
1060.59	34.5825
1058.71	36.3815
1056.83	40.0675
1054.94	45.1945
1053.05	51.7314
1051.17	59.2586
1049.28	67.5399
1047.39	75.6743
1045.51	83.5792
1043.62	90.3767
1041.73	95.8189
1039.84	99.4682
1037.95	100.487
1036.06	99.5251
1034.17	96.3632
1032.28	91.855
1030.39	86.1646
1028.5	79.6046
1026.61	72.6478
1024.71	64.8761
1022.82	56.3059
1020.93	47.3179
1019.03	38.6294
1017.14	30.1672
1015.24	22.662
1013.35	15.9486
1011.45	10.2255
1009.56	5.25145
1007.66	1.87703
1005.76	-0.229969
1003.86	-0.804132
1001.97	-0.177263
1000.07	1.18921
998.167	2.86018
996.268	4.76902
994.368	6.53461
992.466	7.8807
990.565	8.60343
988.664	9.17934
986.762	9.60274
984.86	10.1752
982.957	10.9887
981.053	12.1852
979.15	14.5037
977.245	18.0822
975.34	23.7275
973.435	31.9259
971.53	42.8899
969.624	57.054
967.717	74.7096
965.809	95.6108
963.902	119.764
961.994	146.805
960.086	175.42
958.177	204.154
956.267	232.283
954.357	258.473
952.447	281.221
950.536	299.465
948.625	312.181
946.713	318.814
944.8	318.966
942.888	312.576
940.974	299.987
939.061	281.352
937.147	257.991
935.233	230.924
933.317	201.911
931.402	172.215
929.485	142.95
927.569	115.001
925.652	89.2277
923.735	67.0242
921.817	48.1729
919.899	33.5548
917.98	22.5057
916.061	15.1999
914.141	10.5729
912.22	8.66439
910.3	8.83028
908.378	10.6164
906.456	13.4015
904.534	16.9656
902.612	21.2527
900.689	26.5591
898.766	33.0776
896.841	40.6399
894.916	49.4778
892.991	59.7673
891.066	70.9115
889.14	82.9938
887.214	95.5061
885.287	107.856
883.36	119.576
881.432	130.049
879.504	138.59
877.575	144.759
875.646	148.175
873.716	148.305
871.786	145.449
869.855	139.139
867.924	130.221
865.992	119.683
864.06	107.923
862.128	95.017
860.194	82.1665
858.261	69.8258
856.327	58.5201
854.393	48.6933
852.458	40.7169
850.522	34.666
848.586	30.6411
846.65	28.4491
844.714	27.8072
842.776	28.1136
840.838	28.8288
838.901	29.4325
836.961	29.8758
835.023	29.5065
833.082	28.0106
831.142	25.4252
829.202	22.1018
827.261	18.8008
825.319	15.5583
823.377	13.1235
821.434	11.0398
819.491	10.0539
817.548	9.69603
815.604	10.5338
813.66	12.6718
811.715	16.215
809.769	20.5359
807.823	25.5053
805.878	30.4887
803.93	34.8953
801.983	38.3816
800.035	39.9735
798.087	39.9459
796.139	38.2837
794.189	34.7112
792.24	29.6069
790.289	23.3532
788.339	16.7132
786.387	10.2137
784.436	4.91034
782.484	0.824061
780.532	-1.07402
778.578	-0.456194
776.624	2.63558
774.671	8.2826
772.716	15.5616
770.762	24.1059
768.806	33.1988
766.85	42.3021
764.893	50.6823
762.937	58.0938
760.979	64.1187
759.022	68.6786
757.064	72.1094
755.105	74.2275
753.145	75.0281
751.185	74.8337
749.226	73.591
747.264	71.6597
745.303	69.0727
743.341	66.4718
741.38	64.3281
739.417	63.3173
737.454	63.4234
735.49	64.4466
733.526	66.0402
731.562	68.5745
729.596	71.7243
727.631	75.376
725.665	79.6802
723.699	84.2221
721.732	89.4664
719.764	94.7997
717.797	100.28
715.828	105.501
713.859	110.549
711.889	115.096
709.919	119.51
707.949	123.428
705.978	126.907
704.007	130.22
702.035	132.71
700.063	134.618
698.091	136.162
696.117	137.603
694.143	139.133
692.169	140.698
690.194	142.779
688.219	145.544
686.244	149.112
684.267	152.655
682.291	156.582
680.314	160.81
678.336	165.288
676.358	169.932
674.379	175.487
672.4	181.703
670.421	188.759
668.441	196.873
666.46	205.776
664.479	215.293
662.497	225.148
660.516	235.116
658.533	245.614
656.55	256.084
654.567	266.485
652.583	276.522
650.598	285.599
648.614	292.92
646.628	297.845
644.643	300.475
642.656	301.015
640.669	300.601
638.682	300.177
636.694	300.536
634.706	302.193
632.717	306.625
630.728	313.54
628.738	322.867
626.748	333.98
624.757	346.094
622.766	358.698
620.774	370.497
618.782	380.388
616.789	387.124
614.796	390.627
612.802	390.836
610.808	388.128
608.814	383.56
606.818	379.155
604.822	376.886
602.827	379.006
600.83	388.119
598.833	405.876
596.836	434.718
594.838	476.585
592.839	532.014
590.84	601.952
588.841	686.181
586.84	783.722
584.84	891.834
582.838	1007.65
580.838	1127.23
578.835	1246.34
576.833	1359.78
574.83	1464.38
572.827	1556.08
570.822	1632.84
568.818	1693.39
566.813	1736.57
564.808	1761.91
562.802	1769.65
560.795	1759.75
558.788	1733.03
556.781	1690.41
554.773	1634.19
552.765	1566.62
550.756	1490.36
548.747	1408.25
546.737	1323.55
544.726	1238.99
542.716	1156.81
540.704	1079.55
538.692	1009.07
536.68	946.244
534.667	891.685
532.654	846.096
530.64	808.609
528.626	778.763
526.611	755.347
524.596	737.168
522.58	723.789
520.564	714.179
518.547	707.326
516.529	702.517
514.512	699.401
512.494	697.409
510.476	695.479
508.456	693.371
506.436	691.309
504.416	688.976
502.395	686.799
500.374	684.834
498.353	683.109
496.33	681.844
494.307	681.356
492.284	680.807
490.261	680.403
488.237	679.413
486.212	677.763
484.187	675.746
482.161	674.581
480.134	675.609
478.108	680.941
476.081	691.781
474.054	709.76
472.025	735.658
469.997	770.016
467.968	812.978
465.938	863.902
463.908	921.062
461.877	982.572
459.846	1045.85
457.814	1108.18
455.782	1166.3
453.75	1217.76
451.716	1259.65
449.683	1289.76
447.649	1306.34
445.614	1308.58
443.579	1296.17
441.543	1269.65
439.508	1230.88
437.47	1182.22
435.433	1126.07
433.396	1065.65
431.358	1004.29
429.319	944.672
427.28	889.972
425.241	842.478
423.201	803.225
421.16	773.421
419.118	752.521
417.077	739.534
415.035	733.526
412.993	732.327
410.949	734.458
408.905	738.145
406.862	741.622
404.816	744.333
402.771	745.67
400.727	745.895
398.68	744.396
396.633	741.954
394.586	739.165
392.539	737.238
390.491	737.244
388.442	740.86
386.393	748.202
384.344	759.073
382.293	773.554
380.242	790.819
378.192	809.645
376.14	828.932
374.088	846.855
372.035	861.161
369.982	870.709
367.928	874.253
365.874	870.994
363.82	861.302
361.765	845.637
359.709	824.333
357.653	798.806
355.596	770.412
353.539	740.463
351.481	709.968
349.423	679.925
347.364	651.562
345.305	625.959
343.245	603.525
341.185	584.058
339.125	567.57
337.063	553.828
335.001	542.755
332.94	533.94
330.876	527.084
328.813	522.132
326.749	518.036
324.685	514.445
322.621	510.988
320.555	506.238
318.489	499.895
316.423	491.257
314.356	480.36
312.29	467.234
310.221	451.089
308.153	432.571
306.084	411.356
304.015	387.412
301.946	361.614
299.875	334.08
297.804	306.767
295.733	280.256
293.661	255.042
291.588	231.717
289.516	210.323
287.443	191.839
285.369	176.379
283.295	163.085
281.22	150.859
279.144	139.365
277.068	127.267
274.992	114.126
272.915	100.305
270.837	85.9733
268.76	70.8908
266.681	56.471
264.602	43.4451
262.523	32.1992
260.443	23.4968
258.362	17.9506
256.282	14.8349
254.2	13.9253
252.118	14.5337
250.036	16.1519
247.952	17.1918
245.869	16.4858
243.784	13.3344
241.7	8.89584
239.616	3.85197
237.53	0.64902
235.443	3.15665
233.357	15.6769
231.27	43.669
229.182	92.7771
227.094	168.569
225.005	276.959
222.916	422.49
220.827	608.402
218.737	836.311
216.646	1104.16
214.555	1407.03
212.462	1737.99
210.37	2087.16
208.278	2442.16
206.185	2789.13
204.091	3115.95
201.997	3408.48
199.902	3655.04
197.807	3846.12
195.711	3973.51
193.615	4033.97
191.517	4026.84
189.42	3953.74
187.322	3819.45
185.224	3630.9
183.125	3398.44
181.025	3132.4
178.926	2844.62
176.825	2546.96
174.724	2251.03
172.623	1967.07
170.521	1704.06
168.418	1469.16
166.315	1267.67
164.212	1102.9
162.108	976.805
160.003	890.03
157.898	842.044
155.793	831.6
153.686	856.96
151.58	913.354
149.473	996.381
147.365	1094.04
145.257	1204.81
143.148	1322.92
141.039	1442.47
138.929	1557.46
136.819	1663.12
134.709	1753.54
132.597	1825
130.485	1875.24
128.373	1903.85
126.26	1912.55
124.147	1904.57
122.033	1884.89
119.919	1859.97
117.804	1836.55
115.688	1822.39
113.573	1823.61
111.456	1844.83
109.339	1886.48
107.222	1942.77
105.103	2003.73
102.985	2054.7
100.866	2083.56
98.7467	2095.95
96.6262	2128.51
