3502.52	-14.2526
3501.25	9.07393
3499.98	2.49257
3498.71	1.78734
3497.44	-1.91958
3496.17	4.51991
3494.9	5.72144
3493.62	-1.25994
3492.35	-5.43368
3491.08	-6.03033
3489.8	-5.32149
3488.53	0.70981
3487.26	9.67076
3485.98	17.5061
3484.71	20.7096
3483.43	14.664
3482.16	7.70286
3480.88	6.36572
3479.6	11.5836
3478.33	17.7506
3477.05	16.0843
3475.77	14.7924
3474.5	14.5971
3473.22	10.2152
3471.94	6.23452
3470.66	2.24678
3469.38	-4.38082
3468.1	-4.31164
3466.82	-3.50579
3465.54	0.973906
3464.26	6.66483
3462.98	13.0515
3461.7	14.6591
3460.42	9.56578
3459.14	4.18607
3457.86	2.04774
3456.57	4.61981
3455.29	12.1769
3454.01	18.0696
3452.73	17.1865
3451.44	13.1344
3450.16	8.94538
3448.87	14.0122
3447.59	13.35
3446.3	14.4491
3445.02	18.0018
3443.73	13.8573
3442.45	14.9873
3441.16	17.046
3439.88	15.0372
3438.59	15.4845
3437.3	20.2393
3436.01	22.5473
3434.73	14.3747
3433.44	11.1833
3432.15	9.04486
3430.86	6.28641
3429.57	6.27462
3428.28	12.6153
3426.99	13.3122
3425.7	13.0032
3424.41	7.34371
3423.12	2.94074
3421.83	4.99338
3420.54	1.84033
3419.24	6.00384
3417.95	6.84793
3416.66	5.21391
3415.37	7.71991
3414.07	7.69857
3412.78	14.4438
3411.48	19.5775
3410.19	24.631
3408.9	24.6549
3407.6	13.2151
3406.31	14.3742
3405.01	19.878
3403.72	16.0061
3402.42	11.8181
3401.12	10.8998
3399.82	9.51196
3398.53	12.8951
3397.23	12.9303
3395.93	9.13076
3394.63	8.91119
3393.33	11.2958
3392.04	12.0928
3390.74	12.3367
3389.44	18.4689
3388.14	24.1526
3386.84	25.9526
3385.53	22.4704
3384.23	9.00915
3382.93	8.59886
3381.63	7.17789
3380.33	5.21239
3379.03	6.35489
3377.72	12.1558
3376.42	7.08988
3375.12	2.42748
3373.81	2.2783
3372.51	6.12331
3371.2	15.9445
3369.9	24.4499
3368.59	24.1497
3367.29	24.1464
3365.98	17.267
3364.68	4.62952
3363.37	2.50749
3362.06	8.82087
3360.76	18.3794
3359.45	21.9033
3358.14	17.0985
3356.83	10.3264
3355.52	3.25637
3354.22	6.67551
3352.91	5.11469
3351.6	12.3688
3350.29	14.2776
3348.98	14.7663
3347.67	11.893
3346.36	10.2819
3345.04	7.9844
3343.73	17.6887
3342.42	21.5893
3341.11	21.4355
3339.8	16.9851
3338.48	11.0384
3337.17	8.82539
3335.86	3.35088
3334.54	5.42272
3333.23	5.38356
3331.91	0.0921208
3330.6	0.100947
3329.28	-4.20388
3327.97	-3.99501
3326.65	-4.3995
3325.34	2.11611
3324.02	10.2006
3322.7	16.3673
3321.38	16.8105
3320.07	17.0372
3318.75	8.84393
3317.43	11.344
3316.11	13.2859
3314.79	14.2444
3313.47	14.2368
3312.15	10.8287
3310.83	11.3924
3309.51	6.50221
3308.19	-6.87369
3306.87	-12.8381
3305.55	-10.605
3304.23	-6.78168
3302.9	2.53497
3301.58	3.97393
3300.26	5.07605
3298.94	6.66561
3297.61	12.3863
3296.29	15.1112
3294.96	4.46339
3293.64	1.68841
3292.31	3.73932
3290.99	7.08881
3289.66	9.88175
3288.34	8.3181
3287.01	6.70494
3285.68	8.09424
3284.36	8.19294
3283.03	3.80485
3281.7	6.51688
3280.37	7.12365
3279.05	13.5799
3277.72	17.3745
3276.39	16.1429
3275.06	16.3897
3273.73	13.9793
3272.4	13.8484
3271.07	13.111
3269.74	1.89477
3268.41	-3.29856
3267.08	-7.28161
3265.74	0.173127
3264.41	0.385364
3263.08	-1.55658
3261.75	-4.59765
3260.41	2.27671
3259.08	4.02379
3257.75	5.89414
3256.41	6.90693
3255.08	6.11777
3253.74	6.42319
3252.41	7.91618
3251.07	12.0502
3249.74	7.89838
3248.4	7.93158
3247.06	11.4637
3245.73	6.24471
3244.39	4.43584
3243.05	2.74164
3241.71	8.28717
3240.37	9.33329
3239.04	7.16099
3237.7	1.22477
3236.36	4.06995
3235.02	6.69995
3233.68	12.9048
3232.34	22.8906
3231	23.3778
3229.66	17.1699
3228.31	10.2261
3226.97	6.78525
3225.63	1.95285
3224.29	3.61134
3222.94	10.3618
3221.6	13.7717
3220.26	10.4543
3218.91	5.99051
3217.57	4.42968
3216.23	5.24532
3214.88	13.1583
3213.53	14.738
3212.19	18.4542
3210.84	13.0113
3209.5	6.52058
3208.15	4.65573
3206.8	6.1483
3205.46	8.83248
3204.11	16.294
3202.76	18.6647
3201.41	15.5884
3200.06	14.2586
3198.71	10.9214
3197.36	6.48877
3196.01	3.07826
3194.66	3.22513
3193.31	2.7326
3191.96	-1.14892
3190.61	-5.00428
3189.26	-3.46129
3187.91	7.85908
3186.56	8.20212
3185.2	10.231
3183.85	13.7615
3182.5	12.0689
3181.14	10.9242
3179.79	7.35226
3178.44	5.16016
3177.08	5.27338
3175.73	9.77553
3174.37	14.9544
3173.01	7.95973
3171.66	3.07274
3170.3	-3.59568
3168.95	2.44714
3167.59	5.15483
3166.23	-1.13714
3164.87	3.64482
3163.51	-2.36488
3162.16	1.29533
3160.8	12.9274
3159.44	19.6519
3158.08	16.8168
3156.72	17.2003
3155.36	7.817
3154	9.1172
3152.64	7.61498
3151.28	12.6622
3149.91	17.0897
3148.55	20.3157
3147.19	14.3138
3145.83	-1.77398
3144.46	-1.9403
3143.1	-2.72366
3141.74	6.75417
3140.37	15.9109
3139.01	2.89293
3137.64	3.79496
3136.28	2.9368
3134.91	3.91196
3133.55	7.03628
3132.18	10.5354
3130.81	6.45949
3129.45	8.32658
3128.08	1.96889
3126.71	-6.86601
3125.34	-9.54946
3123.98	1.06366
3122.61	9.49603
3121.24	8.91245
3119.87	-0.535369
3118.5	-9.66112
3117.13	-12.7628
3115.76	-13.9204
3114.39	-10.1211
3113.02	-2.68551
3111.64	2.44615
3110.27	3.25099
3108.9	7.46442
3107.53	8.21224
3106.15	13.771
3104.78	13.1171
3103.41	7.20687
3102.03	4.31353
3100.66	-1.95854
3099.29	-1.389
3097.91	5.0497
3096.53	3.80803
3095.16	7.31295
3093.78	8.41158
3092.41	1.89819
3091.03	0.953823
3089.65	2.4409
3088.27	1.41945
3086.9	6.44297
3085.52	4.12129
3084.14	5.68861
3082.76	4.66618
3081.38	11.8261
3080	11.0833
3078.62	12.9165
3077.24	17.7297
3075.86	15.6861
3074.48	15.1331
3073.1	13.0046
3071.72	5.32873
3070.33	-0.578165
3068.95	1.05034
3067.57	5.04778
3066.19	6.01909
3064.8	3.0344
3063.42	2.26668
3062.03	6.12541
3060.65	6.05455
3059.26	5.27945
3057.88	5.96158
3056.49	9.37997
3055.11	16.9007
3053.72	15.8834
3052.33	5.95353
3050.95	-5.64381
3049.56	-1.54876
3048.17	3.24567
3046.78	9.88091
3045.4	9.77508
3044.01	14.8182
3042.62	13.4456
3041.23	9.46278
3039.84	7.19611
3038.45	10.965
3037.06	14.1523
3035.67	21.0144
3034.28	27.0199
3032.88	24.6992
3031.49	16.503
3030.1	13.3502
3028.71	10.8738
3027.31	6.3814
3025.92	1.29407
3024.52	4.64163
3023.13	3.89259
3021.74	10.0469
3020.34	10.1022
3018.95	5.63033
3017.55	2.99799
3016.16	2.96937
3014.76	9.98666
3013.36	17.3463
3011.96	14.5386
3010.57	10.3393
3009.17	8.68641
3007.77	8.42064
3006.37	8.639
3004.97	7.81707
3003.57	19.3943
3002.17	27.0091
3000.77	29.7989
2999.37	29.4963
2997.97	29.5026
2996.57	28.0955
2995.17	27.5296
2993.77	27.4923
2992.37	31.3867
2990.97	29.0428
2989.56	32.8425
2988.16	33.1394
2986.76	32.9162
2985.35	27.7722
2983.95	25.4582
2982.54	26.3371
2981.14	24.3713
2979.73	16.4414
2978.33	19.1781
2976.92	23.1564
2975.51	27.0002
2974.11	28.3141
2972.7	31.2255
2971.29	27.1163
2969.89	32.6826
2968.48	34.0841
2967.07	38.0669
2965.66	38.4642
2964.25	45.5656
2962.84	50.6157
2961.43	56.3627
2960.02	49.8834
2958.61	48.4231
2957.2	51.2522
2955.79	47.0066
2954.38	44.3231
2952.96	46.419
2951.55	52.0053
2950.14	58.3728
2948.73	66.8248
2947.31	69.6257
2945.9	73.2209
2944.48	82.7943
2943.07	85.872
2941.65	84.1998
2940.24	90.9907
2938.82	94.3675
2937.41	97.4007
2935.99	97.2521
2934.57	94.4379
2933.16	103.444
2931.74	108.583
2930.32	109.231
2928.9	110.434
2927.48	109.051
2926.06	107.357
2924.64	104.263
2923.22	97.9931
2921.8	89.1644
2920.38	86.7936
2918.96	83.0405
2917.54	78.6727
2916.12	74.41
2914.7	77.5471
2913.28	77.3853
2911.85	77.1594
2910.43	66.2468
2909.01	58.3887
2907.58	54.3066
2906.16	62.749
2904.74	70.759
2903.31	75.4996
2901.88	71.0253
2900.46	65.8408
2899.03	56.6278
2897.61	43.3425
2896.18	41.6283
2894.75	42.8333
2893.33	45.2639
2891.9	53.0681
2890.47	53.1548
2889.04	48.1
2887.61	42.6622
2886.18	44.4777
2884.75	46.3255
2883.32	46.4607
2881.89	44.2173
2880.46	50.0722
2879.03	47.3281
2877.6	40.9134
2876.17	33.9527
2874.74	36.7413
2873.3	41.252
2871.87	43.3449
2870.44	48.2762
2869.01	44.2588
2867.57	31.0035
2866.14	24.9256
2864.7	27.432
2863.27	31.238
2861.83	39.3507
2860.4	51.2411
2858.96	52.6374
2857.52	46.467
2856.09	41.9924
2854.65	40.912
2853.21	42.67
2851.77	41.0291
2850.34	34.4729
2848.9	29.8958
2847.46	16.4779
2846.02	10.2375
2844.58	20.0807
2843.14	29.0977
2841.7	30.6892
2840.26	26.2635
2838.82	17.1715
2837.37	4.97517
2835.93	5.43248
2834.49	3.28315
2833.05	6.81905
2831.6	8.5632
2830.16	7.59198
2828.72	3.37811
2827.27	1.98631
2825.83	0.763177
2824.38	7.74406
2822.94	13.5501
2821.49	12.1434
2820.05	15.7515
2818.6	17.9076
2817.15	17.342
2815.71	17.2611
2814.26	15.2169
2812.81	13.273
2811.36	19.0992
2809.91	24.635
2808.47	27.0533
2807.02	24.9774
2805.57	19.487
2804.12	13.5539
2802.67	9.45972
2801.22	15.1943
2799.76	22.8817
2798.31	21.1856
2796.86	28.4785
2795.41	27.7383
2793.96	25.7158
2792.5	21.9498
2791.05	20.4489
2789.6	17.6286
2788.14	16.6778
2786.69	22.1423
2785.23	25.5966
2783.78	27.5765
2782.32	28.2171
2780.86	22.1685
2779.41	15.3796
2777.95	5.45809
2776.5	2.02848
2775.04	11.0641
2773.58	7.13525
2772.12	0.133786
2770.66	11.9811
2769.2	9.30116
2767.74	10.9325
2766.29	11.1441
2764.83	7.26208
2763.36	2.69281
2761.9	-5.19177
2760.44	-3.82354
2758.98	-2.63761
2757.52	7.63839
2756.06	15.9159
2754.59	14.2998
2753.13	9.99114
2751.67	1.68718
2750.2	-0.387475
2748.74	1.66079
2747.28	-0.336175
2745.81	9.54157
2744.35	18.1087
2742.88	15.8704
2741.41	9.19765
2739.95	4.26874
2738.48	1.59285
2737.01	7.05142
2735.55	7.72949
2734.08	11.1054
2732.61	10.8422
2731.14	13.1725
2729.67	10.7434
2728.2	5.1012
2726.73	8.19474
2725.26	9.56108
2723.79	14.74
2722.32	12.8808
2720.85	10.0161
2719.38	9.63888
2717.91	3.37314
2716.44	-2.50873
2714.96	-5.32297
2713.49	-1.1987
2712.02	5.04331
2710.54	14.0324
2709.07	19.5785
2707.59	18.111
2706.12	16.5617
2704.64	14.2579
2703.17	12.0857
2701.69	11.3373
2700.22	19.0803
2698.74	15.8907
2697.26	13.2418
2695.78	2.09658
2694.31	0.521738
2692.83	0.269269
2691.35	4.47376
2689.87	13.5151
2688.39	18.4793
2686.91	25.7352
2685.43	20.2965
2683.95	13.0636
2682.47	9.91583
2680.99	1.0575
2679.51	-6.49106
2678.03	-10.9287
2676.54	-13.2632
2675.06	-1.34099
2673.58	12.7488
2672.09	19.6372
2670.61	18.3601
2669.13	15.3897
2667.64	7.63425
2666.16	2.71834
2664.67	-3.33728
2663.18	-4.08299
2661.7	-2.70442
2660.21	6.08679
2658.72	11.4693
2657.24	13.2443
2655.75	17.4635
2654.26	13.2816
2652.77	3.75865
2651.28	-4.44967
2649.8	-18.0024
2648.31	-14.0354
2646.82	0.973903
2645.33	11.4616
2643.84	16.8023
2642.34	20.8525
2640.85	13.6127
2639.36	4.41863
2637.87	6.43869
2636.38	20.8002
2634.88	25.4446
2633.39	29.4878
2631.9	28.1751
2630.4	22.3246
2628.91	11.9362
2627.41	-0.955518
2625.92	-4.18248
2624.42	-0.320168
2622.93	0.855841
2621.43	10.2968
2619.93	19.1181
2618.44	12.7833
2616.94	12.8173
2615.44	5.68579
2613.94	4.51704
2612.44	-8.00924
2610.95	-2.77833
2609.45	7.73133
2607.95	17.9308
2606.45	21.3505
2604.95	17.3433
2603.44	21.6105
2601.94	17.5091
2600.44	19.0188
2598.94	20.6385
2597.44	18.3211
2595.93	16.1279
2594.43	14.4404
2592.93	11.6178
2591.42	6.12706
2589.92	2.48755
2588.42	-3.04633
2586.91	3.17912
2585.4	5.27378
2583.9	8.67851
2582.39	12.4323
2580.89	13.3703
2579.38	3.25672
2577.87	-0.666973
2576.36	-2.89451
2574.86	-0.352253
2573.35	11.8084
2571.84	15.5642
2570.33	13.8013
2568.82	10.4699
2567.31	5.0238
2565.8	4.59159
2564.29	11.4784
2562.78	19.3529
2561.27	26.8957
2559.75	26.6783
2558.24	22.6964
2556.73	18.6507
2555.22	6.8466
2553.7	4.90097
2552.19	2.65376
2550.68	6.26779
2549.16	7.92699
2547.65	10.472
2546.13	16.2703
2544.61	20.8914
2543.1	17.7105
2541.58	15.4514
2540.07	11.2318
2538.55	14.4841
2537.03	11.5531
2535.51	16.2912
2533.99	19.4078
2532.48	18.8102
2530.96	22.5433
2529.44	32.4495
2527.92	24.6119
2526.4	24.7602
2524.88	18.3648
2523.36	12.462
2521.83	12.6009
2520.31	7.66329
2518.79	9.23136
2517.27	11.0009
2515.74	15.995
2514.22	22.2169
2512.7	22.7228
2511.17	22.2282
2509.65	15.9019
2508.12	12.8134
2506.6	7.17032
2505.07	1.79078
2503.55	-1.1856
2502.02	7.71711
2500.49	9.69337
2498.97	16.235
2497.44	10.3128
2495.91	-0.0204257
2494.38	0.408267
2492.85	-0.100352
2491.32	3.25672
2489.8	4.59593
2488.27	16.4801
2486.74	20.1807
2485.2	19.8279
2483.67	17.3343
2482.14	14.2978
2480.61	9.36287
2479.08	8.41656
2477.55	11.25
2476.01	10.6255
2474.48	14.299
2472.95	18.749
2471.41	22.0861
2469.88	23.2268
2468.34	14.5356
2466.81	10.7755
2465.27	-0.114935
2463.74	-3.25086
2462.2	-7.90297
2460.66	1.48937
2459.12	3.03656
2457.59	11.9175
2456.05	14.1968
2454.51	11.4859
2452.97	11.5372
2451.43	7.20099
2449.89	15.8603
2448.35	22.0668
2446.81	27.9057
2445.27	28.2133
2443.73	19.8433
2442.19	8.47408
2440.65	-4.72794
2439.11	-2.65754
2437.56	1.1111
2436.02	8.51855
2434.48	13.8572
2432.93	13.8676
2431.39	8.23074
2429.84	8.18833
2428.3	3.36128
2426.75	6.13202
2425.21	14.921
2423.66	5.62916
2422.12	12.6381
2420.57	12.5223
2419.02	13.0401
2417.47	20.5052
2415.93	19.5169
2414.38	13.4582
2412.83	3.18544
2411.28	-0.507563
2409.73	-0.904242
2408.18	3.37506
2406.63	5.37115
2405.08	0.566744
2403.53	2.73235
2401.98	4.23127
2400.42	4.29132
2398.87	14.9908
2397.32	18.2195
2395.77	13.46
2394.21	16.169
2392.66	3.91889
2391.1	-6.42734
2389.55	-7.155
2387.99	-2.92632
2386.44	1.05346
2384.88	1.03392
2383.33	-1.34713
2381.77	1.32914
2380.21	4.57604
2378.66	5.91962
2377.1	5.91669
2375.54	8.13541
2373.98	9.39272
2372.42	11.4696
2370.86	20.1131
2369.3	17.3899
2367.74	20.0058
2366.18	18.3387
2364.62	12.2846
2363.06	3.19249
2361.5	-3.58299
2359.94	-1.7859
2358.37	2.3066
2356.81	7.29014
2355.25	5.01062
2353.68	6.68527
2352.12	8.7107
2350.56	8.74738
2348.99	6.47781
2347.43	4.0403
2345.86	1.45355
2344.29	7.52635
2342.73	23.8296
2341.16	25.5934
2339.59	24.6371
2338.03	20.574
2336.46	16.4387
2334.89	18.6239
2333.32	23.457
2331.75	33.7203
2330.18	37.4008
2328.61	31.3162
2327.04	22.4044
2325.47	13.8011
2323.9	10.3486
2322.33	9.35678
2320.76	22.0201
2319.18	26.1835
2317.61	26.5481
2316.04	19.7118
2314.47	14.9254
2312.89	10.2177
2311.32	12.8523
2309.74	13.8174
2308.17	10.4414
2306.59	5.55125
2305.02	7.4549
2303.44	7.36639
2301.86	-1.50415
2300.29	-6.0406
2298.71	1.55737
2297.13	10.1626
2295.55	17.1934
2293.97	21.8464
2292.4	21.8112
2290.82	21.4306
2289.24	25.7493
2287.66	18.3979
2286.08	12.6416
2284.49	3.04205
2282.91	2.08747
2281.33	6.60822
2279.75	11.4883
2278.17	14.1598
2276.58	12.7904
2275	15.8364
2273.42	19.0105
2271.83	26.7512
2270.25	28.9206
2268.66	24.3601
2267.08	20.9099
2265.49	17.6276
2263.91	15.939
2262.32	16.3645
2260.73	21.8271
2259.14	23.7088
2257.56	27.7732
2255.97	23.2413
2254.38	7.31689
2252.79	3.60014
2251.2	7.8749
2249.61	11.7888
2248.02	3.318
2246.43	1.39262
2244.84	4.44187
2243.25	11.181
2241.66	6.0519
2240.07	0.457644
2238.47	1.31596
2236.88	6.06973
2235.29	14.9708
2233.69	21.1484
2232.1	26.4349
2230.5	24.7894
2228.91	19.1012
2227.31	13.1974
2225.72	1.50817
2224.12	-0.580894
2222.53	0.517547
2220.93	1.47177
2219.33	-4.56657
2217.73	-7.15926
2216.14	-0.845364
2214.54	3.97197
2212.94	2.46403
2211.34	8.90273
2209.74	11.662
2208.14	11.9333
2206.54	13.1535
2204.94	17.5147
2203.34	22.9943
2201.74	24.7923
2200.13	20.2434
2198.53	15.1654
2196.93	12.6056
2195.33	7.53169
2193.72	5.39445
2192.12	3.06799
2190.51	1.12688
2188.91	4.93494
2187.3	13.16
2185.7	18.4585
2184.09	25.7609
2182.48	33.2705
2180.88	29.8703
2179.27	25.0022
2177.66	20.0549
2176.05	10.6767
2174.45	9.18731
2172.84	13.9611
2171.23	15.5795
2169.62	13.2226
2168.01	12.2269
2166.4	8.57528
2164.79	6.32288
2163.18	5.43014
2161.56	0.888314
2159.95	2.39027
2158.34	5.3497
2156.73	7.04888
2155.11	18.0621
2153.5	25.9361
2151.89	34.4481
2150.27	36.9553
2148.66	31.5402
2147.04	14.833
2145.43	7.46205
2143.81	2.91304
2142.19	3.53198
2140.58	14.2846
2138.96	20.7983
2137.34	17.8296
2135.72	17.593
2134.1	9.26541
2132.48	4.64879
2130.86	8.47692
2129.25	17.4312
2127.63	20.1016
2126	27.5446
2124.38	27.4781
2122.76	25.8721
2121.14	21.1342
2119.52	22.725
2117.9	28.3007
2116.27	34.1697
2114.65	25.0615
2113.03	19.9533
2111.4	20.1098
2109.78	19.0735
2108.15	16.6873
2106.53	14.4368
2104.9	9.40409
2103.27	13.3253
2101.65	14.7396
2100.02	19.2425
2098.39	18.7087
2096.77	21.4586
2095.14	24.7538
2093.51	20.3693
2091.88	12.8473
2090.25	11.3921
2088.62	13.7882
2086.99	20.1806
2085.36	13.2509
2083.73	6.6741
2082.1	0.536433
2080.46	-6.90146
2078.83	-2.77025
2077.2	5.52981
2075.57	10.1091
2073.93	15.7992
2072.3	18.5033
2070.66	25.4891
2069.03	20.525
2067.4	20.9556
2065.76	18.5686
2064.12	13.6477
2062.49	8.91947
2060.85	0.832596
2059.21	-0.697477
2057.58	0.737774
2055.94	8.57989
2054.3	14.8329
2052.66	17.3903
2051.02	15.1068
2049.38	18.7596
2047.74	27.1381
2046.1	22.9559
2044.46	18.318
2042.82	6.90167
2041.18	1.10074
2039.53	-2.12595
2037.89	4.49219
2036.25	14.6778
2034.61	20.2885
2032.96	20.8927
2031.32	14.6435
2029.67	6.20114
2028.03	2.24317
2026.38	8.2509
2024.74	11.5317
2023.09	21.1082
2021.44	15.0854
2019.8	9.3186
2018.15	14.5428
2016.5	15.5005
2014.85	16.6851
2013.21	5.889
2011.56	-1.57942
2009.91	-11.0829
2008.26	-9.6111
2006.61	1.29246
2004.96	7.5963
2003.3	14.9594
2001.65	13.3598
2000	2.55298
1998.35	0.332844
1996.7	-3.08669
1995.04	1.77703
1993.39	12.9495
1991.74	13.4869
1990.08	10.4203
1988.43	7.77371
1986.77	4.70221
1985.12	6.02943
1983.46	11.2454
1981.8	19.2748
1980.15	19.6417
1978.49	22.4612
1976.83	17.3835
1975.17	22.5777
1973.51	20.8687
1971.86	14.8011
1970.2	10.5146
1968.54	8.31996
1966.88	3.42308
1965.22	-0.996862
1963.55	-2.40772
1961.89	-0.544151
1960.23	4.48132
1958.57	17.0718
1956.91	27.4436
1955.24	27.3109
1953.58	21.95
1951.92	9.20453
1950.25	1.16911
1948.59	-3.71241
1946.92	-2.68298
1945.26	6.79725
1943.59	16.8511
1941.92	26.167
1940.26	28.2992
1938.59	24.3817
1936.92	20.6738
1935.25	17.1162
1933.59	8.6606
1931.92	-3.86726
1930.25	-12.7722
1928.58	-7.33453
1926.91	-3.3316
1925.24	7.84144
1923.57	17.276
1921.9	12.0423
1920.22	18.5174
1918.55	13.0298
1916.88	7.5976
1915.21	2.75298
1913.53	7.27284
1911.86	10.2868
1910.18	14.6109
1908.51	14.9842
1906.83	10.759
1905.16	15.9707
1903.48	24.3494
1901.81	26.8178
1900.13	31.5685
1898.45	29.9327
1896.78	16.3747
1895.1	11.2527
1893.42	5.86237
1891.74	-2.07241
1890.06	6.40865
1888.38	11.4991
1886.7	16.4256
1885.02	16.0635
1883.34	10.7716
1881.66	10.6108
1879.98	18.4758
1878.3	20.8538
1876.61	17.7729
1874.93	15.1706
1873.25	14.3752
1871.56	11.4318
1869.88	17.0456
1868.19	24.3843
1866.51	27.2576
1864.82	29.5507
1863.14	27.8006
1861.45	14.5055
1859.76	1.64442
1858.08	-1.67041
1856.39	1.87262
1854.7	10.022
1853.01	20.9523
1851.32	16.5442
1849.63	10.8287
1847.95	1.17747
1846.25	2.12414
1844.56	4.42064
1842.87	10.4891
1841.18	12.642
1839.49	11.1588
1837.8	18.1553
1836.11	15.4664
1834.41	21.3924
1832.72	22.9072
1831.03	21.5562
1829.33	13.114
1827.64	3.34146
1825.94	-3.63804
1824.25	0.352825
1822.55	17.7652
1820.85	24.2335
1819.16	28.8593
1817.46	18.4115
1815.76	16.9981
1814.06	15.7338
1812.36	12.4287
1810.67	13.403
1808.97	10.282
1807.27	7.80206
1805.57	1.71842
1803.87	-1.90375
1802.17	-0.730766
1800.46	2.40015
1798.76	7.85032
1797.06	12.5166
1795.36	13.2169
1793.65	2.82483
1791.95	-2.5927
1790.25	6.62413
1788.54	11.5212
1786.84	10.7256
1785.13	12.7522
1783.43	12.3249
1781.72	8.63315
1780.01	9.51166
1778.31	13.9101
1776.6	18.3717
1774.89	22.4795
1773.18	29.934
1771.47	36.563
1769.77	34.2945
1768.06	30.1664
1766.35	27.3542
1764.64	30.576
1762.92	22.9031
1761.21	21.0123
1759.5	24.0618
1757.79	26.699
1756.08	31.9774
1754.36	36.6268
1752.65	40.4246
1750.94	39.5207
1749.22	42.3245
1747.51	46.2269
1745.79	48.5155
1744.08	46.1896
1742.36	44.1514
1740.65	44.2525
1738.93	46.6503
1737.21	50.5638
1735.49	51.7802
1733.78	53.9018
1732.06	47.7422
1730.34	46.2907
1728.62	40.8882
1726.9	40.9321
1725.18	36.6287
1723.46	44.1491
1721.74	52.8946
1720.02	59.8789
1718.3	60.4924
1716.57	54.6197
1714.85	56.0855
1713.13	54.806
1711.41	51.2794
1709.68	45.1948
1707.96	38.9563
1706.23	38.4223
1704.51	39.5338
1702.78	44.0271
1701.05	39.4287
1699.33	43.7049
1697.6	44.0927
1695.87	52.6978
1694.15	48.5974
1692.42	56.7453
1690.69	62.136
1688.96	75.4947
1687.23	79.7197
1685.5	82.1044
1683.77	77.6909
1682.04	65.7725
1680.31	61.0969
1678.58	51.843
1676.85	49.2519
1675.11	54.104
1673.38	67.9138
1671.65	84.8329
1669.91	92.4195
1668.18	97.1937
1666.44	92.9076
1664.71	97.8037
1662.97	93.1162
1661.24	90.9215
1659.5	91.32
1657.76	92.5175
1656.03	98.7551
1654.29	105.675
1652.55	103.364
1650.81	103.257
1649.07	106.861
1647.33	105.34
1645.59	102.636
1643.85	102.049
1642.11	98.0063
1640.37	97.8176
1638.63	93.8297
1636.89	88.4293
1635.15	87.5471
1633.4	99.9789
1631.66	117.273
1629.92	123.377
1628.17	129.253
1626.43	126.359
1624.68	132.455
1622.94	130.884
1621.19	118.318
1619.45	117.132
1617.7	113.226
1615.95	124.338
1614.21	133.88
1612.46	139.083
1610.71	137.727
1608.96	132.716
1607.21	133.292
1605.46	131.405
1603.71	135.212
1601.96	144.262
1600.21	159.193
1598.46	161.676
1596.71	162.756
1594.95	159.011
1593.2	165.817
1591.45	168.989
1589.7	168.758
1587.94	168.351
1586.19	155.128
1584.43	154.689
1582.68	152.811
1580.92	158.747
1579.16	167.682
1577.41	175.911
1575.65	175.261
1573.89	176.04
1572.13	174.351
1570.38	166.158
1568.62	164.44
1566.86	163.375
1565.1	168.673
1563.34	171.954
1561.58	178.723
1559.82	183.653
1558.06	182.464
1556.29	186.155
1554.53	184.916
1552.77	182.457
1551.01	175.672
1549.24	172.322
1547.48	170.52
1545.71	172.279
1543.95	165.041
1542.18	163.587
1540.42	163.756
1538.65	172.669
1536.89	192.97
1535.12	207.108
1533.35	220.03
1531.58	221.498
1529.82	231.139
1528.05	240.599
1526.28	242.792
1524.51	256.28
1522.74	271.409
1520.97	284.486
1519.2	297.679
1517.42	304.89
1515.65	321.32
1513.88	346.858
1512.11	367.319
1510.33	380.362
1508.56	385.178
1506.79	384.776
1505.01	388.785
1503.24	385.911
1501.46	390.008
1499.69	379.558
1497.91	377.463
1496.13	367.959
1494.36	355.164
1492.58	348.645
1490.8	342.655
1489.02	338.466
1487.24	338.763
1485.46	334.209
1483.68	328.963
1481.9	317.244
1480.12	307.745
1478.34	302.049
1476.56	301.032
1474.78	302.366
1473	305.473
1471.21	315.107
1469.43	332.006
1467.65	341.425
1465.86	345.476
1464.08	339.21
1462.29	328.275
1460.51	333.244
1458.72	342.213
1456.93	356.293
1455.15	378.812
1453.36	396.067
1451.57	401.759
1449.79	399.988
1448	398.321
1446.21	402.43
1444.42	426.771
1442.63	450.673
1440.84	457.185
1439.05	441.909
1437.26	410.935
1435.46	378.74
1433.67	359.055
1431.88	345.49
1430.09	334.022
1428.29	328.643
1426.5	318.702
1424.71	307.59
1422.91	296.459
1421.12	290.661
1419.32	293.741
1417.52	292.07
1415.73	284.266
1413.93	276.223
1412.13	284.057
1410.34	305.883
1408.54	338.385
1406.74	369.9
1404.94	392.921
1403.14	397.87
1401.34	402.691
1399.54	404.384
1397.74	433.381
1395.94	480.018
1394.14	546.536
1392.33	642.752
1390.53	757.446
1388.73	872.008
1386.92	996.919
1385.12	1112.87
1383.32	1197.05
1381.51	1238.5
1379.7	1239.5
1377.9	1211.55
1376.09	1162.25
1374.29	1104.15
1372.48	1029.59
1370.67	943.531
1368.86	847.91
1367.05	746.252
1365.25	673.554
1363.44	615.016
1361.63	563.819
1359.82	527.907
1358.01	494.622
1356.19	441.816
1354.38	407.679
1352.57	376.337
1350.76	343.222
1348.95	321.937
1347.13	302.28
1345.32	294.78
1343.5	286.017
1341.69	284.263
1339.87	280.763
1338.06	286.388
1336.24	275.274
1334.43	249.798
1332.61	236.232
1330.79	236.577
1328.97	236.251
1327.16	238.91
1325.34	240.701
1323.52	246.825
1321.7	242.624
1319.88	239.122
1318.06	225.501
1316.24	217.818
1314.41	211.824
1312.59	222.828
1310.77	226.902
1308.95	224.273
1307.12	217.956
1305.3	212.415
1303.48	207.249
1301.65	200.964
1299.83	197.614
1298	194.59
1296.18	190.847
1294.35	190.718
1292.52	200.456
1290.69	208.102
1288.87	202.463
1287.04	203.458
1285.21	190.355
1283.38	180.264
1281.55	174.226
1279.72	172.212
1277.89	178.22
1276.06	178.996
1274.23	170.609
1272.4	149.826
1270.57	141.4
1268.73	146.306
1266.9	151.522
1265.07	154.049
1263.23	152.867
1261.4	145.113
1259.56	147.73
1257.73	140.152
1255.89	147.864
1254.06	158.491
1252.22	169.731
1250.38	173.513
1248.54	172.334
1246.71	162.02
1244.87	156.713
1243.03	153.753
1241.19	158.318
1239.35	155.281
1237.51	151.471
1235.67	149.85
1233.83	148.908
1231.98	142.25
1230.14	140.908
1228.3	131.84
1226.46	128.119
1224.61	118.396
1222.77	118.673
1220.92	119.137
1219.08	126.237
1217.23	121.482
1215.39	128.296
1213.54	122.244
1211.7	110.346
1209.85	106.912
1208	109.779
1206.15	113.637
1204.3	114.084
1202.45	109.833
1200.61	105.878
1198.76	102.705
1196.91	113.379
1195.05	120.238
1193.2	126.563
1191.35	129.326
1189.5	124.292
1187.65	119.085
1185.79	112.812
1183.94	94.1673
1182.09	95.0747
1180.23	87.7411
1178.38	84.6465
1176.52	91.4336
1174.67	112.227
1172.81	130.302
1170.95	145.251
1169.1	152.914
1167.24	159.712
1165.38	174.073
1163.52	186.579
1161.66	201.038
1159.8	233.816
1157.94	279.147
1156.08	325.076
1154.22	365.161
1152.36	401.738
1150.5	424.565
1148.64	458.037
1146.77	469.854
1144.91	473.678
1143.05	467.78
1141.18	453.736
1139.32	419.525
1137.45	379.63
1135.59	346.446
1133.72	323.329
1131.86	311.184
1129.99	289.41
1128.12	257.574
1126.25	228.4
1124.39	192.07
1122.52	181.436
1120.65	170.313
1118.78	158.402
1116.91	137.085
1115.04	122.952
1113.17	92.358
1111.3	82.0893
1109.42	69.2307
1107.55	70.0472
1105.68	64.3981
1103.81	55.6369
1101.93	52.0479
1100.06	42.427
1098.18	29.2954
1096.31	28.3328
1094.43	32.0949
1092.56	34.9664
1090.68	32.1075
1088.8	41.8498
1086.93	38.9173
1085.05	43.4445
1083.17	38.5151
1081.29	38.4567
1079.41	33.9158
1077.53	29.8687
1075.65	20.6555
1073.77	21.2135
1071.89	8.08384
1070.01	2.31075
1068.13	4.50527
1066.24	1.55414
1064.36	6.53426
1062.48	8.43694
1060.59	6.1393
1058.71	6.30222
1056.83	12.7918
1054.94	19.5563
1053.05	25.4327
1051.17	41.7213
1049.28	36.5735
1047.39	43.3451
1045.51	40.1067
1043.62	30.7587
1041.73	29.705
1039.84	30.8468
1037.95	22.0224
1036.06	10.3668
1034.17	-4.50922
1032.28	-5.27832
1030.39	4.95595
1028.5	7.87467
1026.61	16.8836
1024.71	29.8689
1022.82	36.8984
1020.93	39.6454
1019.03	26.8574
1017.14	16.5236
1015.24	6.57179
1013.35	8.84291
1011.45	-3.65915
1009.56	-8.5532
1007.66	-4.83978
1005.76	7.399
1003.86	16.889
1001.97	10.5071
1000.07	13.6223
998.167	27.2105
996.268	23.6134
994.368	9.0546
992.466	4.10356
990.565	4.6133
988.664	14.689
986.762	29.9205
984.86	27.2318
982.957	26.5602
981.053	26.0797
979.15	20.6713
977.245	11.7343
975.34	9.4832
973.435	11.7749
971.53	26.0796
969.624	40.0868
967.717	44.4026
965.809	62.4963
963.902	72.8321
961.994	75.7604
960.086	81.9282
958.177	98.8447
956.267	122.963
954.357	158.149
952.447	188.964
950.536	214.99
948.625	228.704
946.713	229.932
944.8	218.419
942.888	206.797
940.974	197.46
939.061	196.063
937.147	193.227
935.233	184.021
933.317	163.471
931.402	139.401
929.485	117.685
927.569	108.324
925.652	100.064
923.735	90.9499
921.817	92.1301
919.899	80.2571
917.98	64.9453
916.061	52.369
914.141	39.5136
912.22	38.113
910.3	25.1283
908.378	11.4206
906.456	13.3357
904.534	6.27416
902.612	10.526
900.689	20.0671
898.766	26.7227
896.841	27.9266
894.916	34.7263
892.991	48.3739
891.066	46.2111
889.14	41.032
887.214	46.4368
885.287	51.1687
883.36	49.7373
881.432	42.9716
879.504	51.767
877.575	71.1427
875.646	80.8356
873.716	88.2989
871.786	97.6906
869.855	100.328
867.924	104.804
865.992	93.2756
864.06	79.3064
862.128	62.046
860.194	49.9288
858.261	42.3776
856.327	34.1017
854.393	24.8899
852.458	26.9756
850.522	31.6528
848.586	31.0256
846.65	17.693
844.714	13.4935
842.776	10.9791
840.838	16.1372
838.901	16.5
836.961	18.5583
835.023	29.9372
833.082	26.8179
831.142	21.0583
829.202	11.6736
827.261	0.390777
825.319	-2.60903
823.377	-7.94444
821.434	5.01173
819.491	18.7846
817.548	30.1724
815.604	28.3148
813.66	23.32
811.715	15.7493
809.769	20.3358
807.823	26.4151
805.878	31.6467
803.93	29.8774
801.983	16.946
800.035	0.113131
798.087	-8.11255
796.139	-4.67748
794.189	-0.389218
792.24	11.4323
790.289	27.6503
788.339	20.6921
786.387	14.2866
784.436	15.8487
782.484	13.6836
780.532	15.3312
778.578	10.6948
776.624	1.7429
774.671	-1.83614
772.716	0.00638474
770.762	2.85921
768.806	9.17006
766.85	10.1387
764.893	10.531
762.937	17.7109
760.979	12.9464
759.022	13.5408
757.064	19.2236
755.105	26.0367
753.145	22.9165
751.185	23.1686
749.226	36.9269
747.264	42.2074
745.303	47.9124
743.341	50.5932
741.38	38.1794
739.417	29.4057
737.454	26.5377
735.49	24.0382
733.526	31.1991
731.562	42.2488
729.596	49.3984
727.631	54.8331
725.665	47.3574
723.699	48.5545
721.732	49.8036
719.764	42.6488
717.797	42.6905
715.828	45.6182
713.859	47.0224
711.889	39.7942
709.919	34.8639
707.949	38.8505
705.978	38.5776
704.007	52.2127
702.035	66.2498
700.063	74.5228
698.091	76.9101
696.117	76.8846
694.143	67.796
692.169	63.9696
690.194	59.7673
688.219	63.4795
686.244	68.8845
684.267	63.8686
682.291	70.0607
680.314	66.7573
678.336	67.9752
676.358	79.9553
674.379	87.7616
672.4	78.1589
670.421	73.8865
668.441	69.2039
666.46	57.7782
664.479	56.5575
662.497	57.0375
660.516	68.0263
658.533	68.4236
656.55	80.9784
654.567	84.3673
652.583	81.8525
650.598	84.1935
648.614	82.744
646.628	83.0304
644.643	69.6819
642.656	61.2754
640.669	68.644
638.682	68.0972
636.694	72.2693
634.706	85.4942
632.717	88.3528
630.728	88.4983
628.738	95.4283
626.748	91.1098
624.757	86.1702
622.766	69.9527
620.774	70.1927
618.782	73.718
616.789	80.8962
614.796	82.5948
612.802	88.6226
610.808	93.9467
608.814	95.9444
606.818	98.2511
604.822	102.17
602.827	92.1393
600.83	96.8284
598.833	106.183
596.836	98.3378
594.838	99.2621
592.839	109.656
590.84	124.739
588.841	156.078
586.84	178.473
584.84	206.531
582.838	245.296
580.838	291.539
578.835	336.001
576.833	385.004
574.83	438.163
572.827	496.028
570.822	546.107
568.818	573.763
566.813	579.415
564.808	586.657
562.802	593.572
560.795	592.73
558.788	599.217
556.781	588.249
554.773	562.759
552.765	526.988
550.756	479.251
548.747	419.044
546.737	354.279
544.726	295.983
542.716	245.784
540.704	207.432
538.692	188.342
536.68	164.674
534.667	159.497
532.654	145.685
530.64	143.605
528.626	142.188
526.611	141.513
524.596	140.604
522.58	138.847
520.564	132.719
518.547	125.056
516.529	116.191
514.512	122.621
512.494	129.989
510.476	137.709
508.456	140.347
506.436	126.802
504.416	114.156
502.395	101.233
500.374	101.398
498.353	115.876
496.33	121.227
494.307	125.038
492.284	131.394
490.261	125.84
488.237	117.09
486.212	108.88
484.187	107.857
482.161	126.71
480.134	138.394
478.108	141.177
476.081	131.553
474.054	137.084
472.025	140.054
469.997	141.28
467.968	154.789
465.938	157.098
463.908	166.531
461.877	187.137
459.846	222.389
457.814	253.882
455.782	298.886
453.75	335.084
451.716	363.563
449.683	383.157
447.649	372.957
445.614	359.352
443.579	332.875
441.543	306.774
439.508	278.548
437.47	265.152
435.433	242.186
433.396	212.116
431.358	193.507
429.319	156.748
427.28	132.014
425.241	126.303
423.201	123.889
421.16	123.042
419.118	116.007
417.077	95.7827
415.035	71.1856
412.993	68.6329
410.949	65.9097
408.905	72.814
406.862	75.7162
404.816	67.3786
402.771	59.8258
400.727	62.0605
398.68	66.9308
396.633	65.3444
394.586	67.5103
392.539	67.8927
390.491	81.6192
388.442	89.2575
386.393	89.3261
384.344	96.1465
382.293	96.8799
380.242	101.581
378.192	110.834
376.14	136.987
374.088	164.542
372.035	174.427
369.982	181.585
367.928	179.784
365.874	179.387
363.82	175.055
361.765	166.367
359.709	162.206
357.653	151.483
355.596	144.005
353.539	119.681
351.481	89.4851
349.423	72.8675
347.364	73.4556
345.305	74.5702
343.245	68.8547
341.185	63.6764
339.125	65.8654
337.063	57.3297
335.001	43.7027
332.94	36.0926
330.876	28.6109
328.813	38.5305
326.749	38.2073
324.685	21.547
322.621	8.93486
320.555	7.10513
318.489	17.6964
316.423	28.1409
314.356	41.1002
312.29	52.087
310.221	55.5587
308.153	53.361
306.084	39.5968
304.015	27.849
301.946	12.5237
299.875	-1.86103
297.804	-7.43688
295.733	-13.059
293.661	-10.514
291.588	-9.37128
289.516	-9.9524
287.443	-8.67737
285.369	-4.17158
283.295	5.04205
281.22	1.31311
279.144	6.21504
277.068	4.18135
274.992	3.30734
272.915	-1.83632
270.837	-3.16226
268.76	0.95619
266.681	13.8806
264.602	34.1288
262.523	42.3944
260.443	39.8824
258.362	34.1562
256.282	36.9402
254.2	26.5254
252.118	24.1893
250.036	41.2663
247.952	46.9343
245.869	64.452
243.784	77.2396
241.7	103.281
239.616	132.808
237.53	156.685
235.443	187.918
233.357	240.73
231.27	297.508
229.182	355.166
227.094	436.004
225.005	533.387
222.916	649.067
220.827	789.851
218.737	943.939
216.646	1100.17
214.555	1281.98
212.462	1482.84
210.37	1684.34
208.278	1921.88
206.185	2142.48
204.091	2351.77
201.997	2527.33
199.902	2641.72
197.807	2707.12
195.711	2752.1
193.615	2758.03
191.517	2738.72
189.42	2694.68
187.322	2607.55
185.224	2487.56
183.125	2335.47
181.025	2163.2
178.926	2002.87
176.825	1851.93
174.724	1712.24
172.623	1598.06
170.521	1515.19
168.418	1443.06
166.315	1392.25
164.212	1346.21
162.108	1320.44
160.003	1305
157.898	1317.59
155.793	1357.27
153.686	1433.96
151.58	1528.17
149.473	1621.17
147.365	1701.51
145.257	1782.27
143.148	1865.66
141.039	1957.05
138.929	2066.29
136.819	2159.32
134.709	2232.46
132.597	2276.48
130.485	2312.16
128.373	2356.56
126.26	2402.43
124.147	2445.12
122.033	2465.21
119.919	2458.91
117.804	2462.15
115.688	2471.36
113.573	2511.35
111.456	2576.53
109.339	2658.17
107.222	2726.04
105.103	2790.68
102.985	2894.83
100.866	3013.4
98.7467	2996.84
96.6262	2991.46
