3502.52	5.50057
3501.25	-4.233
3499.98	-2.59197
3498.71	-0.772281
3497.44	0.965002
3496.17	8.36228
3494.9	9.17156
3493.62	7.71369
3492.35	4.2488
3491.08	1.0634
3489.8	0.181035
3488.53	0.400465
3487.26	0.778717
3485.98	0.907192
3484.71	0.858004
3483.43	1.53469
3482.16	2.03918
3480.88	3.46642
3479.6	5.15985
3478.33	5.8423
3477.05	7.11603
3475.77	6.24002
3474.5	6.87841
3473.22	5.07306
3471.94	6.56582
3470.66	8.27848
3469.38	7.35435
3468.1	8.06929
3466.82	8.13227
3465.54	8.6755
3464.26	10.4091
3462.98	10.5472
3461.7	10.8819
3460.42	12.4556
3459.14	12.7142
3457.86	15.4007
3456.57	14.9196
3455.29	13.8314
3454.01	11.3546
3452.73	9.8931
3451.44	8.76877
3450.16	8.47058
3448.87	8.16097
3447.59	5.14056
3446.3	4.32702
3445.02	5.61995
3443.73	5.25079
3442.45	6.27209
3441.16	6.35706
3439.88	5.91989
3438.59	6.6808
3437.3	8.48
3436.01	10.7861
3434.73	13.1904
3433.44	12.3854
3432.15	13.3123
3430.86	14.0922
3429.57	14.8807
3428.28	14.6978
3426.99	15.8071
3425.7	18.1094
3424.41	19.1074
3423.12	18.9201
3421.83	20.1548
3420.54	22.217
3419.24	21.4127
3417.95	19.0531
3416.66	19.2234
3415.37	19.1826
3414.07	19.2487
3412.78	19.5358
3411.48	20.8321
3410.19	20.2544
3408.9	18.2795
3407.6	17.5767
3406.31	18.0843
3405.01	15.6845
3403.72	15.0341
3402.42	14.8243
3401.12	15.5028
3399.82	16.6077
3398.53	15.2583
3397.23	14.1876
3395.93	13.6588
3394.63	12.4813
3393.33	12.9748
3392.04	12.9559
3390.74	11.2077
3389.44	8.8169
3388.14	8.78839
3386.84	9.33828
3385.53	8.45708
3384.23	9.37162
3382.93	8.54078
3381.63	9.45853
3380.33	10.7633
3379.03	9.77652
3377.72	11.9136
3376.42	12.6162
3375.12	9.92393
3373.81	9.72262
3372.51	10.1615
3371.2	12.4713
3369.9	14.2735
3368.59	15.9711
3367.29	16.553
3365.98	19.2817
3364.68	21.3068
3363.37	20.1983
3362.06	22.084
3360.76	22.007
3359.45	20.9303
3358.14	18.8998
3356.83	18.9555
3355.52	18.0988
3354.22	16.3149
3352.91	15.0633
3351.6	12.2168
3350.29	10.7025
3348.98	8.60365
3347.67	7.72213
3346.36	7.76909
3345.04	6.3396
3343.73	6.54006
3342.42	6.97084
3341.11	9.13265
3339.8	10.0301
3338.48	11.9665
3337.17	13.6355
3335.86	13.7899
3334.54	15.7139
3333.23	17.0872
3331.91	16.7058
3330.6	15.7998
3329.28	13.4495
3327.97	13.7257
3326.65	11.1976
3325.34	9.29029
3324.02	7.09767
3322.7	6.32107
3321.38	5.53024
3320.07	3.46626
3318.75	4.11936
3317.43	3.15476
3316.11	1.45588
3314.79	1.25189
3313.47	1.60002
3312.15	2.06441
3310.83	2.6909
3309.51	2.55885
3308.19	1.93847
3306.87	3.07785
3305.55	3.23398
3304.23	3.60511
3302.9	5.05292
3301.58	4.37566
3300.26	3.94577
3298.94	3.95849
3297.61	4.03314
3296.29	4.19213
3294.96	3.90938
3293.64	3.28889
3292.31	2.69252
3290.99	3.95761
3289.66	3.93399
3288.34	4.7042
3287.01	7.00413
3285.68	6.43281
3284.36	6.81656
3283.03	7.47977
3281.7	7.02553
3280.37	6.96033
3279.05	6.46786
3277.72	6.49428
3276.39	6.02792
3275.06	7.00687
3273.73	5.40297
3272.4	6.79244
3271.07	6.6676
3269.74	3.4618
3268.41	2.19228
3267.08	1.49214
3265.74	0.417707
3264.41	-2.21368
3263.08	-2.23017
3261.75	-1.23016
3260.41	-3.51622
3259.08	-3.00018
3257.75	-0.844262
3256.41	-0.271882
3255.08	-1.07732
3253.74	-0.0701062
3252.41	1.99433
3251.07	4.44491
3249.74	4.75518
3248.4	7.44209
3247.06	10.5376
3245.73	13.3307
3244.39	14.4845
3243.05	15.4428
3241.71	15.8699
3240.37	14.9769
3239.04	15.7941
3237.7	17.068
3236.36	17.205
3235.02	17.3078
3233.68	15.4761
3232.34	14.7149
3231	15.5693
3229.66	14.5145
3228.31	14.9492
3226.97	16.2045
3225.63	16.723
3224.29	18.2158
3222.94	18.5114
3221.6	20.4864
3220.26	19.8042
3218.91	18.7778
3217.57	17.9978
3216.23	19.2019
3214.88	16.5849
3213.53	15.628
3212.19	14.0067
3210.84	14.383
3209.5	11.9016
3208.15	10.8134
3206.8	10.3069
3205.46	11.2861
3204.11	12.6405
3202.76	13.1073
3201.41	15.1649
3200.06	16.1558
3198.71	18.4106
3197.36	18.4299
3196.01	18.771
3194.66	16.3565
3193.31	13.7109
3191.96	11.1044
3190.61	10.205
3189.26	9.47672
3187.91	6.37373
3186.56	7.21474
3185.2	7.85253
3183.85	7.62439
3182.5	5.54821
3181.14	4.94059
3179.79	6.47664
3178.44	7.28384
3177.08	9.60058
3175.73	10.7256
3174.37	12.2089
3173.01	11.1185
3171.66	11.8944
3170.3	12.8051
3168.95	11.7163
3167.59	11.2209
3166.23	9.84127
3164.87	10.0226
3163.51	8.1517
3162.16	7.97531
3160.8	7.40791
3159.44	8.40936
3158.08	10.7354
3156.72	10.7447
3155.36	11.2714
3154	11.5168
3152.64	10.1307
3151.28	7.65598
3149.91	6.86062
3148.55	6.36693
3147.19	3.69057
3145.83	1.4927
3144.46	-0.156768
3143.1	1.28613
3141.74	0.131072
3140.37	-0.206986
3139.01	3.15729
3137.64	5.40991
3136.28	9.89151
3134.91	12.8141
3133.55	15.2228
3132.18	15.068
3130.81	14.5101
3129.45	14.5912
3128.08	12.598
3126.71	11.1531
3125.34	9.56341
3123.98	10.033
3122.61	9.50519
3121.24	9.18199
3119.87	6.39465
3118.5	6.29522
3117.13	6.51349
3115.76	6.25082
3114.39	6.21761
3113.02	7.25742
3111.64	9.79716
3110.27	9.43492
3108.9	12.0057
3107.53	10.7104
3106.15	10.9447
3104.78	10.6233
3103.41	9.73804
3102.03	7.9097
3100.66	5.53175
3099.29	3.87706
3097.91	3.88511
3096.53	5.23755
3095.16	5.1597
3093.78	5.31787
3092.41	5.40386
3091.03	4.31066
3089.65	5.55552
3088.27	6.90056
3086.9	7.4217
3085.52	7.62021
3084.14	7.76508
3082.76	4.57533
3081.38	6.06748
3080	5.23663
3078.62	4.26979
3077.24	5.02508
3075.86	3.25108
3074.48	3.11542
3073.1	2.86042
3071.72	1.84438
3070.33	0.934515
3068.95	-1.0262
3067.57	-1.20971
3066.19	-2.45536
3064.8	-2.10845
3063.42	0.702526
3062.03	1.45353
3060.65	5.25962
3059.26	7.25796
3057.88	8.419
3056.49	8.91073
3055.11	8.86723
3053.72	10.9598
3052.33	9.87465
3050.95	9.30309
3049.56	8.62578
3048.17	8.19414
3046.78	7.19189
3045.4	7.60112
3044.01	7.36219
3042.62	7.10024
3041.23	8.03903
3039.84	8.16332
3038.45	6.48787
3037.06	5.16602
3035.67	6.02943
3034.28	6.22384
3032.88	7.26976
3031.49	7.35093
3030.1	7.39963
3028.71	7.103
3027.31	8.14714
3025.92	8.00216
3024.52	8.61637
3023.13	9.89646
3021.74	10.2527
3020.34	12.7998
3018.95	16.5367
3017.55	18.5204
3016.16	22.3376
3014.76	28.1459
3013.36	29.8556
3011.96	31.5829
3010.57	30.595
3009.17	30.9475
3007.77	30.6523
3006.37	31.3417
3004.97	27.5739
3003.57	26.4904
3002.17	24.7914
3000.77	23.1279
2999.37	26.211
2997.97	26.7304
2996.57	25.5809
2995.17	26.1876
2993.77	29.2894
2992.37	31.4538
2990.97	35.0776
2989.56	36.6035
2988.16	37.7935
2986.76	38.7124
2985.35	39.3138
2983.95	42.5936
2982.54	42.1529
2981.14	43.5913
2979.73	42.6089
2978.33	43.9397
2976.92	45.305
2975.51	46.1315
2974.11	45.0349
2972.7	45.2139
2971.29	45.8017
2969.89	48.4173
2968.48	50.5149
2967.07	54.3286
2965.66	57.0145
2964.25	58.7001
2962.84	62.7568
2961.43	64.0053
2960.02	63.7979
2958.61	63.9683
2957.2	64.2038
2955.79	66.4932
2954.38	69.3777
2952.96	71.9923
2951.55	74.6704
2950.14	79.881
2948.73	82.702
2947.31	87.245
2945.9	88.8391
2944.48	95.9653
2943.07	101.05
2941.65	104.751
2940.24	110.8
2938.82	114.796
2937.41	118.678
2935.99	126.372
2934.57	130.09
2933.16	132.338
2931.74	133.994
2930.32	134.32
2928.9	140.76
2927.48	143.055
2926.06	144.26
2924.64	147.277
2923.22	150.69
2921.8	155.012
2920.38	158.431
2918.96	161.501
2917.54	165.333
2916.12	167.697
2914.7	170.984
2913.28	173.966
2911.85	174.373
2910.43	173.353
2909.01	165.517
2907.58	162.249
2906.16	155.032
2904.74	147.885
2903.31	141.167
2901.88	134.702
2900.46	124.648
2899.03	116.865
2897.61	110.393
2896.18	102.582
2894.75	95.7096
2893.33	88.9221
2891.9	87.5961
2890.47	84.4636
2889.04	81.6741
2887.61	81.9441
2886.18	80.8356
2884.75	79.9869
2883.32	78.3164
2881.89	74.5607
2880.46	72.3116
2879.03	68.4021
2877.6	63.5521
2876.17	62.8632
2874.74	58.0444
2873.3	56.6554
2871.87	55.0602
2870.44	55.9679
2869.01	55.9916
2867.57	56.6852
2866.14	56.6248
2864.7	54.9133
2863.27	56.2579
2861.83	54.8274
2860.4	53.2835
2858.96	52.7674
2857.52	53.9601
2856.09	52.1322
2854.65	49.9173
2853.21	49.7097
2851.77	47.9487
2850.34	50.1335
2848.9	51.562
2847.46	53.7876
2846.02	58.1192
2844.58	63.6606
2843.14	67.0271
2841.7	69.4192
2840.26	72.7573
2838.82	72.235
2837.37	74.5243
2835.93	77.3529
2834.49	74.5096
2833.05	70.3007
2831.6	68.0138
2830.16	61.9181
2828.72	53.337
2827.27	46.4245
2825.83	43.0872
2824.38	37.6581
2822.94	36.1288
2821.49	34.2833
2820.05	37.9776
2818.6	38.2962
2817.15	38.5361
2815.71	39.1729
2814.26	41.9152
2812.81	41.4901
2811.36	42.0808
2809.91	40.4383
2808.47	40.0462
2807.02	37.1277
2805.57	37.0497
2804.12	38.4683
2802.67	34.0419
2801.22	30.7147
2799.76	29.5144
2798.31	29.3534
2796.86	25.6277
2795.41	26.8299
2793.96	28.1206
2792.5	28.0734
2791.05	33.3934
2789.6	35.3466
2788.14	36.6942
2786.69	41.3034
2785.23	42.9791
2783.78	45.3915
2782.32	48.7158
2780.86	50.9344
2779.41	51.8404
2777.95	52.5144
2776.5	50.9705
2775.04	49.049
2773.58	46.9125
2772.12	47.0631
2770.66	46.6702
2769.2	46.1787
2767.74	47.6595
2766.29	44.5867
2764.83	46.3424
2763.36	45.2274
2761.9	44.4326
2760.44	42.6555
2758.98	41.5674
2757.52	39.5324
2756.06	37.7694
2754.59	36.0881
2753.13	33.6594
2751.67	31.6621
2750.2	29.9559
2748.74	25.7085
2747.28	24.7655
2745.81	22.6059
2744.35	23.2573
2742.88	22.6655
2741.41	27.107
2739.95	28.5386
2738.48	30.5069
2737.01	29.9758
2735.55	30.9335
2734.08	29.8432
2732.61	33.3859
2731.14	35.4777
2729.67	32.9322
2728.2	32.2792
2726.73	35.2367
2725.26	34.5681
2723.79	34.9648
2722.32	34.8935
2720.85	34.9593
2719.38	32.258
2717.91	32.617
2716.44	32.4783
2714.96	33.2295
2713.49	34.976
2712.02	34.8819
2710.54	36.8007
2709.07	39.165
2707.59	41.58
2706.12	40.7712
2704.64	40.8666
2703.17	38.1134
2701.69	37.807
2700.22	36.8577
2698.74	38.4005
2697.26	38.5396
2695.78	39.0994
2694.31	40.6329
2692.83	42.0035
2691.35	43.6574
2689.87	40.2042
2688.39	41.0139
2686.91	39.5952
2685.43	35.4716
2683.95	31.2875
2682.47	27.0174
2680.99	21.844
2679.51	15.9396
2678.03	12.771
2676.54	11.7973
2675.06	10.2403
2673.58	10.4466
2672.09	9.91765
2670.61	12.6148
2669.13	14.0471
2667.64	18.1326
2666.16	24.7276
2664.67	29.6656
2663.18	32.9905
2661.7	36.6672
2660.21	40.6221
2658.72	40.481
2657.24	43.0795
2655.75	40.8871
2654.26	39.3082
2652.77	37.7273
2651.28	32.0935
2649.8	28.2613
2648.31	26.083
2646.82	25.4277
2645.33	20.6271
2643.84	20.5412
2642.34	22.2018
2640.85	25.7573
2639.36	26.6996
2637.87	29.1779
2636.38	31.2967
2634.88	34.9521
2633.39	38.5209
2631.9	38.928
2630.4	44.7062
2628.91	45.981
2627.41	47.2959
2625.92	48.6891
2624.42	49.5546
2622.93	48.7074
2621.43	48.3518
2619.93	46.8575
2618.44	45.9859
2616.94	44.996
2615.44	42.229
2613.94	42.5889
2612.44	41.2392
2610.95	41.2062
2609.45	41.5641
2607.95	41.9208
2606.45	40.1219
2604.95	38.0309
2603.44	39.0501
2601.94	37.9842
2600.44	38.1063
2598.94	40.0369
2597.44	39.3206
2595.93	40.1216
2594.43	40.8264
2592.93	39.2087
2591.42	40.4621
2589.92	41.3886
2588.42	41.8255
2586.91	41.3417
2585.4	44.5279
2583.9	41.1487
2582.39	43.7942
2580.89	43.957
2579.38	43.3352
2577.87	44.1308
2576.36	40.8259
2574.86	37.056
2573.35	35.2485
2571.84	34.8232
2570.33	30.8878
2568.82	32.6337
2567.31	31.7782
2565.8	28.6517
2564.29	27.5375
2562.78	28.8
2561.27	30.5843
2559.75	34.3221
2558.24	37.253
2556.73	38.8748
2555.22	42.931
2553.7	44.686
2552.19	45.5079
2550.68	45.1439
2549.16	43.3972
2547.65	41.4662
2546.13	40.316
2544.61	40.6189
2543.1	39.0859
2541.58	37.808
2540.07	38.0483
2538.55	37.7596
2537.03	36.7713
2535.51	36.4953
2533.99	36.9322
2532.48	37.2011
2530.96	35.9905
2529.44	36.1496
2527.92	37.1689
2526.4	34.5815
2524.88	35.5629
2523.36	35.1412
2521.83	36.9778
2520.31	38.7496
2518.79	38.0988
2517.27	37.0759
2515.74	35.09
2514.22	35.0169
2512.7	33.9048
2511.17	34.4324
2509.65	37.8825
2508.12	40.5455
2506.6	43.382
2505.07	42.8924
2503.55	44.1351
2502.02	47.4023
2500.49	50.4997
2498.97	53.2616
2497.44	54.0944
2495.91	50.6319
2494.38	49.0729
2492.85	49.4552
2491.32	46.9884
2489.8	41.5916
2488.27	38.726
2486.74	34.9623
2485.2	33.5626
2483.67	30.0543
2482.14	28.0239
2480.61	26.245
2479.08	25.4318
2477.55	28.5407
2476.01	30.3068
2474.48	31.7083
2472.95	35.2193
2471.41	40.2633
2469.88	42.3116
2468.34	44.4654
2466.81	44.6772
2465.27	41.829
2463.74	36.0186
2462.2	31.9622
2460.66	27.2604
2459.12	24.5895
2457.59	21.8404
2456.05	18.4718
2454.51	18.3826
2452.97	22.6237
2451.43	25.6753
2449.89	25.1411
2448.35	29.1304
2446.81	27.2797
2445.27	27.0046
2443.73	30.3325
2442.19	29.0026
2440.65	29.9713
2439.11	31.6763
2437.56	28.5411
2436.02	21.4159
2434.48	16.5673
2432.93	12.1785
2431.39	10.2652
2429.84	9.55476
2428.3	6.40473
2426.75	7.26219
2425.21	6.51231
2423.66	5.48086
2422.12	8.4997
2420.57	10.8754
2419.02	11.9318
2417.47	17.0137
2415.93	20.2466
2414.38	19.9059
2412.83	20.3333
2411.28	18.7492
2409.73	14.9468
2408.18	12.1178
2406.63	8.55619
2405.08	5.79565
2403.53	5.73698
2401.98	5.04787
2400.42	5.5245
2398.87	6.24719
2397.32	2.55684
2395.77	3.16531
2394.21	5.86757
2392.66	5.2748
2391.1	7.64842
2389.55	11.6971
2387.99	11.9838
2386.44	10.6676
2384.88	10.8441
2383.33	13.4821
2381.77	15.0679
2380.21	13.5425
2378.66	9.90506
2377.1	3.78861
2375.54	3.61227
2373.98	2.66707
2372.42	3.07352
2370.86	5.90925
2369.3	5.0302
2367.74	5.70021
2366.18	9.85993
2364.62	9.48159
2363.06	9.63361
2361.5	14.2663
2359.94	17.198
2358.37	15.2862
2356.81	15.5509
2355.25	16.3829
2353.68	15.3102
2352.12	13.5898
2350.56	12.1964
2348.99	12.4269
2347.43	12.335
2345.86	12.2838
2344.29	16.2791
2342.73	20.0499
2341.16	22.7403
2339.59	27.1335
2338.03	32.1922
2336.46	37.4892
2334.89	47.2506
2333.32	53.2974
2331.75	58.9582
2330.18	63.5267
2328.61	64.7062
2327.04	64.3669
2325.47	66.2276
2323.9	65.3245
2322.33	60.16
2320.76	60.4922
2319.18	57.4056
2317.61	54.242
2316.04	50.5011
2314.47	45.2138
2312.89	45.3268
2311.32	45.7474
2309.74	43.0583
2308.17	42.6271
2306.59	41.6361
2305.02	42.9494
2303.44	44.8064
2301.86	48.7879
2300.29	53.2651
2298.71	51.9569
2297.13	56.4938
2295.55	56.0303
2293.97	59.677
2292.4	61.1368
2290.82	60.3074
2289.24	61.2836
2287.66	63.2871
2286.08	63.4703
2284.49	62.7162
2282.91	63.9367
2281.33	66.4906
2279.75	63.0167
2278.17	59.2062
2276.58	56.578
2275	50.3489
2273.42	43.8929
2271.83	40.4477
2270.25	33.354
2268.66	25.6345
2267.08	18.0645
2265.49	12.2895
2263.91	10.9754
2262.32	9.90343
2260.73	9.96706
2259.14	8.89363
2257.56	10.2727
2255.97	15.9675
2254.38	16.0126
2252.79	19.0633
2251.2	22.7431
2249.61	21.3
2248.02	23.8555
2246.43	27.6535
2244.84	27.5342
2243.25	23.9029
2241.66	23.688
2240.07	23.4758
2238.47	25.2587
2236.88	22.3501
2235.29	21.0976
2233.69	23.9943
2232.1	23.9975
2230.5	25.7264
2228.91	28.7393
2227.31	34.68
2225.72	36.3705
2224.12	38.6863
2222.53	42.6035
2220.93	43.7294
2219.33	38.9017
2217.73	39.1037
2216.14	35.1801
2214.54	34.6019
2212.94	31.6433
2211.34	32.3252
2209.74	31.0458
2208.14	29.9342
2206.54	30.345
2204.94	33.7024
2203.34	38.0146
2201.74	44.6539
2200.13	49.9083
2198.53	52.2424
2196.93	54.5601
2195.33	51.4746
2193.72	47.7266
2192.12	46.3965
2190.51	44.2689
2188.91	39.0985
2187.3	35.5677
2185.7	31.095
2184.09	29.7279
2182.48	28.923
2180.88	29.5012
2179.27	24.7225
2177.66	26.0676
2176.05	30.6506
2174.45	34.3305
2172.84	39.6581
2171.23	45.3678
2169.62	47.5416
2168.01	54.661
2166.4	57.829
2164.79	56.5196
2163.18	55.3665
2161.56	53.3643
2159.95	47.444
2158.34	46.1018
2156.73	44.1071
2155.11	42.7179
2153.5	40.9526
2151.89	34.2808
2150.27	33.2018
2148.66	28.8027
2147.04	30.1773
2145.43	28.0173
2143.81	27.6248
2142.19	27.3046
2140.58	28.2557
2138.96	26.9729
2137.34	26.9706
2135.72	23.1802
2134.1	21.8515
2132.48	17.4362
2130.86	19.1847
2129.25	24.1102
2127.63	23.7939
2126	23.5262
2124.38	24.3264
2122.76	24.7434
2121.14	22.1098
2119.52	21.7663
2117.9	20.9072
2116.27	21.8369
2114.65	18.9272
2113.03	17.7479
2111.4	19.9221
2109.78	23.4687
2108.15	24.455
2106.53	26.9887
2104.9	28.8448
2103.27	28.6707
2101.65	31.6419
2100.02	33.8829
2098.39	30.0614
2096.77	30.1489
2095.14	30.5398
2093.51	31.123
2091.88	28.1108
2090.25	24.8947
2088.62	21.9605
2086.99	20.0098
2085.36	19.5412
2083.73	16.109
2082.1	19.7734
2080.46	18.9395
2078.83	19.3443
2077.2	20.766
2075.57	23.2443
2073.93	28.9462
2072.3	29.4903
2070.66	34.088
2069.03	36.4672
2067.4	35.3847
2065.76	35.9184
2064.12	35.6254
2062.49	32.5419
2060.85	31.1615
2059.21	27.3825
2057.58	25.2776
2055.94	22.4502
2054.3	22.0648
2052.66	21.9467
2051.02	19.6976
2049.38	19.6001
2047.74	24.0107
2046.1	21.4684
2044.46	20.8858
2042.82	19.3648
2041.18	21.1754
2039.53	20.1457
2037.89	22.9194
2036.25	28.1388
2034.61	32.1039
2032.96	31.9437
2031.32	34.5698
2029.67	35.6249
2028.03	36.1107
2026.38	38.046
2024.74	37.3281
2023.09	39.7149
2021.44	40.6526
2019.8	41.742
2018.15	43.2566
2016.5	41.8686
2014.85	43.704
2013.21	42.4132
2011.56	40.7491
2009.91	40.1152
2008.26	42.4809
2006.61	44.3998
2004.96	41.4855
2003.3	40.7013
2001.65	38.7856
2000	39.5726
1998.35	38.0063
1996.7	40.932
1995.04	44.7303
1993.39	46.2465
1991.74	47.1011
1990.08	44.5634
1988.43	46.7519
1986.77	44.1602
1985.12	43.6769
1983.46	44.3835
1981.8	43.3647
1980.15	40.4937
1978.49	39.1349
1976.83	39.5373
1975.17	39.3437
1973.51	37.7352
1971.86	33.5753
1970.2	30.3288
1968.54	29.3867
1966.88	26.9451
1965.22	24.538
1963.55	24.6131
1961.89	25.0015
1960.23	22.911
1958.57	21.1229
1956.91	16.92
1955.24	18.0776
1953.58	21.0293
1951.92	26.1472
1950.25	29.4579
1948.59	35.5766
1946.92	38.293
1945.26	39.4198
1943.59	40.8543
1941.92	40.6225
1940.26	41.973
1938.59	46.7273
1936.92	46.9801
1935.25	48.5304
1933.59	47.3262
1931.92	48.3779
1930.25	43.4754
1928.58	39.1921
1926.91	30.7558
1925.24	27.0334
1923.57	24.844
1921.9	23.1769
1920.22	22.3113
1918.55	23.2904
1916.88	21.0766
1915.21	20.7
1913.53	21.8172
1911.86	25.4938
1910.18	27.3334
1908.51	30.8409
1906.83	36.5423
1905.16	40.4856
1903.48	40.8257
1901.81	39.9508
1900.13	41.0071
1898.45	37.8636
1896.78	37.0581
1895.1	32.4001
1893.42	31.5661
1891.74	29.2954
1890.06	25.1079
1888.38	17.4823
1886.7	12.7588
1885.02	11.5811
1883.34	5.57887
1881.66	2.10938
1879.98	-0.00697084
1878.3	-0.246585
1876.61	-0.0833377
1874.93	2.71848
1873.25	4.3036
1871.56	10.7653
1869.88	13.962
1868.19	17.6419
1866.51	20.6089
1864.82	28.7005
1863.14	37.3568
1861.45	40.2918
1859.76	42.2003
1858.08	44.3041
1856.39	47.4158
1854.7	48.653
1853.01	52.4553
1851.32	54.8646
1849.63	59.1206
1847.95	59.9843
1846.25	56.7057
1844.56	57.7436
1842.87	54.2944
1841.18	51.1381
1839.49	49.3276
1837.8	45.1136
1836.11	39.3736
1834.41	37.3301
1832.72	30.3941
1831.03	29.9236
1829.33	23.7282
1827.64	22.1142
1825.94	12.4889
1824.25	8.23703
1822.55	7.26424
1820.85	6.47151
1819.16	5.24379
1817.46	1.63483
1815.76	2.64663
1814.06	4.32252
1812.36	5.32701
1810.67	6.90754
1808.97	12.3327
1807.27	18.5409
1805.57	23.2814
1803.87	25.8634
1802.17	30.9073
1800.46	32.7557
1798.76	31.6115
1797.06	33.161
1795.36	28.5177
1793.65	25.571
1791.95	24.3609
1790.25	22.9823
1788.54	22.8982
1786.84	24.1315
1785.13	25.6049
1783.43	24.2965
1781.72	23.8053
1780.01	27.1493
1778.31	32.3385
1776.6	34.5481
1774.89	37.1291
1773.18	39.9114
1771.47	44.838
1769.77	44.2697
1768.06	44.7397
1766.35	46.2811
1764.64	48.5594
1762.92	48.9176
1761.21	47.5425
1759.5	44.1158
1757.79	39.5736
1756.08	36.6883
1754.36	38.2906
1752.65	37.9352
1750.94	36.7236
1749.22	36.4179
1747.51	34.7283
1745.79	40.3424
1744.08	43.4367
1742.36	48.5095
1740.65	42.8413
1738.93	38.5701
1737.21	36.7075
1735.49	33.1165
1733.78	34.7499
1732.06	32.1262
1730.34	34.6212
1728.62	39.0227
1726.9	47.1203
1725.18	52.2122
1723.46	56.3976
1721.74	60.6877
1720.02	59.6836
1718.3	57.7222
1716.57	56.7117
1714.85	56.3835
1713.13	57.7656
1711.41	61.6798
1709.68	61.3707
1707.96	59.8682
1706.23	60.9341
1704.51	58.8995
1702.78	57.1661
1701.05	57.3861
1699.33	52.8801
1697.6	48.982
1695.87	50.0465
1694.15	50.2622
1692.42	51.491
1690.69	54.5931
1688.96	58.8752
1687.23	62.0914
1685.5	64.9194
1683.77	66.1185
1682.04	63.5225
1680.31	62.2255
1678.58	60.7664
1676.85	60.8851
1675.11	60.898
1673.38	56.466
1671.65	52.6634
1669.91	48.4308
1668.18	47.0191
1666.44	44.7742
1664.71	45.5771
1662.97	42.0169
1661.24	39.0677
1659.5	36.7704
1657.76	38.1244
1656.03	43.1787
1654.29	52.1296
1652.55	60.2483
1650.81	68.2882
1649.07	75.3016
1647.33	84.3162
1645.59	90.5754
1643.85	95.386
1642.11	96.2636
1640.37	96.6388
1638.63	97.8315
1636.89	97.984
1635.15	100.622
1633.4	98.9951
1631.66	102.267
1629.92	99.1671
1628.17	102.115
1626.43	103.195
1624.68	109.549
1622.94	115.965
1621.19	119.58
1619.45	125.274
1617.7	129.221
1615.95	140.245
1614.21	152.714
1612.46	156.688
1610.71	162.629
1608.96	169.838
1607.21	174.548
1605.46	175.468
1603.71	176.515
1601.96	176.045
1600.21	178.524
1598.46	181.874
1596.71	189.823
1594.95	189.338
1593.2	188.343
1591.45	189.547
1589.7	195.244
1587.94	195.747
1586.19	198.367
1584.43	197.766
1582.68	196.781
1580.92	193.801
1579.16	193.22
1577.41	192.721
1575.65	192.5
1573.89	192.662
1572.13	191.25
1570.38	188.479
1568.62	181.156
1566.86	183.462
1565.1	180.795
1563.34	179.537
1561.58	176.459
1559.82	173.656
1558.06	171.787
1556.29	173.182
1554.53	172.78
1552.77	168.722
1551.01	168.38
1549.24	170.764
1547.48	169.833
1545.71	169.921
1543.95	170.77
1542.18	168.844
1540.42	163.81
1538.65	161.818
1536.89	157.302
1535.12	161.284
1533.35	164.125
1531.58	163.991
1529.82	158.712
1528.05	158.285
1526.28	160.795
1524.51	161.103
1522.74	164.092
1520.97	168.124
1519.2	176.876
1517.42	189.555
1515.65	206.259
1513.88	217.876
1512.11	230.485
1510.33	241.735
1508.56	254.28
1506.79	268.921
1505.01	280.273
1503.24	294.39
1501.46	304.681
1499.69	313.179
1497.91	324.721
1496.13	333.276
1494.36	337.302
1492.58	341.195
1490.8	349.64
1489.02	354.394
1487.24	360.123
1485.46	365.271
1483.68	371.25
1481.9	371.225
1480.12	368.237
1478.34	367.042
1476.56	366.038
1474.78	367.266
1473	364.973
1471.21	364.468
1469.43	366.333
1467.65	373.023
1465.86	377.938
1464.08	387.005
1462.29	394.473
1460.51	403.259
1458.72	411.375
1456.93	421.815
1455.15	432.22
1453.36	441.995
1451.57	446.842
1449.79	452.09
1448	445.668
1446.21	443.158
1444.42	437.871
1442.63	434.666
1440.84	426.329
1439.05	413.94
1437.26	405.818
1435.46	396.572
1433.67	387.733
1431.88	377.62
1430.09	368.106
1428.29	363.31
1426.5	360.403
1424.71	360.629
1422.91	365.127
1421.12	369.677
1419.32	372.201
1417.52	378.575
1415.73	378.362
1413.93	381.37
1412.13	376.094
1410.34	374.103
1408.54	370.489
1406.74	370.109
1404.94	364.683
1403.14	370.514
1401.34	376.23
1399.54	389.873
1397.74	411.293
1395.94	448.345
1394.14	498.695
1392.33	554.353
1390.53	624.256
1388.73	700.496
1386.92	781.419
1385.12	868.378
1383.32	950.013
1381.51	1025.77
1379.7	1089.25
1377.9	1140.44
1376.09	1178.04
1374.29	1203.8
1372.48	1209.42
1370.67	1192.69
1368.86	1163.92
1367.05	1119.3
1365.25	1068.72
1363.44	1006.27
1361.63	943.852
1359.82	879.458
1358.01	816.134
1356.19	757.614
1354.38	704.332
1352.57	659.345
1350.76	621.141
1348.95	587.144
1347.13	561.399
1345.32	534.599
1343.5	512.827
1341.69	491.85
1339.87	475.263
1338.06	463.484
1336.24	452.809
1334.43	442.505
1332.61	434.032
1330.79	423.286
1328.97	416.854
1327.16	408.515
1325.34	399.551
1323.52	395.859
1321.7	395.967
1319.88	395.884
1318.06	393.478
1316.24	389.057
1314.41	383.415
1312.59	384.444
1310.77	377.913
1308.95	375.082
1307.12	374.501
1305.3	373.723
1303.48	368.041
1301.65	359.372
1299.83	356.186
1298	351.909
1296.18	346.908
1294.35	346.168
1292.52	342.999
1290.69	345.886
1288.87	347.836
1287.04	346.141
1285.21	349.813
1283.38	352.178
1281.55	352.986
1279.72	348.902
1277.89	344.663
1276.06	333.453
1274.23	324.861
1272.4	311.411
1270.57	297.433
1268.73	283.345
1266.9	269.302
1265.07	256.298
1263.23	248.764
1261.4	239.552
1259.56	239.324
1257.73	240.198
1255.89	247.681
1254.06	258.729
1252.22	273.98
1250.38	286.703
1248.54	299.991
1246.71	304.937
1244.87	307.965
1243.03	311.724
1241.19	311.573
1239.35	310.505
1237.51	307.24
1235.67	298.372
1233.83	283.628
1231.98	267.638
1230.14	257.281
1228.3	249.077
1226.46	239.045
1224.61	231.49
1222.77	225.141
1220.92	223.059
1219.08	216.738
1217.23	212.94
1215.39	216.115
1213.54	217.623
1211.7	221.145
1209.85	219.287
1208	218.518
1206.15	217.99
1204.3	219.827
1202.45	215.815
1200.61	209.176
1198.76	203.999
1196.91	203.038
1195.05	196.927
1193.2	195.749
1191.35	195.745
1189.5	196.22
1187.65	194.509
1185.79	192.08
1183.94	186.108
1182.09	183.13
1180.23	183.319
1178.38	179.504
1176.52	177.877
1174.67	178.465
1172.81	179.342
1170.95	186.049
1169.1	192.056
1167.24	211.252
1165.38	229.104
1163.52	251.598
1161.66	279.507
1159.8	314.549
1157.94	350.306
1156.08	393.343
1154.22	428.714
1152.36	466.731
1150.5	504.121
1148.64	532.43
1146.77	555.859
1144.91	572.255
1143.05	577.605
1141.18	571.595
1139.32	556.053
1137.45	533.244
1135.59	506.278
1133.72	468.579
1131.86	429.156
1129.99	386.686
1128.12	350.74
1126.25	315.214
1124.39	286.468
1122.52	256.527
1120.65	231.484
1118.78	213.864
1116.91	200.357
1115.04	190.175
1113.17	187.018
1111.3	186.596
1109.42	185.925
1107.55	180.658
1105.68	177.419
1103.81	173.056
1101.93	159.982
1100.06	151.923
1098.18	143.552
1096.31	134.857
1094.43	131.62
1092.56	128.174
1090.68	123.111
1088.8	118.967
1086.93	118.099
1085.05	115.606
1083.17	112.213
1081.29	110.737
1079.41	107.618
1077.53	108.332
1075.65	105.13
1073.77	102.655
1071.89	100.814
1070.01	100.676
1068.13	94.9554
1066.24	95.3386
1064.36	91.1243
1062.48	94.5118
1060.59	91.9143
1058.71	98.2547
1056.83	103
1054.94	106.991
1053.05	114.519
1051.17	125.295
1049.28	131.099
1047.39	137.135
1045.51	143.875
1043.62	149.507
1041.73	155.819
1039.84	158.798
1037.95	157.081
1036.06	152.435
1034.17	148.834
1032.28	139.814
1030.39	133.139
1028.5	125.037
1026.61	116.632
1024.71	101.605
1022.82	91.1099
1020.93	79.7813
1019.03	70.9711
1017.14	61.1147
1015.24	56.0344
1013.35	46.1953
1011.45	42.3093
1009.56	42.6145
1007.66	40.0676
1005.76	44.8625
1003.86	46.9252
1001.97	48.1045
1000.07	48.7153
998.167	51.0097
996.268	56.5602
994.368	60.2108
992.466	62.2432
990.565	67.5633
988.664	68.0593
986.762	68.5786
984.86	66.8979
982.957	68.181
981.053	72.0751
979.15	70.196
977.245	74.3006
975.34	79.9475
973.435	83.1939
971.53	85.6933
969.624	86.8059
967.717	97.6988
965.809	104.927
963.902	117.218
961.994	128.322
960.086	139.2
958.177	153.572
956.267	165.887
954.357	176.987
952.447	190.25
950.536	200.752
948.625	209.291
946.713	215.202
944.8	219.266
942.888	216.407
940.974	206.976
939.061	198.419
937.147	188.217
935.233	174.815
933.317	165.643
931.402	155.779
929.485	139.994
927.569	133.653
925.652	124.549
923.735	121.021
921.817	113.418
919.899	109.763
917.98	103.221
916.061	97.1967
914.141	96.0448
912.22	97.8267
910.3	100.659
908.378	100.326
906.456	95.7845
904.534	91.7473
902.612	87.6622
900.689	85.697
898.766	84.3842
896.841	84.5365
894.916	87.2648
892.991	88.5767
891.066	96.0182
889.14	102.482
887.214	110.528
885.287	122.259
883.36	130.587
881.432	141.164
879.504	154.932
877.575	172.008
875.646	179.972
873.716	187.923
871.786	195.096
869.855	193.428
867.924	187.147
865.992	179.744
864.06	170.466
862.128	161.052
860.194	150.456
858.261	138.199
856.327	123.26
854.393	110.271
852.458	94.7232
850.522	83.3072
848.586	74.4734
846.65	70.0467
844.714	65.993
842.776	62.5842
840.838	60.8128
838.901	60.1263
836.961	62.7869
835.023	58.0396
833.082	55.2112
831.142	54.5603
829.202	53.5102
827.261	57.0966
825.319	57.6478
823.377	60.6616
821.434	58.9464
819.491	58.4534
817.548	57.3121
815.604	54.0316
813.66	54.4152
811.715	51.8472
809.769	47.6468
807.823	50.3913
805.878	50.5779
803.93	44.7327
801.983	38.3078
800.035	39.1438
798.087	37.9671
796.139	28.3466
794.189	26.2024
792.24	26.5078
790.289	28.9775
788.339	31.1589
786.387	28.2076
784.436	28.483
782.484	26.6608
780.532	23.0656
778.578	15.8826
776.624	15.6205
774.671	15.2787
772.716	11.9427
770.762	14.9841
768.806	14.4706
766.85	15.0179
764.893	13.3413
762.937	15.8349
760.979	17.2312
759.022	18.1819
757.064	21.4635
755.105	26.274
753.145	29.036
751.185	30.0475
749.226	26.3923
747.264	26.232
745.303	24.0855
743.341	20.4288
741.38	17.9554
739.417	22.8527
737.454	17.182
735.49	20.2181
733.526	18.325
731.562	24.2879
729.596	27.9633
727.631	31.3716
725.665	32.7261
723.699	29.6845
721.732	32.7046
719.764	38.6158
717.797	36.7753
715.828	33.172
713.859	28.3124
711.889	26.4894
709.919	23.9666
707.949	27.5957
705.978	20.8498
704.007	15.6499
702.035	15.8238
700.063	13.896
698.091	7.23852
696.117	4.69704
694.143	4.45813
692.169	7.88967
690.194	12.524
688.219	19.2111
686.244	33.8427
684.267	47.7394
682.291	57.6294
680.314	69.8225
678.336	77.7807
676.358	78.9323
674.379	76.8089
672.4	79.1436
670.421	67.9288
668.441	63.3403
666.46	59.6439
664.479	64.1171
662.497	67.9567
660.516	68.6312
658.533	60.5415
656.55	59.1646
654.567	55.5908
652.583	51.293
650.598	48.0663
648.614	45.9357
646.628	44.8625
644.643	40.6905
642.656	40.5101
640.669	44.4866
638.682	49.4076
636.694	51.2997
634.706	48.991
632.717	50.6197
630.728	45.8818
628.738	39.9342
626.748	32.7011
624.757	27.8125
622.766	22.786
620.774	25.0992
618.782	27.4853
616.789	35.0573
614.796	46.5609
612.802	51.3204
610.808	51.1435
608.814	49.9648
606.818	38.2001
604.822	28.6401
602.827	13.4263
600.83	2.74372
598.833	9.16256
596.836	23.3703
594.838	47.6951
592.839	79.414
590.84	121.25
588.841	172.44
586.84	225.542
584.84	281.851
582.838	339.219
580.838	399.585
578.835	455.524
576.833	508.592
574.83	558.302
572.827	604.112
570.822	635.637
568.818	653.23
566.813	652.956
564.808	645.008
562.802	628.9
560.795	607.769
558.788	570.628
556.781	532.786
554.773	492.861
552.765	444.622
550.756	402.265
548.747	362.822
546.737	327.757
544.726	292.755
542.716	263.318
540.704	235.656
538.692	211.564
536.68	179.91
534.667	148.651
532.654	122.13
530.64	108.095
528.626	95.6708
526.611	81.5657
524.596	79.0654
522.58	72.0762
520.564	68.4842
518.547	60.5419
516.529	51.3294
514.512	42.8011
512.494	28.9034
510.476	18.7178
508.456	12.6815
506.436	6.79203
504.416	6.52097
502.395	0.333769
500.374	-6.85078
498.353	-4.11341
496.33	-4.66747
494.307	0.427528
492.284	4.03908
490.261	7.24715
488.237	17.7408
486.212	19.7296
484.187	21.0169
482.161	19.5624
480.134	15.2424
478.108	8.75658
476.081	1.73872
474.054	1.36689
472.025	0.997104
469.997	13.3949
467.968	28.3536
465.938	45.2318
463.908	72.2203
461.877	99.3138
459.846	131.926
457.814	159.986
455.782	190.12
453.75	219.546
451.716	245.728
449.683	268.73
447.649	285.985
445.614	293.941
443.579	290.935
441.543	281.363
439.508	267.724
437.47	247.648
435.433	215.068
433.396	177.79
431.358	138.115
429.319	106.677
427.28	73.4365
425.241	40.0237
423.201	16.8514
421.16	-8.73148
419.118	-22.0418
417.077	-29.8385
415.035	-38.5132
412.993	-36.0203
410.949	-37.3482
408.905	-39.1599
406.862	-42.8139
404.816	-50.3737
402.771	-56.3974
400.727	-64.7164
398.68	-73.6651
396.633	-80.1191
394.586	-84.9893
392.539	-85.5674
390.491	-86.4199
388.442	-88.9677
386.393	-88.9234
384.344	-84.3932
382.293	-77.8073
380.242	-64.9567
378.192	-50.4731
376.14	-35.9957
374.088	-26.7394
372.035	-10.667
369.982	0.293286
367.928	9.80912
365.874	10.5893
363.82	4.10233
361.765	-1.12715
359.709	-12.3305
357.653	-25.2592
355.596	-41.2626
353.539	-54.4996
351.481	-68.8472
349.423	-89.1691
347.364	-107.311
345.305	-120.924
343.245	-131.983
341.185	-135.658
339.125	-134.371
337.063	-128.127
335.001	-123.86
332.94	-122.72
330.876	-117.568
328.813	-110.016
326.749	-104.678
324.685	-91.7591
322.621	-78.8114
320.555	-61.7702
318.489	-47.3154
316.423	-35.6414
314.356	-29.5262
312.29	-30.7905
310.221	-29.5044
308.153	-30.0344
306.084	-31.1356
304.015	-32.35
301.946	-33.587
299.875	-31.9298
297.804	-31.7237
295.733	-34.2355
293.661	-36.723
291.588	-40.4104
289.516	-38.0942
287.443	-31.8644
285.369	-23.6359
283.295	-20.9171
281.22	-5.88033
279.144	5.19736
277.068	16.1286
274.992	30.0857
272.915	43.0509
270.837	50.6764
268.76	53.5061
266.681	60.6217
264.602	63.7786
262.523	61.7555
260.443	57.3492
258.362	57.3876
256.282	52.4525
254.2	44.4677
252.118	37.2557
250.036	26.3871
247.952	26.7634
245.869	21.9171
243.784	21.231
241.7	12.8058
239.616	-1.19761
237.53	-10.6608
235.443	-16.1105
233.357	-13.4939
231.27	-4.33625
229.182	19.5054
227.094	64.9693
225.005	132.533
222.916	218.961
220.827	340.357
218.737	486.63
216.646	661.963
214.555	874.185
212.462	1108.98
210.37	1360.79
208.278	1623.45
206.185	1887.44
204.091	2141.23
201.997	2373.56
199.902	2582.36
197.807	2748.61
195.711	2876.49
193.615	2951.65
191.517	2976.73
189.42	2961.06
187.322	2892.07
185.224	2786.23
183.125	2656.73
181.025	2497.67
178.926	2318.65
176.825	2140.51
174.724	1962.75
172.623	1796.75
170.521	1646.53
168.418	1513.36
166.315	1406.67
164.212	1317.89
162.108	1258.63
160.003	1223.14
157.898	1211.24
155.793	1222.53
153.686	1258.25
151.58	1314.83
149.473	1390.86
147.365	1482.34
145.257	1570.95
143.148	1669.42
141.039	1767.37
138.929	1872.43
136.819	1967.21
134.709	2054.52
132.597	2134.48
130.485	2206.01
128.373	2264.17
126.26	2307.45
124.147	2339.16
122.033	2360.53
119.919	2373.63
117.804	2385.57
115.688	2400.92
113.573	2433.68
111.456	2490.89
109.339	2564.67
107.222	2656.49
105.103	2754.58
102.985	2850.19
100.866	2936.8
98.7467	3012.28
96.6262	3114.76
