3502.52	16.0876
3501.25	-2.71912
3499.98	-8.42875
3498.71	-4.08719
3497.44	2.13982
3496.17	1.94091
3494.9	1.08197
3493.62	1.21589
3492.35	2.9209
3491.08	1.52486
3489.8	0.219948
3488.53	2.6516
3487.26	5.68271
3485.98	3.90955
3484.71	4.50699
3483.43	4.75918
3482.16	5.57887
3480.88	7.2806
3479.6	8.13366
3478.33	8.53607
3477.05	8.66869
3475.77	10.2023
3474.5	9.23383
3473.22	8.8386
3471.94	9.29152
3470.66	9.98821
3469.38	9.0087
3468.1	6.65534
3466.82	7.46576
3465.54	8.47032
3464.26	8.27007
3462.98	8.64668
3461.7	8.33307
3460.42	8.13364
3459.14	7.883
3457.86	7.0617
3456.57	6.76834
3455.29	6.31891
3454.01	5.58432
3452.73	3.67916
3451.44	4.93998
3450.16	4.55659
3448.87	7.21437
3447.59	6.08433
3446.3	5.43931
3445.02	4.66562
3443.73	4.07425
3442.45	3.92373
3441.16	5.31095
3439.88	7.04747
3438.59	7.67563
3437.3	7.63915
3436.01	7.02639
3434.73	5.9641
3433.44	6.96473
3432.15	6.63127
3430.86	5.00527
3429.57	2.39004
3428.28	0.2454
3426.99	-0.600805
3425.7	0.424114
3424.41	0.613869
3423.12	0.586845
3421.83	5.34705
3420.54	5.61197
3419.24	6.62813
3417.95	8.44123
3416.66	9.96712
3415.37	10.1654
3414.07	9.74396
3412.78	9.868
3411.48	8.91911
3410.19	6.5439
3408.9	6.85874
3407.6	5.92793
3406.31	5.26636
3405.01	3.67012
3403.72	1.98945
3402.42	3.51507
3401.12	4.03313
3399.82	5.40517
3398.53	4.85985
3397.23	7.29271
3395.93	9.5885
3394.63	10.9682
3393.33	13.7134
3392.04	14.7704
3390.74	16.0665
3389.44	15.0384
3388.14	14.0992
3386.84	12.9195
3385.53	10.1196
3384.23	10.162
3382.93	8.6605
3381.63	8.40301
3380.33	8.7269
3379.03	7.79604
3377.72	6.65883
3376.42	7.92323
3375.12	10.6015
3373.81	13.1396
3372.51	14.7351
3371.2	13.7492
3369.9	14.7508
3368.59	16.1384
3367.29	17.4606
3365.98	15.5694
3364.68	13.0869
3363.37	13.5348
3362.06	11.5224
3360.76	9.99311
3359.45	6.83853
3358.14	6.56901
3356.83	5.36125
3355.52	3.5004
3354.22	2.41079
3352.91	1.66526
3351.6	0.594866
3350.29	0.458501
3348.98	1.80892
3347.67	2.69303
3346.36	2.52936
3345.04	2.98414
3343.73	4.3386
3342.42	5.53322
3341.11	3.70317
3339.8	4.2442
3338.48	5.21296
3337.17	5.34914
3335.86	5.40489
3334.54	6.70242
3333.23	5.38994
3331.91	4.06094
3330.6	3.70279
3329.28	4.15992
3327.97	3.77609
3326.65	4.39495
3325.34	4.95229
3324.02	5.16378
3322.7	5.69175
3321.38	4.32314
3320.07	2.40904
3318.75	0.750229
3317.43	1.35503
3316.11	2.18749
3314.79	2.56132
3313.47	3.35027
3312.15	2.87263
3310.83	1.69145
3309.51	1.85444
3308.19	2.79289
3306.87	2.92165
3305.55	1.33135
3304.23	2.79671
3302.9	5.35398
3301.58	8.51868
3300.26	9.50894
3298.94	11.9881
3297.61	13.2193
3296.29	14.0048
3294.96	14.1491
3293.64	11.0631
3292.31	10.5841
3290.99	7.13349
3289.66	6.41259
3288.34	4.35462
3287.01	3.14254
3285.68	1.8432
3284.36	1.34319
3283.03	1.28758
3281.7	-0.0972563
3280.37	0.579468
3279.05	2.82094
3277.72	4.64811
3276.39	8.75364
3275.06	8.90258
3273.73	12.2561
3272.4	13.2693
3271.07	12.0953
3269.74	13.1159
3268.41	13.7029
3267.08	14.2203
3265.74	12.1831
3264.41	12.7321
3263.08	10.5918
3261.75	7.31504
3260.41	5.73751
3259.08	3.7694
3257.75	4.95379
3256.41	6.57136
3255.08	8.41028
3253.74	9.99078
3252.41	10.4193
3251.07	11.9184
3249.74	10.8709
3248.4	10.4019
3247.06	8.73036
3245.73	10.4093
3244.39	9.224
3243.05	8.67552
3241.71	9.13264
3240.37	8.35691
3239.04	7.82317
3237.7	9.06011
3236.36	10.7757
3235.02	11.5505
3233.68	12.518
3232.34	14.2531
3231	14.0453
3229.66	15.1156
3228.31	16.7692
3226.97	16.2012
3225.63	16.4608
3224.29	16.7608
3222.94	16.97
3221.6	13.7077
3220.26	12.344
3218.91	11.0116
3217.57	10.7316
3216.23	11.6583
3214.88	11.3026
3213.53	11.5021
3212.19	11.8756
3210.84	11.422
3209.5	12.2378
3208.15	14.0579
3206.8	16.9109
3205.46	18.369
3204.11	18.7179
3202.76	19.059
3201.41	18.445
3200.06	16.2085
3198.71	14.0915
3197.36	13.4039
3196.01	11.7836
3194.66	12.4262
3193.31	12.5308
3191.96	11.5125
3190.61	9.13487
3189.26	9.82161
3187.91	8.88653
3186.56	7.79382
3185.2	7.12119
3183.85	7.24226
3182.5	8.56788
3181.14	9.53641
3179.79	9.24885
3178.44	12.3392
3177.08	11.1694
3175.73	12.8624
3174.37	13.1231
3173.01	13.9695
3171.66	13.1343
3170.3	13.4308
3168.95	14.198
3167.59	14.305
3166.23	15.3416
3164.87	15.5742
3163.51	16.6887
3162.16	14.7192
3160.8	13.0872
3159.44	9.48687
3158.08	7.00215
3156.72	5.84341
3155.36	3.50582
3154	0.233772
3152.64	-0.409085
3151.28	-1.78824
3149.91	-2.84188
3148.55	-1.96122
3147.19	-0.121732
3145.83	0.986063
3144.46	1.94998
3143.1	1.87496
3141.74	3.23724
3140.37	3.90794
3139.01	4.14482
3137.64	5.34096
3136.28	8.62429
3134.91	9.62842
3133.55	11.6806
3132.18	11.884
3130.81	13.2852
3129.45	13.1146
3128.08	11.2131
3126.71	12.3232
3125.34	11.6733
3123.98	10.7745
3122.61	9.44887
3121.24	11.6043
3119.87	12.5182
3118.5	11.0468
3117.13	10.0894
3115.76	10.6431
3114.39	11.5155
3113.02	11.3806
3111.64	10.9871
3110.27	12.6827
3108.9	9.73132
3107.53	10.0514
3106.15	9.61522
3104.78	11.3302
3103.41	10.7523
3102.03	11.5253
3100.66	12.5113
3099.29	12.0223
3097.91	10.2509
3096.53	8.4634
3095.16	11.6785
3093.78	11.2344
3092.41	12.3047
3091.03	13.9674
3089.65	16.8768
3088.27	19.3311
3086.9	20.4688
3085.52	22.7033
3084.14	23.6912
3082.76	22.812
3081.38	20.5948
3080	17.2388
3078.62	17.5006
3077.24	14.837
3075.86	12.6345
3074.48	10.7553
3073.1	10.9961
3071.72	8.92529
3070.33	7.98751
3068.95	8.10507
3067.57	8.58392
3066.19	11.4771
3064.8	15.2203
3063.42	18.799
3062.03	21.6525
3060.65	24.4288
3059.26	24.0137
3057.88	24.7149
3056.49	23.5318
3055.11	23.7015
3053.72	22.9237
3052.33	20.6868
3050.95	19.2575
3049.56	16.2547
3048.17	13.6507
3046.78	11.511
3045.4	8.46533
3044.01	7.09712
3042.62	5.74066
3041.23	7.23204
3039.84	7.25771
3038.45	9.28657
3037.06	11.5362
3035.67	12.6296
3034.28	13.286
3032.88	14.7759
3031.49	16.6362
3030.1	17.6055
3028.71	16.9863
3027.31	15.3431
3025.92	16.5108
3024.52	14.0575
3023.13	14.9677
3021.74	16.8082
3020.34	18.2612
3018.95	18.8001
3017.55	19.0228
3016.16	22.0128
3014.76	23.5513
3013.36	24.0254
3011.96	25.4675
3010.57	24.5647
3009.17	23.7867
3007.77	23.6215
3006.37	22.7743
3004.97	21.1119
3003.57	20.1475
3002.17	18.2892
3000.77	15.1432
2999.37	15.1562
2997.97	11.3748
2996.57	10.1138
2995.17	10.0477
2993.77	9.52084
2992.37	10.3995
2990.97	12.9585
2989.56	13.7553
2988.16	16.6269
2986.76	17.1783
2985.35	21.2415
2983.95	23.5773
2982.54	24.3636
2981.14	25.0743
2979.73	25.137
2978.33	25.5315
2976.92	24.3455
2975.51	23.3176
2974.11	23.2578
2972.7	22.7629
2971.29	21.91
2969.89	21.8786
2968.48	24.2476
2967.07	26.3236
2965.66	26.6932
2964.25	28.0629
2962.84	30.4649
2961.43	32.8451
2960.02	34.8354
2958.61	36.3559
2957.2	37.0415
2955.79	37.5525
2954.38	34.3263
2952.96	34.4838
2951.55	34.3113
2950.14	32.7992
2948.73	32.7027
2947.31	32.1693
2945.9	35.0946
2944.48	36.9998
2943.07	39.3378
2941.65	41.8818
2940.24	43.8065
2938.82	45.0486
2937.41	47.4333
2935.99	48.4783
2934.57	48.2339
2933.16	49.0829
2931.74	49.7863
2930.32	46.9173
2928.9	46.7133
2927.48	45.2351
2926.06	43.7156
2924.64	42.255
2923.22	39.1359
2921.8	37.9621
2920.38	37.4225
2918.96	36.5381
2917.54	38.8093
2916.12	39.38
2914.7	41.915
2913.28	43.213
2911.85	42.9387
2910.43	43.7553
2909.01	42.2491
2907.58	40.0833
2906.16	34.8786
2904.74	32.6043
2903.31	29.2771
2901.88	26.333
2900.46	22.0549
2899.03	19.4354
2897.61	19.22
2896.18	19.2602
2894.75	21.4064
2893.33	21.275
2891.9	22.0944
2890.47	23.783
2889.04	25.3332
2887.61	26.3535
2886.18	27.2031
2884.75	28.7556
2883.32	27.9759
2881.89	27.7687
2880.46	28.6317
2879.03	29.1386
2877.6	29.0036
2876.17	27.2563
2874.74	25.9222
2873.3	26.0971
2871.87	26.9527
2870.44	25.9418
2869.01	24.2565
2867.57	24.4845
2866.14	25.7042
2864.7	25.6937
2863.27	25.8197
2861.83	26.3884
2860.4	26.2663
2858.96	25.1449
2857.52	24.0372
2856.09	21.9724
2854.65	20.1651
2853.21	18.825
2851.77	18.4519
2850.34	18.4228
2848.9	19.4765
2847.46	20.031
2846.02	21.8929
2844.58	23.7194
2843.14	24.6258
2841.7	25.7127
2840.26	24.5194
2838.82	26.5823
2837.37	25.5011
2835.93	23.3659
2834.49	19.5554
2833.05	18.2068
2831.6	14.2124
2830.16	13.5289
2828.72	12.556
2827.27	9.15883
2825.83	7.36938
2824.38	6.13842
2822.94	8.29835
2821.49	8.54346
2820.05	8.18636
2818.6	10.6192
2817.15	13.3949
2815.71	13.4831
2814.26	15.2048
2812.81	15.9924
2811.36	17.0883
2809.91	14.0333
2808.47	13.4314
2807.02	13.5011
2805.57	13.3864
2804.12	10.7903
2802.67	7.62214
2801.22	4.23099
2799.76	1.29226
2798.31	-0.815768
2796.86	-4.10401
2795.41	-4.05686
2793.96	-3.5441
2792.5	-6.17136
2791.05	-5.49209
2789.6	-4.22662
2788.14	-2.64688
2786.69	-0.109879
2785.23	4.2131
2783.78	7.39053
2782.32	10.4214
2780.86	13.3627
2779.41	15.0624
2777.95	17.5353
2776.5	18.222
2775.04	17.7825
2773.58	17.732
2772.12	18.3585
2770.66	16.2494
2769.2	15.1572
2767.74	12.3958
2766.29	12.5037
2764.83	10.7766
2763.36	9.24938
2761.9	9.92253
2760.44	9.6743
2758.98	7.9693
2757.52	8.63451
2756.06	9.25775
2754.59	7.85007
2753.13	6.96602
2751.67	6.64159
2750.2	5.29493
2748.74	3.17955
2747.28	0.31798
2745.81	0.0955421
2744.35	1.43569
2742.88	0.387938
2741.41	2.2432
2739.95	2.96621
2738.48	2.93315
2737.01	3.20068
2735.55	4.27116
2734.08	5.22406
2732.61	7.04585
2731.14	8.81598
2729.67	10.2032
2728.2	8.75933
2726.73	6.516
2725.26	5.492
2723.79	2.20021
2722.32	3.78523
2720.85	3.58824
2719.38	2.99696
2717.91	3.00029
2716.44	2.15477
2714.96	2.97161
2713.49	5.99724
2712.02	9.48357
2710.54	11.6161
2709.07	12.1515
2707.59	14.323
2706.12	14.8919
2704.64	15.1209
2703.17	15.0168
2701.69	15.6191
2700.22	13.9507
2698.74	12.2066
2697.26	11.6918
2695.78	10.1098
2694.31	8.54721
2692.83	7.47931
2691.35	9.22617
2689.87	9.76864
2688.39	9.36983
2686.91	9.52997
2685.43	9.87521
2683.95	11.3229
2682.47	13.0046
2680.99	15.3256
2679.51	16.1155
2678.03	17.4154
2676.54	19.0504
2675.06	19.2423
2673.58	17.3442
2672.09	15.5514
2670.61	12.6991
2669.13	9.77936
2667.64	9.39885
2666.16	7.8407
2664.67	5.65217
2663.18	5.50265
2661.7	4.95438
2660.21	4.62708
2658.72	3.23995
2657.24	5.92297
2655.75	5.78463
2654.26	6.35603
2652.77	6.16005
2651.28	7.05274
2649.8	4.5961
2648.31	3.21329
2646.82	1.9527
2645.33	4.14773
2643.84	4.70536
2642.34	1.82656
2640.85	0.719001
2639.36	0.804313
2637.87	2.31302
2636.38	3.29849
2634.88	3.62409
2633.39	5.12339
2631.9	5.81645
2630.4	6.25399
2628.91	7.44472
2627.41	8.70174
2625.92	7.85524
2624.42	8.01927
2622.93	9.61306
2621.43	8.67427
2619.93	6.32122
2618.44	3.03005
2616.94	3.56187
2615.44	4.45994
2613.94	2.95139
2612.44	2.12211
2610.95	0.325857
2609.45	-0.220701
2607.95	1.42036
2606.45	4.20736
2604.95	5.11604
2603.44	3.98688
2601.94	4.05785
2600.44	5.38383
2598.94	5.54142
2597.44	7.49978
2595.93	7.8292
2594.43	9.74846
2592.93	11.0922
2591.42	12.1899
2589.92	13.8911
2588.42	15.0679
2586.91	15.1131
2585.4	16.3431
2583.9	15.7881
2582.39	15.9313
2580.89	13.2901
2579.38	12.9465
2577.87	9.92624
2576.36	9.5699
2574.86	7.64576
2573.35	5.57625
2571.84	3.84882
2570.33	3.20531
2568.82	3.36161
2567.31	3.43474
2565.8	4.94799
2564.29	4.54218
2562.78	6.44286
2561.27	7.09302
2559.75	9.29921
2558.24	10.0664
2556.73	11.3163
2555.22	12.7
2553.7	13.0011
2552.19	10.6028
2550.68	10.3044
2549.16	11.5088
2547.65	10.5059
2546.13	9.92564
2544.61	8.05495
2543.1	7.57558
2541.58	8.15037
2540.07	8.81319
2538.55	11.0783
2537.03	11.2134
2535.51	11.1017
2533.99	12.3122
2532.48	13.1611
2530.96	12.8512
2529.44	11.7192
2527.92	12.6361
2526.4	13.2675
2524.88	15.67
2523.36	13.5678
2521.83	12.0169
2520.31	10.7239
2518.79	11.2885
2517.27	7.65326
2515.74	7.48467
2514.22	7.48556
2512.7	7.81977
2511.17	7.79962
2509.65	8.84529
2508.12	10.8835
2506.6	11.2277
2505.07	13.0345
2503.55	15.663
2502.02	17.555
2500.49	19.0626
2498.97	19.2305
2497.44	17.7237
2495.91	16.3885
2494.38	14.6149
2492.85	13.7757
2491.32	13.9005
2489.8	13.2238
2488.27	12.3454
2486.74	13.9653
2485.2	12.6182
2483.67	10.2709
2482.14	8.9304
2480.61	11.0136
2479.08	12.7688
2477.55	14.2948
2476.01	11.0453
2474.48	13.5291
2472.95	15.3134
2471.41	15.4365
2469.88	15.6143
2468.34	13.5669
2466.81	11.0675
2465.27	8.97298
2463.74	5.11667
2462.2	2.63515
2460.66	-1.33492
2459.12	-5.82569
2457.59	-4.35301
2456.05	-3.2492
2454.51	-3.09788
2452.97	-3.36967
2451.43	-2.45176
2449.89	-0.66156
2448.35	1.52712
2446.81	2.4927
2445.27	3.66276
2443.73	5.6108
2442.19	10.6456
2440.65	8.48508
2439.11	10.8123
2437.56	11.756
2436.02	12.1673
2434.48	14.1065
2432.93	13.8183
2431.39	15.9123
2429.84	13.5214
2428.3	12.6092
2426.75	9.64727
2425.21	8.88638
2423.66	7.59885
2422.12	7.97668
2420.57	5.95707
2419.02	4.18069
2417.47	3.44573
2415.93	2.3675
2414.38	2.67385
2412.83	-0.559258
2411.28	-3.299
2409.73	-0.99469
2408.18	0.225961
2406.63	0.0306679
2405.08	0.730995
2403.53	2.49568
2401.98	4.66626
2400.42	7.71855
2398.87	6.92898
2397.32	7.98075
2395.77	8.54878
2394.21	7.76571
2392.66	8.61466
2391.1	7.55709
2389.55	5.88064
2387.99	5.98969
2386.44	7.05961
2384.88	6.21347
2383.33	6.14718
2381.77	6.21269
2380.21	6.60873
2378.66	7.32809
2377.1	6.61921
2375.54	7.93403
2373.98	10.2596
2372.42	12.0908
2370.86	12.6303
2369.3	12.7234
2367.74	14.2297
2366.18	16.1034
2364.62	19.2879
2363.06	18.4547
2361.5	20.8792
2359.94	19.3585
2358.37	19.8431
2356.81	19.6693
2355.25	18.4089
2353.68	17.4441
2352.12	17.0733
2350.56	16.3854
2348.99	15.4983
2347.43	14.019
2345.86	12.4894
2344.29	11.7508
2342.73	11.3496
2341.16	11.9712
2339.59	13.3626
2338.03	14.0013
2336.46	17.2844
2334.89	21.4505
2333.32	23.8407
2331.75	28.4229
2330.18	31.9141
2328.61	34.3411
2327.04	34.2481
2325.47	34.5156
2323.9	33.3107
2322.33	32.5749
2320.76	29.6382
2319.18	27.1204
2317.61	26.0853
2316.04	24.8661
2314.47	24.3543
2312.89	22.7584
2311.32	22.4296
2309.74	20.1667
2308.17	21.0954
2306.59	19.5938
2305.02	19.6969
2303.44	20.7635
2301.86	20.1629
2300.29	21.168
2298.71	20.6933
2297.13	19.472
2295.55	19.673
2293.97	18.7584
2292.4	19.0472
2290.82	14.3998
2289.24	13.2813
2287.66	11.8961
2286.08	9.79256
2284.49	10.8085
2282.91	12.9189
2281.33	13.1885
2279.75	14.094
2278.17	14.4712
2276.58	14.9425
2275	15.9919
2273.42	17.9321
2271.83	19.1538
2270.25	20.809
2268.66	20.5691
2267.08	21.0632
2265.49	20.2629
2263.91	20.0582
2262.32	19.74
2260.73	20.6438
2259.14	18.6171
2257.56	17.858
2255.97	17.0708
2254.38	18.2724
2252.79	19.1182
2251.2	20.7635
2249.61	23.3621
2248.02	26.2578
2246.43	28.9192
2244.84	34.6178
2243.25	37.2979
2241.66	40.5331
2240.07	42.4176
2238.47	44.4781
2236.88	45.8178
2235.29	44.5606
2233.69	44.5959
2232.1	44.2512
2230.5	40.8698
2228.91	37.723
2227.31	34.9126
2225.72	33.7576
2224.12	31.8131
2222.53	32.0067
2220.93	32.0113
2219.33	31.0823
2217.73	30.1867
2216.14	29.0049
2214.54	30.4135
2212.94	33.0312
2211.34	34.1762
2209.74	33.1122
2208.14	33.7727
2206.54	30.8244
2204.94	29.3205
2203.34	28.0536
2201.74	26.9223
2200.13	24.6878
2198.53	22.7846
2196.93	22.0008
2195.33	20.9649
2193.72	21.7639
2192.12	22.6934
2190.51	23.006
2188.91	24.0643
2187.3	22.9296
2185.7	24.833
2184.09	26.4381
2182.48	28.0629
2180.88	29.0734
2179.27	28.5343
2177.66	28.8745
2176.05	28.4978
2174.45	30.1031
2172.84	31.6104
2171.23	31.4224
2169.62	31.6394
2168.01	32.9451
2166.4	32.8118
2164.79	36.2119
2163.18	34.6654
2161.56	33.9338
2159.95	32.3298
2158.34	31.0803
2156.73	30.9065
2155.11	30.217
2153.5	32.9522
2151.89	33.5052
2150.27	34.2237
2148.66	35.8033
2147.04	36.7407
2145.43	38.3399
2143.81	37.9838
2142.19	39.661
2140.58	41.6922
2138.96	42.1132
2137.34	42.7828
2135.72	41.4727
2134.1	40.9346
2132.48	41.371
2130.86	43.5334
2129.25	41.142
2127.63	42.2375
2126	42.1354
2124.38	41.1168
2122.76	42.1742
2121.14	43.122
2119.52	41.1403
2117.9	40.814
2116.27	43.8699
2114.65	43.1296
2113.03	44.4264
2111.4	43.4051
2109.78	41.5897
2108.15	41.4806
2106.53	36.1038
2104.9	33.3859
2103.27	30.9946
2101.65	29.5292
2100.02	28.9347
2098.39	27.8692
2096.77	27.7396
2095.14	30.11
2093.51	33.6892
2091.88	36.9652
2090.25	38.1648
2088.62	39.5279
2086.99	39.5547
2085.36	38.698
2083.73	40.3097
2082.1	38.4383
2080.46	36.4469
2078.83	33.5426
2077.2	28.5221
2075.57	26.3207
2073.93	24.0717
2072.3	24.5367
2070.66	24.1353
2069.03	25.2466
2067.4	26.9134
2065.76	26.8292
2064.12	30.3682
2062.49	32.5634
2060.85	35.0621
2059.21	38.8425
2057.58	42.6783
2055.94	45.206
2054.3	46.7175
2052.66	46.0313
2051.02	43.5139
2049.38	42.4983
2047.74	38.5772
2046.1	35.8188
2044.46	32.2831
2042.82	30.2458
2041.18	29.9731
2039.53	28.7137
2037.89	26.949
2036.25	24.9412
2034.61	24.8921
2032.96	24.4398
2031.32	25.928
2029.67	27.4552
2028.03	28.9891
2026.38	30.4754
2024.74	32.2647
2023.09	32.0368
2021.44	32.6902
2019.8	31.8623
2018.15	33.4974
2016.5	33.5698
2014.85	33.0324
2013.21	33.7597
2011.56	35.6002
2009.91	36.0829
2008.26	35.1727
2006.61	33.4465
2004.96	32.4818
2003.3	34.0555
2001.65	34.1744
2000	34.4006
1998.35	36.1332
1996.7	36.7736
1995.04	37.0275
1993.39	38.5447
1991.74	38.3389
1990.08	36.2432
1988.43	34.8284
1986.77	35.1566
1985.12	32.8545
1983.46	31.2639
1981.8	29.5761
1980.15	26.552
1978.49	27.7767
1976.83	28.9255
1975.17	29.6401
1973.51	30.7394
1971.86	34.1362
1970.2	38.4513
1968.54	42.4861
1966.88	45.1084
1965.22	47.0801
1963.55	47.7494
1961.89	44.2546
1960.23	42.0177
1958.57	38.8619
1956.91	32.6279
1955.24	30.4825
1953.58	28.5137
1951.92	26.4321
1950.25	24.5894
1948.59	24.7861
1946.92	24.766
1945.26	24.7089
1943.59	24.2612
1941.92	26.9331
1940.26	30.458
1938.59	30.2007
1936.92	30.8426
1935.25	32.235
1933.59	30.4848
1931.92	26.5471
1930.25	24.1617
1928.58	22.0654
1926.91	21.1165
1925.24	21.858
1923.57	19.25
1921.9	19.0486
1920.22	22.1182
1918.55	26.89
1916.88	31.9586
1915.21	35.0169
1913.53	36.3345
1911.86	37.7454
1910.18	37.2169
1908.51	36.618
1906.83	33.9462
1905.16	32.7261
1903.48	30.4981
1901.81	25.2636
1900.13	24.5705
1898.45	20.8844
1896.78	15.4574
1895.1	15.5541
1893.42	15.8239
1891.74	17.8961
1890.06	22.3621
1888.38	24.0795
1886.7	27.6427
1885.02	30.4156
1883.34	31.0832
1881.66	30.8491
1879.98	33.5618
1878.3	32.8372
1876.61	34.4425
1874.93	34.0491
1873.25	31.0182
1871.56	30.7902
1869.88	27.3605
1868.19	26.89
1866.51	25.6792
1864.82	24.7532
1863.14	23.3142
1861.45	22.0093
1859.76	22.3246
1858.08	20.7228
1856.39	23.0633
1854.7	19.3811
1853.01	19.6115
1851.32	20.7496
1849.63	21.0915
1847.95	18.6936
1846.25	18.3859
1844.56	18.6677
1842.87	18.3514
1841.18	21.3629
1839.49	21.8275
1837.8	20.3421
1836.11	17.1903
1834.41	17.6157
1832.72	18.6028
1831.03	18.4027
1829.33	17.8826
1827.64	15.9848
1825.94	13.7986
1824.25	11.0991
1822.55	9.8439
1820.85	8.94406
1819.16	7.83551
1817.46	6.04765
1815.76	7.5128
1814.06	9.11345
1812.36	9.86772
1810.67	8.68053
1808.97	7.96892
1807.27	9.52815
1805.57	10.7232
1803.87	8.91851
1802.17	9.58219
1800.46	8.92625
1798.76	10.4917
1797.06	7.62649
1795.36	6.48908
1793.65	6.05128
1791.95	6.5556
1790.25	7.89193
1788.54	6.80501
1786.84	8.02514
1785.13	5.19394
1783.43	8.10317
1781.72	11.9405
1780.01	16.2653
1778.31	21.1211
1776.6	25.2918
1774.89	30.3899
1773.18	31.1216
1771.47	32.0125
1769.77	31.1588
1768.06	31.6881
1766.35	30.1037
1764.64	28.9997
1762.92	24.5497
1761.21	21.6607
1759.5	19.6502
1757.79	16.0931
1756.08	14.2713
1754.36	12.8326
1752.65	13.0459
1750.94	10.7343
1749.22	10.6602
1747.51	13.0588
1745.79	15.1047
1744.08	17.511
1742.36	18.6184
1740.65	21.0065
1738.93	22.2341
1737.21	23.8178
1735.49	24.0265
1733.78	23.4557
1732.06	22.9345
1730.34	23.8252
1728.62	22.1174
1726.9	19.5141
1725.18	14.8838
1723.46	13.109
1721.74	12.6598
1720.02	11.8195
1718.3	15.076
1716.57	17.1221
1714.85	18.4848
1713.13	26.1824
1711.41	30.2288
1709.68	33.1555
1707.96	33.6108
1706.23	36.4834
1704.51	40.3203
1702.78	39.2015
1701.05	41.4229
1699.33	42.1285
1697.6	40.8696
1695.87	39.8
1694.15	35.1139
1692.42	35.0858
1690.69	34.3973
1688.96	35.9322
1687.23	36.1431
1685.5	36.5227
1683.77	35.4431
1682.04	36.2877
1680.31	35.1373
1678.58	36.8232
1676.85	37.1569
1675.11	37.0368
1673.38	37.9135
1671.65	39.9434
1669.91	38.9108
1668.18	38.237
1666.44	40.1978
1664.71	40.2614
1662.97	39.3085
1661.24	39.1954
1659.5	40.535
1657.76	40.4069
1656.03	43.0656
1654.29	43.0119
1652.55	43.4749
1650.81	42.5446
1649.07	43.3513
1647.33	43.1888
1645.59	38.2376
1643.85	37.1672
1642.11	34.7967
1640.37	34.2482
1638.63	35.1282
1636.89	35.6959
1635.15	35.4046
1633.4	37.4654
1631.66	41.66
1629.92	44.162
1628.17	44.3336
1626.43	49.382
1624.68	56.1207
1622.94	61.6004
1621.19	63.9186
1619.45	71.8892
1617.7	75.0245
1615.95	76.0888
1614.21	79.1641
1612.46	80.7725
1610.71	80.9356
1608.96	84.2196
1607.21	83.7015
1605.46	84.8048
1603.71	82.8557
1601.96	82.5897
1600.21	80.6494
1598.46	79.6866
1596.71	76.3636
1594.95	75.2177
1593.2	72.1227
1591.45	71.937
1589.7	71.4604
1587.94	71.839
1586.19	70.3628
1584.43	73.3819
1582.68	73.707
1580.92	74.4311
1579.16	75.8812
1577.41	78.0162
1575.65	79.5727
1573.89	78.9072
1572.13	80.7632
1570.38	81.5754
1568.62	85.8327
1566.86	85.2664
1565.1	84.4609
1563.34	81.7921
1561.58	83.8107
1559.82	86.4671
1558.06	85.7463
1556.29	82.964
1554.53	83.5532
1552.77	81.1667
1551.01	81.7042
1549.24	77.2222
1547.48	75.8309
1545.71	75.377
1543.95	73.9253
1542.18	74.6619
1540.42	71.0317
1538.65	68.2879
1536.89	69.073
1535.12	69.0159
1533.35	72.2958
1531.58	75.9265
1529.82	80.3335
1528.05	83.9462
1526.28	91.2457
1524.51	94.1462
1522.74	96.6244
1520.97	102.601
1519.2	105.265
1517.42	110.393
1515.65	112.406
1513.88	112.683
1512.11	115.098
1510.33	116.234
1508.56	116.845
1506.79	117.927
1505.01	121.183
1503.24	124.039
1501.46	125.698
1499.69	128.332
1497.91	130.573
1496.13	133.75
1494.36	135.027
1492.58	136.617
1490.8	139.372
1489.02	140.913
1487.24	143.776
1485.46	142.559
1483.68	142.808
1481.9	142.824
1480.12	144.491
1478.34	144.171
1476.56	142.415
1474.78	138.893
1473	135.844
1471.21	136.085
1469.43	133.73
1467.65	130.699
1465.86	134.124
1464.08	134.998
1462.29	136.804
1460.51	137.153
1458.72	141.788
1456.93	143.432
1455.15	146.127
1453.36	153.33
1451.57	156.943
1449.79	160.711
1448	162.471
1446.21	162.135
1444.42	162.063
1442.63	158.572
1440.84	161.759
1439.05	157.417
1437.26	157.527
1435.46	150.523
1433.67	144.487
1431.88	137.067
1430.09	127.802
1428.29	126.639
1426.5	122.427
1424.71	119.991
1422.91	120.586
1421.12	121.821
1419.32	124.251
1417.52	124.13
1415.73	127.203
1413.93	127.15
1412.13	125.027
1410.34	123.145
1408.54	119.684
1406.74	120.819
1404.94	121.876
1403.14	126.053
1401.34	134.057
1399.54	148.71
1397.74	167.943
1395.94	191.443
1394.14	219.06
1392.33	248.671
1390.53	280.495
1388.73	312.475
1386.92	343.745
1385.12	372.135
1383.32	396.151
1381.51	417.86
1379.7	427.921
1377.9	433.925
1376.09	431.854
1374.29	422.505
1372.48	407.26
1370.67	386.532
1368.86	362.191
1367.05	331.625
1365.25	302.763
1363.44	271.139
1361.63	243.168
1359.82	222.247
1358.01	203.591
1356.19	186.58
1354.38	173.306
1352.57	163.971
1350.76	156.052
1348.95	148.485
1347.13	141.636
1345.32	135.472
1343.5	132.645
1341.69	126.849
1339.87	121.789
1338.06	120.699
1336.24	116.429
1334.43	115.076
1332.61	115.702
1330.79	114.964
1328.97	116.994
1327.16	115.128
1325.34	115.838
1323.52	115.018
1321.7	112.672
1319.88	112.05
1318.06	105.773
1316.24	105.352
1314.41	104.611
1312.59	101.951
1310.77	100.081
1308.95	98.636
1307.12	96.2865
1305.3	97.1017
1303.48	94.0251
1301.65	92.8341
1299.83	88.7414
1298	84.3136
1296.18	82.1907
1294.35	81.7186
1292.52	83.4947
1290.69	86.4478
1288.87	86.0801
1287.04	87.5194
1285.21	83.5633
1283.38	82.6514
1281.55	82.3993
1279.72	81.4504
1277.89	79.4046
1276.06	76.7625
1274.23	76.5365
1272.4	74.6552
1270.57	75.0432
1268.73	78.608
1266.9	80.5524
1265.07	78.6602
1263.23	79.0942
1261.4	82.2615
1259.56	77.1734
1257.73	77.7525
1255.89	76.1713
1254.06	74.8713
1252.22	76.1358
1250.38	74.598
1248.54	75.0262
1246.71	75.2037
1244.87	73.7804
1243.03	72.2596
1241.19	71.6344
1239.35	69.4961
1237.51	65.689
1235.67	59.99
1233.83	56.3044
1231.98	51.2158
1230.14	46.9858
1228.3	46.7028
1226.46	44.6651
1224.61	43.9457
1222.77	43.0846
1220.92	40.8783
1219.08	39.2545
1217.23	36.4317
1215.39	35.5878
1213.54	38.3767
1211.7	39.5322
1209.85	44.4922
1208	45.9746
1206.15	46.6841
1204.3	46.6553
1202.45	44.0295
1200.61	45.4221
1198.76	44.418
1196.91	44.9585
1195.05	41.8357
1193.2	36.7651
1191.35	33.7342
1189.5	29.7639
1187.65	33.4615
1185.79	37.0531
1183.94	38.1519
1182.09	38.4878
1180.23	40.5723
1178.38	41.3576
1176.52	40.6355
1174.67	39.5701
1172.81	40.7253
1170.95	43.2129
1169.1	46.5707
1167.24	47.1197
1165.38	53.1083
1163.52	62.046
1161.66	73.1821
1159.8	87.0526
1157.94	99.162
1156.08	115.523
1154.22	131.323
1152.36	145.719
1150.5	155.329
1148.64	166.321
1146.77	175.59
1144.91	182.394
1143.05	187.371
1141.18	186.091
1139.32	178.489
1137.45	166.589
1135.59	155.208
1133.72	141.373
1131.86	125.906
1129.99	112.389
1128.12	98.1931
1126.25	83.7995
1124.39	69.1638
1122.52	59.8463
1120.65	52.8724
1118.78	47.6628
1116.91	42.5286
1115.04	35.7599
1113.17	30.7644
1111.3	27.0972
1109.42	18.931
1107.55	16.3511
1105.68	10.6113
1103.81	9.63643
1101.93	8.42737
1100.06	8.07344
1098.18	7.11434
1096.31	1.65064
1094.43	3.02544
1092.56	4.22364
1090.68	4.45766
1088.8	2.83724
1086.93	2.86454
1085.05	4.16685
1083.17	5.45142
1081.29	6.93542
1079.41	9.81649
1077.53	12.9275
1075.65	15.1323
1073.77	17.9268
1071.89	17.84
1070.01	18.247
1068.13	20.9784
1066.24	19.472
1064.36	19.4164
1062.48	21.7561
1060.59	22.0401
1058.71	26.4786
1056.83	29.8974
1054.94	34.6769
1053.05	35.4954
1051.17	38.7092
1049.28	41.5178
1047.39	42.839
1045.51	42.9197
1043.62	40.5304
1041.73	37.2536
1039.84	32.7857
1037.95	29.1505
1036.06	25.0656
1034.17	21.8749
1032.28	19.9698
1030.39	14.8969
1028.5	11.2942
1026.61	6.10528
1024.71	5.55079
1022.82	3.47343
1020.93	1.76624
1019.03	0.624444
1017.14	3.98829
1015.24	5.66362
1013.35	9.35604
1011.45	9.82551
1009.56	10.3028
1007.66	11.1807
1005.76	7.12047
1003.86	9.21574
1001.97	7.07712
1000.07	7.09612
998.167	6.72372
996.268	9.30254
994.368	8.32
992.466	7.34271
990.565	6.54774
988.664	6.72828
986.762	7.104
984.86	8.20468
982.957	12.1002
981.053	11.9311
979.15	12.7957
977.245	10.2374
975.34	9.78626
973.435	12.0537
971.53	12.145
969.624	18.6648
967.717	28.113
965.809	32.8317
963.902	39.3289
961.994	44.9737
960.086	53.0066
958.177	59.8969
956.267	67.3983
954.357	72.0069
952.447	80.3861
950.536	83.9777
948.625	87.5856
946.713	88.2606
944.8	88.1324
942.888	86.449
940.974	79.9387
939.061	75.253
937.147	71.3728
935.233	65.6653
933.317	58.8061
931.402	48.907
929.485	43.4706
927.569	36.8524
925.652	32.9119
923.735	25.1956
921.817	21.8727
919.899	19.9142
917.98	19.9899
916.061	20.1675
914.141	23.7946
912.22	28.9503
910.3	26.3096
908.378	26.6965
906.456	25.5992
904.534	26.3133
902.612	25.4538
900.689	24.2189
898.766	24.1879
896.841	22.6377
894.916	21.1188
892.991	18.3472
891.066	15.4572
889.14	16.0422
887.214	20.8744
885.287	25.8779
883.36	32.126
881.432	36.5448
879.504	41.2942
877.575	44.882
875.646	46.1556
873.716	49.5428
871.786	51.4031
869.855	55.6005
867.924	57.0703
865.992	53.6075
864.06	50.0647
862.128	44.5953
860.194	38.8399
858.261	30.7874
856.327	26.837
854.393	21.0123
852.458	18.5467
850.522	19.2505
848.586	16.2345
846.65	16.8742
844.714	14.1066
842.776	14.6435
840.838	17.3304
838.901	16.7592
836.961	17.9389
835.023	18.921
833.082	20.6925
831.142	20.6045
829.202	24.3524
827.261	23.6495
825.319	22.3868
823.377	20.1058
821.434	17.9478
819.491	15.7067
817.548	16.0047
815.604	19.3627
813.66	18.1488
811.715	17.1688
809.769	16.1912
807.823	13.1572
805.878	14.1784
803.93	14.5742
801.983	16.0357
800.035	19.7245
798.087	22.4895
796.139	22.7557
794.189	24.5571
792.24	27.2374
790.289	26.2752
788.339	28.4535
786.387	30.2552
784.436	30.409
782.484	30.522
780.532	29.1967
778.578	25.9868
776.624	24.5757
774.671	18.8674
772.716	16.1865
770.762	11.4557
768.806	9.10067
766.85	6.11697
764.893	3.24914
762.937	1.66033
760.979	0.644277
759.022	2.38054
757.064	3.53518
755.105	6.9705
753.145	8.87972
751.185	5.35348
749.226	9.58127
747.264	7.32245
745.303	11.2489
743.341	15.0816
741.38	15.1812
739.417	12.812
737.454	12.9685
735.49	10.642
733.526	7.07338
731.562	5.47799
729.596	7.98706
727.631	8.4624
725.665	8.18716
723.699	8.6003
721.732	10.7207
719.764	11.3305
717.797	12.7469
715.828	14.4583
713.859	18.3522
711.889	22.1262
709.919	23.6318
707.949	28.1494
705.978	32.2463
704.007	33.2389
702.035	34.9289
700.063	35.3945
698.091	34.2051
696.117	33.2757
694.143	33.1337
692.169	29.3158
690.194	28.9504
688.219	25.704
686.244	22.0525
684.267	22.7251
682.291	24.089
680.314	21.7792
678.336	21.2142
676.358	20.3684
674.379	18.4146
672.4	16.8901
670.421	17.3695
668.441	17.6668
666.46	20.9788
664.479	20.3806
662.497	20.5691
660.516	19.2039
658.533	16.4872
656.55	18.4492
654.567	18.2165
652.583	14.1573
650.598	13.2021
648.614	9.00943
646.628	11.2687
644.643	14.1702
642.656	15.2339
640.669	15.5424
638.682	20.6058
636.694	23.8462
634.706	27.295
632.717	25.7849
630.728	25.8036
628.738	25.3832
626.748	19.2696
624.757	17.6112
622.766	16.9941
620.774	18.0895
618.782	17.0383
616.789	16.7029
614.796	18.2834
612.802	20.8572
610.808	22.7107
608.814	20.3298
606.818	19.6598
604.822	17.3065
602.827	11.7456
600.83	8.47393
598.833	5.47651
596.836	5.01017
594.838	8.66969
592.839	16.6455
590.84	28.4327
588.841	38.5593
586.84	47.4376
584.84	62.5984
582.838	81.4408
580.838	104.872
578.835	130.232
576.833	156.776
574.83	181.502
572.827	206.243
570.822	226.257
568.818	238.42
566.813	250.473
564.808	255.065
562.802	256.913
560.795	249.428
558.788	238.002
556.781	221.748
554.773	205.761
552.765	185.264
550.756	164.977
548.747	146.559
546.737	128.502
544.726	113.67
542.716	96.1698
540.704	80.6348
538.692	67.664
536.68	56.8455
534.667	49.7216
532.654	41.8039
530.64	35.6455
528.626	33.014
526.611	29.0244
524.596	30.3393
522.58	25.9101
520.564	26.2454
518.547	26.568
516.529	21.5671
514.512	15.0471
512.494	10.3171
510.476	2.44852
508.456	-3.27974
506.436	-4.6392
504.416	-5.49223
502.395	-4.75288
500.374	-2.56412
498.353	-2.78955
496.33	-5.4241
494.307	-4.76339
492.284	-4.55204
490.261	-1.32552
488.237	0.454585
486.212	4.31176
484.187	4.80815
482.161	0.333857
480.134	1.99761
478.108	1.01763
476.081	3.93134
474.054	7.83459
472.025	12.7939
469.997	21.1326
467.968	28.9163
465.938	37.9058
463.908	48.1572
461.877	62.643
459.846	78.8541
457.814	95.4644
455.782	107.203
453.75	118.928
451.716	122.794
449.683	126.867
447.649	128.784
445.614	123.08
443.579	118.779
441.543	111.083
439.508	99.1552
437.47	88.2254
435.433	76.8007
433.396	64.8508
431.358	53.4504
429.319	41.2296
427.28	32.0849
425.241	23.0561
423.201	17.3511
421.16	9.24389
419.118	0.499124
417.077	-3.12438
415.035	-8.08596
412.993	-8.12344
410.949	-8.59026
408.905	-8.73682
406.862	-7.5763
404.816	-8.15017
402.771	-9.5347
400.727	-7.49423
398.68	-4.57286
396.633	-0.241947
394.586	1.16079
392.539	3.78793
390.491	5.82142
388.442	9.07106
386.393	8.95934
384.344	14.6716
382.293	19.0674
380.242	22.6281
378.192	29.9324
376.14	30.2914
374.088	34.2292
372.035	38.1271
369.982	43.5108
367.928	47.8503
365.874	52.8249
363.82	53.1164
361.765	52.0015
359.709	50.1507
357.653	46.0301
355.596	38.036
353.539	28.2811
351.481	21.9612
349.423	10.9938
347.364	3.63374
345.305	-1.76082
343.245	-9.46438
341.185	-12.9037
339.125	-13.8308
337.063	-16.6008
335.001	-13.486
332.94	-8.63481
330.876	-3.69865
328.813	3.68346
326.749	9.06828
324.685	14.9417
322.621	17.8356
320.555	19.3259
318.489	18.1607
316.423	16.2375
314.356	14.2561
312.29	4.92857
310.221	-1.04551
308.153	-8.20191
306.084	-11.7468
304.015	-13.7756
301.946	-17.4555
299.875	-21.1633
297.804	-21.513
295.733	-20.9441
293.661	-16.9251
291.588	-10.5024
289.516	-7.32096
287.443	-0.215005
285.369	10.4894
283.295	17.7536
281.22	24.722
279.144	24.8564
277.068	26.7837
274.992	27.6929
272.915	25.706
270.837	25.6633
268.76	20.7225
266.681	17.1453
264.602	15.8301
262.523	12.2954
260.443	10.4559
258.362	7.04514
256.282	8.38532
254.2	11.0526
252.118	18.1768
250.036	25.6365
247.952	39.9391
245.869	50.8676
243.784	69.0038
241.7	84.2151
239.616	97.3314
237.53	108.516
235.443	123.148
233.357	135.002
231.27	157.898
229.182	179.708
227.094	207.227
225.005	242.947
222.916	290.551
220.827	350.536
218.737	423.348
216.646	512.952
214.555	613.494
212.462	732.13
210.37	860.372
208.278	987.443
206.185	1115.86
204.091	1239.82
201.997	1355.93
199.902	1458.81
197.807	1539.1
195.711	1600.19
193.615	1639.39
191.517	1652.35
189.42	1648.59
187.322	1620.27
185.224	1573
183.125	1513.74
181.025	1445.33
178.926	1372.69
176.825	1303.32
174.724	1233.45
172.623	1174.45
170.521	1118.26
168.418	1074.97
166.315	1044.22
164.212	1017.05
162.108	999.857
160.003	1001.17
157.898	1010.3
155.793	1031.89
153.686	1061.47
151.58	1099.46
149.473	1141.78
147.365	1191.9
145.257	1242.21
143.148	1294.87
141.039	1342.85
138.929	1401.56
136.819	1456.14
134.709	1509.44
132.597	1554.76
130.485	1594.59
128.373	1627.8
126.26	1656.95
124.147	1681.68
122.033	1704.13
119.919	1729.18
117.804	1753.38
115.688	1778.85
113.573	1815.04
111.456	1856.54
109.339	1903.9
107.222	1957.23
105.103	2021.76
102.985	2092.72
100.866	2164.52
98.7467	2229.65
96.6262	2236.54
