3502.52	16.6328
3501.25	-5.93116
3499.98	4.03382
3498.71	21.1548
3497.44	14.6051
3496.17	14.2462
3494.9	5.54136
3493.62	15.0087
3492.35	-3.94105
3491.08	-10.9523
3489.8	-5.73652
3488.53	5.00891
3487.26	-1.50115
3485.98	-1.59522
3484.71	-6.93199
3483.43	-1.12275
3482.16	-0.612557
3480.88	8.16658
3479.6	8.20684
3478.33	14.1224
3477.05	10.1005
3475.77	12.6032
3474.5	10.0859
3473.22	-4.64328
3471.94	-9.09551
3470.66	-1.15282
3469.38	1.73648
3468.1	-2.76666
3466.82	-8.71763
3465.54	1.73868
3464.26	7.25597
3462.98	13.9326
3461.7	2.49554
3460.42	7.91863
3459.14	9.69717
3457.86	6.65637
3456.57	-7.50037
3455.29	-13.5323
3454.01	-10.9923
3452.73	-9.89499
3451.44	-5.65409
3450.16	-7.15307
3448.87	3.32759
3447.59	-0.588816
3446.3	-4.6365
3445.02	-1.72477
3443.73	0.919009
3442.45	-7.02841
3441.16	-15.8757
3439.88	-13.0736
3438.59	1.59784
3437.3	10.6698
3436.01	19.2127
3434.73	11.1069
3433.44	6.54634
3432.15	-7.81149
3430.86	-8.11176
3429.57	-5.0107
3428.28	-2.33261
3426.99	-17.5892
3425.7	-17.2861
3424.41	9.06965
3423.12	14.9987
3421.83	-4.25339
3420.54	-5.13895
3419.24	14.4274
3417.95	25.3342
3416.66	6.97819
3415.37	1.68414
3414.07	0.226685
3412.78	15.2683
3411.48	8.4387
3410.19	-0.411854
3408.9	4.38295
3407.6	1.9648
3406.31	5.45103
3405.01	-0.581995
3403.72	-9.07504
3402.42	-8.44594
3401.12	-0.490906
3399.82	5.56341
3398.53	-8.38754
3397.23	-0.504971
3395.93	11.2283
3394.63	12.7907
3393.33	4.64448
3392.04	1.67656
3390.74	21.291
3389.44	20.9936
3388.14	7.11936
3386.84	1.68917
3385.53	2.55208
3384.23	5.46898
3382.93	-1.25048
3381.63	14.6872
3380.33	7.39227
3379.03	7.18682
3377.72	-9.26291
3376.42	-11.848
3375.12	-9.64955
3373.81	4.78788
3372.51	10.8729
3371.2	3.09651
3369.9	3.51482
3368.59	-1.12195
3367.29	17.1654
3365.98	10.6655
3364.68	6.61689
3363.37	-14.2794
3362.06	6.94229
3360.76	2.59435
3359.45	-2.93745
3358.14	-11.615
3356.83	10.7524
3355.52	16.36
3354.22	7.40871
3352.91	-4.83119
3351.6	15.7404
3350.29	33.0961
3348.98	30.7568
3347.67	-0.790733
3346.36	-6.40478
3345.04	7.11547
3343.73	15.1903
3342.42	12.5854
3341.11	7.72302
3339.8	24.1347
3338.48	9.58556
3337.17	20.6951
3335.86	15.7764
3334.54	19.3771
3333.23	-6.01512
3331.91	-11.4258
3330.6	-4.46688
3329.28	17.016
3327.97	34.0382
3326.65	11.5003
3325.34	-19.337
3324.02	-13.2539
3322.7	2.80544
3321.38	19.4169
3320.07	16.362
3318.75	16.8145
3317.43	2.20615
3316.11	2.29968
3314.79	0.306133
3313.47	8.21562
3312.15	23.6265
3310.83	25.9016
3309.51	2.76556
3308.19	-6.90899
3306.87	5.82765
3305.55	17.6366
3304.23	29.8005
3302.9	16.8868
3301.58	5.95957
3300.26	-4.01973
3298.94	4.6795
3297.61	-0.936856
3296.29	4.90134
3294.96	2.79288
3293.64	-1.67002
3292.31	-1.88987
3290.99	1.37954
3289.66	-19.332
3288.34	-23.6905
3287.01	-13.2832
3285.68	2.78487
3284.36	7.97165
3283.03	8.76325
3281.7	-2.31741
3280.37	-15.4652
3279.05	-24.4683
3277.72	-19.4989
3276.39	-16.8354
3275.06	4.07194
3273.73	4.96437
3272.4	3.23593
3271.07	-10.0331
3269.74	-7.95896
3268.41	-15.2076
3267.08	-17.0711
3265.74	-6.28106
3264.41	3.47111
3263.08	14.2431
3261.75	16.6622
3260.41	16.1337
3259.08	8.73273
3257.75	1.86978
3256.41	0.686601
3255.08	7.11054
3253.74	20.9998
3252.41	24.44
3251.07	20.1096
3249.74	27.5531
3248.4	27.6072
3247.06	35.7273
3245.73	33.3815
3244.39	44.5169
3243.05	25.788
3241.71	27.7839
3240.37	40.6523
3239.04	43.3093
3237.7	27.1331
3236.36	22.0364
3235.02	30.0244
3233.68	29.1132
3232.34	29.5377
3231	27.9234
3229.66	28.069
3228.31	47.4956
3226.97	56.9648
3225.63	50.7514
3224.29	36.1717
3222.94	37.9885
3221.6	37.5405
3220.26	47.6525
3218.91	46.9016
3217.57	35.5425
3216.23	26.9911
3214.88	34.2449
3213.53	26.5172
3212.19	25.9637
3210.84	25.622
3209.5	30.1501
3208.15	21.977
3206.8	35.7162
3205.46	30.7006
3204.11	40.8484
3202.76	41.7524
3201.41	48.8672
3200.06	45.1792
3198.71	51.832
3197.36	39.7147
3196.01	33.8294
3194.66	34.4839
3193.31	28.4575
3191.96	41.3679
3190.61	49.9996
3189.26	51.4949
3187.91	30.9978
3186.56	38.9525
3185.2	30.2877
3183.85	43.762
3182.5	50.9006
3181.14	53.653
3179.79	40.004
3178.44	41.2691
3177.08	27.4419
3175.73	27.1181
3174.37	38.5168
3173.01	42.2702
3171.66	27.2392
3170.3	29.6623
3168.95	43.9045
3167.59	45.502
3166.23	29.5417
3164.87	32.2342
3163.51	36.7147
3162.16	38.7134
3160.8	37.0001
3159.44	41.2301
3158.08	37.3406
3156.72	32.207
3155.36	44.4093
3154	56.8625
3152.64	52.6833
3151.28	32.521
3149.91	35.8252
3148.55	50.1882
3147.19	47.637
3145.83	26.5505
3144.46	21.2552
3143.1	48.6994
3141.74	55.7962
3140.37	51.1956
3139.01	36.3261
3137.64	44.2251
3136.28	33.3145
3134.91	47.482
3133.55	54.0647
3132.18	66.2766
3130.81	45.5644
3129.45	46.1832
3128.08	45.2184
3126.71	43.2866
3125.34	22.808
3123.98	34.0848
3122.61	41.1993
3121.24	30.8055
3119.87	26.3568
3118.5	34.5849
3117.13	35.6224
3115.76	30.2473
3114.39	30.5283
3113.02	33.9937
3111.64	29.5222
3110.27	32.5223
3108.9	49.3573
3107.53	49.6735
3106.15	32.9597
3104.78	14.3799
3103.41	22.4985
3102.03	13.5898
3100.66	25.6561
3099.29	41.758
3097.91	47.3079
3096.53	38.0275
3095.16	32.5746
3093.78	31.1204
3092.41	22.6551
3091.03	23.8054
3089.65	35.3036
3088.27	40.4989
3086.9	25.4448
3085.52	18.4504
3084.14	26.4573
3082.76	41.0618
3081.38	37.8285
3080	32.1311
3078.62	27.3703
3077.24	42.9703
3075.86	62.9308
3074.48	59.7159
3073.1	42.712
3071.72	21.6079
3070.33	28.8052
3068.95	23.9421
3067.57	30.1925
3066.19	16.7693
3064.8	21.8024
3063.42	19.6833
3062.03	37.8758
3060.65	34.0348
3059.26	39.4969
3057.88	30.2982
3056.49	40.0675
3055.11	27.9715
3053.72	17.6122
3052.33	3.81738
3050.95	-2.06735
3049.56	-8.32614
3048.17	-17.3957
3046.78	-8.04063
3045.4	2.47907
3044.01	22.793
3042.62	19.9642
3041.23	2.12882
3039.84	7.72821
3038.45	21.829
3037.06	10.8146
3035.67	-19.8541
3034.28	-1.89843
3032.88	18.8363
3031.49	10.9114
3030.1	-3.57863
3028.71	-13.4906
3027.31	-9.01119
3025.92	-18.2233
3024.52	-4.20473
3023.13	10.9253
3021.74	12.5556
3020.34	7.00142
3018.95	8.35797
3017.55	9.95889
3016.16	-4.00546
3014.76	-17.0603
3013.36	-35.7856
3011.96	-24.6374
3010.57	-10.2074
3009.17	6.27081
3007.77	3.67798
3006.37	6.5324
3004.97	3.74524
3003.57	12.8382
3002.17	17.917
3000.77	15.7344
2999.37	16.3785
2997.97	3.45551
2996.57	-3.63222
2995.17	12.879
2993.77	11.3772
2992.37	6.59236
2990.97	10.6392
2989.56	13.6812
2988.16	-5.27152
2986.76	-6.30402
2985.35	14.8444
2983.95	5.6452
2982.54	8.00926
2981.14	0.913586
2979.73	10.3376
2978.33	10.8534
2976.92	24.7533
2975.51	36.2439
2974.11	37.3191
2972.7	15.2376
2971.29	-14.3418
2969.89	-2.8046
2968.48	21.1873
2967.07	12.5169
2965.66	-1.44889
2964.25	-8.06807
2962.84	12.3234
2961.43	25.5607
2960.02	29.6086
2958.61	1.38242
2957.2	2.78766
2955.79	18.7477
2954.38	20.5672
2952.96	14.8834
2951.55	11.918
2950.14	6.64662
2948.73	13.9096
2947.31	22.1205
2945.9	26.1153
2944.48	8.78436
2943.07	-8.04521
2941.65	-31.1775
2940.24	-1.23487
2938.82	30.0338
2937.41	15.488
2935.99	-12.6707
2934.57	-9.01343
2933.16	-4.17852
2931.74	3.80928
2930.32	3.63796
2928.9	23.2222
2927.48	26.6363
2926.06	35.457
2924.64	-1.96098
2923.22	-3.18163
2921.8	2.66949
2920.38	15.0084
2918.96	13.5419
2917.54	13.5159
2916.12	11.0563
2914.7	0.0219672
2913.28	4.13023
2911.85	8.83318
2910.43	11.4528
2909.01	15.6657
2907.58	16.6499
2906.16	14.6087
2904.74	-2.95305
2903.31	2.98893
2901.88	4.91305
2900.46	4.72146
2899.03	0.996454
2897.61	14.4026
2896.18	8.11691
2894.75	5.45251
2893.33	30.7816
2891.9	45.5265
2890.47	30.292
2889.04	10.1861
2887.61	17.8306
2886.18	7.93452
2884.75	12.6835
2883.32	12.5814
2881.89	10.5444
2880.46	22.3546
2879.03	42.2331
2877.6	31.1835
2876.17	-10.673
2874.74	1.48812
2873.3	14.61
2871.87	19.6673
2870.44	2.34558
2869.01	5.11349
2867.57	12.1066
2866.14	25.0364
2864.7	14.3546
2863.27	-2.23517
2861.83	2.40393
2860.4	3.4573
2858.96	5.58081
2857.52	2.67517
2856.09	-1.64819
2854.65	-7.27321
2853.21	-4.00574
2851.77	13.4588
2850.34	8.12217
2848.9	-1.4681
2847.46	-17.7258
2846.02	-4.2109
2844.58	7.25231
2843.14	25.8447
2841.7	10.3142
2840.26	10.1909
2838.82	-0.158092
2837.37	15.0444
2835.93	8.51669
2834.49	17.0012
2833.05	8.90912
2831.6	8.46702
2830.16	-9.02069
2828.72	2.58697
2827.27	2.37778
2825.83	2.60391
2824.38	-26.9621
2822.94	-39.6303
2821.49	-25.7631
2820.05	-6.72672
2818.6	-5.24443
2817.15	-17.901
2815.71	7.04536
2814.26	13.7192
2812.81	10.9806
2811.36	-13.8397
2809.91	-14.2926
2808.47	-28.9762
2807.02	-9.08429
2805.57	0.365191
2804.12	8.98267
2802.67	7.37449
2801.22	5.65941
2799.76	-0.848302
2798.31	-0.405182
2796.86	-12.941
2795.41	-0.981864
2793.96	6.29307
2792.5	9.84754
2791.05	-34.7072
2789.6	-21.3844
2788.14	-6.64072
2786.69	1.24261
2785.23	-8.80669
2783.78	-4.9799
2782.32	19.4791
2780.86	28.7892
2779.41	26.179
2777.95	8.55747
2776.5	13.7748
2775.04	25.6391
2773.58	4.71152
2772.12	-12.9005
2770.66	-25.0219
2769.2	-15.7732
2767.74	-26.7108
2766.29	-19.0499
2764.83	4.98109
2763.36	10.6793
2761.9	-2.31696
2760.44	-10.7494
2758.98	-14.3422
2757.52	-7.54657
2756.06	-6.34173
2754.59	17.5075
2753.13	21.9647
2751.67	5.4006
2750.2	-17.1002
2748.74	2.40127
2747.28	12.7812
2745.81	3.88455
2744.35	1.95746
2742.88	19.6356
2741.41	20.1966
2739.95	1.13899
2738.48	22.2205
2737.01	17.9308
2735.55	13.4685
2734.08	-1.48367
2732.61	16.4616
2731.14	10.7234
2729.67	14.2137
2728.2	32.4241
2726.73	12.4904
2725.26	-3.04576
2723.79	-24.0165
2722.32	-3.21156
2720.85	10.4696
2719.38	33.8208
2717.91	7.11137
2716.44	-0.554599
2714.96	-2.56094
2713.49	18.4941
2712.02	-3.70289
2710.54	-1.86374
2709.07	-11.1265
2707.59	9.98261
2706.12	26.0428
2704.64	54.2991
2703.17	35.7174
2701.69	8.32905
2700.22	-2.29394
2698.74	25.8849
2697.26	21.8741
2695.78	33.4743
2694.31	24.4228
2692.83	27.4108
2691.35	18.7339
2689.87	30.6932
2688.39	26.8887
2686.91	12.4595
2685.43	28.7579
2683.95	7.88817
2682.47	4.12785
2680.99	-5.8316
2679.51	9.79786
2678.03	-8.5914
2676.54	5.53561
2675.06	25.0577
2673.58	36.0735
2672.09	-2.71013
2670.61	-14.0287
2669.13	-11.9699
2667.64	11.3285
2666.16	13.4351
2664.67	9.87551
2663.18	7.14507
2661.7	-8.51108
2660.21	5.19538
2658.72	-5.7867
2657.24	31.2848
2655.75	6.82219
2654.26	21.4073
2652.77	18.9146
2651.28	39.4616
2649.8	28.5372
2648.31	0.237959
2646.82	-18.8477
2645.33	-39.5979
2643.84	-7.45309
2642.34	2.10718
2640.85	26.1925
2639.36	21.495
2637.87	31.9103
2636.38	46.948
2634.88	48.9129
2633.39	37.0627
2631.9	60.425
2630.4	71.6141
2628.91	28.8002
2627.41	2.77375
2625.92	17.7473
2624.42	42.6311
2622.93	30.5341
2621.43	45.4352
2619.93	36.079
2618.44	57.9431
2616.94	48.1805
2615.44	29.0554
2613.94	12.9217
2612.44	12.5335
2610.95	8.13182
2609.45	39.3921
2607.95	60.2298
2606.45	50.6447
2604.95	32.2762
2603.44	45.6358
2601.94	25.1927
2600.44	31.5813
2598.94	54.7542
2597.44	76.6447
2595.93	69.1195
2594.43	65.9406
2592.93	41.6451
2591.42	31.8244
2589.92	41.9745
2588.42	53.1272
2586.91	60.7265
2585.4	81.6031
2583.9	80.6697
2582.39	48.3731
2580.89	28.9564
2579.38	67.5623
2577.87	81.8971
2576.36	68.3634
2574.86	39.6171
2573.35	45.5585
2571.84	47.6138
2570.33	70.7981
2568.82	68.1869
2567.31	41.158
2565.8	8.17877
2564.29	23.609
2562.78	50.3296
2561.27	61.0111
2559.75	42.8972
2558.24	40.0755
2556.73	47.6332
2555.22	77.1856
2553.7	75.449
2552.19	84.2806
2550.68	82.4423
2549.16	80.41
2547.65	38.6121
2546.13	31.7174
2544.61	32.0732
2543.1	33.8564
2541.58	25.8777
2540.07	45.5571
2538.55	24.4792
2537.03	26.447
2535.51	17.2661
2533.99	46.4447
2532.48	56.7752
2530.96	77.1651
2529.44	57.5218
2527.92	67.5287
2526.4	65.0364
2524.88	66.4405
2523.36	55.724
2521.83	36.2771
2520.31	28.2585
2518.79	15.828
2517.27	37.8097
2515.74	64.1661
2514.22	77.72
2512.7	59.7258
2511.17	61.5696
2509.65	54.808
2508.12	37.716
2506.6	60.5439
2505.07	65.141
2503.55	48.809
2502.02	25.0859
2500.49	33.7607
2498.97	44.6749
2497.44	48.6971
2495.91	32.7807
2494.38	60.4624
2492.85	79.1345
2491.32	44.7811
2489.8	22.9629
2488.27	45.9748
2486.74	51.7204
2485.2	54.5586
2483.67	55.835
2482.14	10.6325
2480.61	-12.7577
2479.08	-2.84349
2477.55	15.0744
2476.01	14.9038
2474.48	20.4666
2472.95	11.6461
2471.41	15.9156
2469.88	34.4058
2468.34	40.592
2466.81	8.46278
2465.27	-11.9007
2463.74	-6.59981
2462.2	38.7366
2460.66	26.2033
2459.12	19.6572
2457.59	22.0281
2456.05	23.4094
2454.51	1.88411
2452.97	-3.8449
2451.43	19.0827
2449.89	19.7408
2448.35	16.7203
2446.81	3.38986
2445.27	-19.5275
2443.73	-14.5572
2442.19	3.70215
2440.65	40.2777
2439.11	19.154
2437.56	-7.47997
2436.02	-23.9988
2434.48	1.68728
2432.93	10.4639
2431.39	3.59634
2429.84	-11.8231
2428.3	-18.3261
2426.75	-6.21806
2425.21	4.58005
2423.66	20.1404
2422.12	-14.0491
2420.57	15.0102
2419.02	18.8811
2417.47	6.68248
2415.93	-41.8132
2414.38	-28.9788
2412.83	6.79835
2411.28	11.396
2409.73	23.4701
2408.18	9.68069
2406.63	9.86284
2405.08	-2.99956
2403.53	8.1382
2401.98	14.9836
2400.42	32.4421
2398.87	13.1976
2397.32	-21.6545
2395.77	-14.9506
2394.21	29.6221
2392.66	26.8334
2391.1	11.9984
2389.55	30.2146
2387.99	58.98
2386.44	57.6177
2384.88	30.8268
2383.33	36.8985
2381.77	66.6252
2380.21	88.5637
2378.66	41.7772
2377.1	12.6491
2375.54	3.46938
2373.98	3.15118
2372.42	-7.81585
2370.86	22.577
2369.3	30.6724
2367.74	18.4939
2366.18	20.1745
2364.62	26.8189
2363.06	13.8514
2361.5	-9.02341
2359.94	-2.60233
2358.37	24.1071
2356.81	30.8124
2355.25	39.6285
2353.68	15.5895
2352.12	-8.87675
2350.56	-29.9166
2348.99	9.62755
2347.43	46.8798
2345.86	47.0111
2344.29	20.6785
2342.73	13.1577
2341.16	8.63927
2339.59	-0.582463
2338.03	8.57096
2336.46	37.4741
2334.89	37.537
2333.32	21.8365
2331.75	38.9858
2330.18	42.2627
2328.61	49.4268
2327.04	42.8831
2325.47	20.1718
2323.9	3.15848
2322.33	63.1686
2320.76	86.9422
2319.18	53.6621
2317.61	23.3178
2316.04	43.0981
2314.47	62.3577
2312.89	58.2732
2311.32	60.9153
2309.74	43.2735
2308.17	46.8523
2306.59	59.6693
2305.02	72.2446
2303.44	74.0553
2301.86	36.2409
2300.29	35.6187
2298.71	56.3913
2297.13	81.1002
2295.55	78.7554
2293.97	56.3679
2292.4	58.0307
2290.82	33.4499
2289.24	68.6378
2287.66	90.2416
2286.08	69.5926
2284.49	19.8605
2282.91	18.1048
2281.33	65.4414
2279.75	70.7449
2278.17	54.3523
2276.58	38.7977
2275	11.8349
2273.42	15.5823
2271.83	7.91354
2270.25	53.8531
2268.66	46.6857
2267.08	55.3183
2265.49	21.036
2263.91	2.14828
2262.32	26.554
2260.73	60.8549
2259.14	98.9133
2257.56	50.6111
2255.97	33.9438
2254.38	13.6536
2252.79	67.7319
2251.2	63.7167
2249.61	51.5621
2248.02	22.1325
2246.43	28.2671
2244.84	9.44185
2243.25	18.0835
2241.66	31.5982
2240.07	60.039
2238.47	69.8152
2236.88	61.1509
2235.29	57.451
2233.69	79.9535
2232.1	90.724
2230.5	60.6807
2228.91	35.6828
2227.31	23.0284
2225.72	28.2536
2224.12	31.7034
2222.53	30.0949
2220.93	24.0165
2219.33	22.2238
2217.73	29.2545
2216.14	55.2691
2214.54	64.102
2212.94	54.0847
2211.34	13.6167
2209.74	12.016
2208.14	23.0931
2206.54	14.5911
2204.94	-22.384
2203.34	-17.6454
2201.74	28.3755
2200.13	32.964
2198.53	45.4661
2196.93	49.2695
2195.33	25.5708
2193.72	11.5281
2192.12	51.3824
2190.51	62.0271
2188.91	65.8716
2187.3	40.1231
2185.7	25.4902
2184.09	-13.8457
2182.48	3.18286
2180.88	7.81844
2179.27	25.3705
2177.66	7.33105
2176.05	-10.9328
2174.45	8.02856
2172.84	42.1707
2171.23	33.5694
2169.62	38.8005
2168.01	55.7276
2166.4	71.9089
2164.79	16.3858
2163.18	17.6482
2161.56	26.2725
2159.95	51.8566
2158.34	53.9653
2156.73	39.8264
2155.11	30.4935
2153.5	44.6446
2151.89	71.7095
2150.27	44.3294
2148.66	24.1794
2147.04	1.78267
2145.43	-12.5402
2143.81	25.6792
2142.19	37.6671
2140.58	19.5049
2138.96	-4.36894
2137.34	-8.0601
2135.72	5.16266
2134.1	23.8072
2132.48	30.3201
2130.86	8.48633
2129.25	6.77028
2127.63	27.1468
2126	39.7381
2124.38	42.4121
2122.76	30.6923
2121.14	4.5632
2119.52	4.3614
2117.9	-22.379
2116.27	10.7568
2114.65	-3.27742
2113.03	28.9776
2111.4	18.954
2109.78	26.07
2108.15	6.56233
2106.53	1.72121
2104.9	20.4911
2103.27	17.9349
2101.65	13.5704
2100.02	12.3648
2098.39	40.8481
2096.77	36.0052
2095.14	8.19126
2093.51	-5.18721
2091.88	-7.59346
2090.25	-16.4266
2088.62	-5.50958
2086.99	6.9418
2085.36	2.13572
2083.73	-31.6907
2082.1	-34.6504
2080.46	-24.3338
2078.83	-11.3489
2077.2	-8.68677
2075.57	-1.26033
2073.93	27.5442
2072.3	44.3116
2070.66	30.635
2069.03	-16.3628
2067.4	-14.6433
2065.76	25.0378
2064.12	21.1815
2062.49	-36.2134
2060.85	-60.2757
2059.21	-31.9667
2057.58	-0.120444
2055.94	3.98572
2054.3	21.678
2052.66	-2.58164
2051.02	29.6648
2049.38	22.9437
2047.74	11.6258
2046.1	-26.5067
2044.46	6.67961
2042.82	26.7777
2041.18	23.5253
2039.53	35.7501
2037.89	16.8828
2036.25	18.1588
2034.61	3.98603
2032.96	-9.36007
2031.32	-6.39034
2029.67	25.1303
2028.03	32.5472
2026.38	11.6983
2024.74	21.2111
2023.09	9.98553
2021.44	-8.84976
2019.8	-33.5392
2018.15	-14.5176
2016.5	7.55171
2014.85	26.5596
2013.21	-21.3246
2011.56	-6.21008
2009.91	21.0334
2008.26	29.9072
2006.61	23.5591
2004.96	4.56683
2003.3	-30.5802
2001.65	-46.3528
2000	-12.1288
1998.35	15.6027
1996.7	20.2156
1995.04	29.382
1993.39	10.0489
1991.74	-7.32574
1990.08	6.5035
1988.43	7.95259
1986.77	10.492
1985.12	-2.13612
1983.46	44.5893
1981.8	20.3082
1980.15	7.56415
1978.49	-40.8535
1976.83	-43.7983
1975.17	-31.7868
1973.51	-1.20638
1971.86	17.3705
1970.2	-2.81775
1968.54	33.5594
1966.88	2.32208
1965.22	1.98874
1963.55	-23.812
1961.89	-1.41735
1960.23	-25.8989
1958.57	-45.1142
1956.91	-41.4826
1955.24	-31.0145
1953.58	-17.1158
1951.92	-22.7391
1950.25	4.38082
1948.59	12.3913
1946.92	-20.59
1945.26	-38.0557
1943.59	-57.805
1941.92	-3.53042
1940.26	20.45
1938.59	16.852
1936.92	-11.2856
1935.25	-10.6481
1933.59	-28.6011
1931.92	-19.5708
1930.25	34.2846
1928.58	13.1951
1926.91	-21.3977
1925.24	9.02093
1923.57	25.8835
1921.9	-18.6953
1920.22	-42.2989
1918.55	-6.16152
1916.88	-33.0261
1915.21	-20.5209
1913.53	33.6408
1911.86	69.0653
1910.18	14.1325
1908.51	-32.8497
1906.83	-17.5921
1905.16	-4.54664
1903.48	-20.8718
1901.81	-22.4097
1900.13	-8.53376
1898.45	59.2054
1896.78	57.3409
1895.1	28.3146
1893.42	-2.10997
1891.74	25.5
1890.06	10.9459
1888.38	8.9919
1886.7	15.8371
1885.02	49.1999
1883.34	-11.4114
1881.66	-1.096
1879.98	-14.1199
1878.3	18.6179
1876.61	-11.0173
1874.93	0.481474
1873.25	-18.5789
1871.56	-24.6859
1869.88	-39.7429
1868.19	-44.0277
1866.51	-11.7857
1864.82	3.24982
1863.14	-16.1772
1861.45	-41.6268
1859.76	-24.4638
1858.08	-9.01411
1856.39	-12.3958
1854.7	2.63678
1853.01	19.9664
1851.32	29.5479
1849.63	-9.26976
1847.95	-43.0314
1846.25	-42.1907
1844.56	3.8721
1842.87	-1.00522
1841.18	4.48852
1839.49	-7.79481
1837.8	3.73498
1836.11	-33.8761
1834.41	-4.50034
1832.72	-28.2525
1831.03	-23.0438
1829.33	-49.6771
1827.64	-24.8681
1825.94	-23.4782
1824.25	-6.96321
1822.55	-10.7448
1820.85	-53.495
1819.16	-71.5368
1817.46	-17.2709
1815.76	15.2793
1814.06	10.0245
1812.36	12.0339
1810.67	26.9587
1808.97	14.2266
1807.27	-22.0984
1805.57	-43.273
1803.87	-21.5237
1802.17	34.5165
1800.46	14.938
1798.76	9.19844
1797.06	20.1535
1795.36	4.80827
1793.65	-35.4255
1791.95	0.301299
1790.25	31.5578
1788.54	-3.65398
1786.84	8.86786
1785.13	-2.15689
1783.43	-29.3347
1781.72	-38.3896
1780.01	12.4151
1778.31	32.2457
1776.6	29.9569
1774.89	26.7537
1773.18	-0.221837
1771.47	-0.201408
1769.77	43.6089
1768.06	59.9794
1766.35	68.5762
1764.64	36.2431
1762.92	35.5109
1761.21	-11.8367
1759.5	26.5408
1757.79	54.5174
1756.08	95.0004
1754.36	28.6149
1752.65	24.1534
1750.94	51.7786
1749.22	98.6698
1747.51	102.394
1745.79	89.1514
1744.08	103.796
1742.36	93.712
1740.65	95.9849
1738.93	95.2774
1737.21	84.4738
1735.49	46.1078
1733.78	58.0717
1732.06	112.336
1730.34	114.763
1728.62	86.7067
1726.9	38.6691
1725.18	24.9822
1723.46	57.6217
1721.74	76.7166
1720.02	50.8326
1718.3	51.0749
1716.57	80.4868
1714.85	72.0301
1713.13	94.2468
1711.41	77.5557
1709.68	55.7383
1707.96	28.3326
1706.23	79.2512
1704.51	83.7499
1702.78	70.2792
1701.05	87.5096
1699.33	108.323
1697.6	111.077
1695.87	95.1378
1694.15	102.774
1692.42	92.4164
1690.69	16.6002
1688.96	-8.94702
1687.23	40.9388
1685.5	102.196
1683.77	69.0778
1682.04	49.7487
1680.31	69.941
1678.58	100.698
1676.85	113.286
1675.11	101.682
1673.38	75.8538
1671.65	122.059
1669.91	138.434
1668.18	147.391
1666.44	141.387
1664.71	157.607
1662.97	120.943
1661.24	124.912
1659.5	140.526
1657.76	139.798
1656.03	140.36
1654.29	157.636
1652.55	158.006
1650.81	150.851
1649.07	184.145
1647.33	227.074
1645.59	217.363
1643.85	175.055
1642.11	187.172
1640.37	230.835
1638.63	233.776
1636.89	243.537
1635.15	247.321
1633.4	287.2
1631.66	286.345
1629.92	297.169
1628.17	234.463
1626.43	280.504
1624.68	327.169
1622.94	425.771
1621.19	429.016
1619.45	430.775
1617.7	430.614
1615.95	503.89
1614.21	581.786
1612.46	621.849
1610.71	685.272
1608.96	717.418
1607.21	821.105
1605.46	931.029
1603.71	1089.86
1601.96	1225.24
1600.21	1397.25
1598.46	1517.94
1596.71	1613.54
1594.95	1674.02
1593.2	1681.8
1591.45	1616.22
1589.7	1495.16
1587.94	1373.44
1586.19	1239.26
1584.43	1090.48
1582.68	947.164
1580.92	877.694
1579.16	832.557
1577.41	797.587
1575.65	765.339
1573.89	725.835
1572.13	661.871
1570.38	612.711
1568.62	595.286
1566.86	584.452
1565.1	578.811
1563.34	557.697
1561.58	516.231
1559.82	498.961
1558.06	498.414
1556.29	501.946
1554.53	448.813
1552.77	435.713
1551.01	401.294
1549.24	383.891
1547.48	348.319
1545.71	337.237
1543.95	361.755
1542.18	354.716
1540.42	338.441
1538.65	320.508
1536.89	344.678
1535.12	331.952
1533.35	334.933
1531.58	331.44
1529.82	304.743
1528.05	315.885
1526.28	319.064
1524.51	330.881
1522.74	312.21
1520.97	334.917
1519.2	323.125
1517.42	362.614
1515.65	359.021
1513.88	374.571
1512.11	385.581
1510.33	409.355
1508.56	407.907
1506.79	376.377
1505.01	327.211
1503.24	340.675
1501.46	359.826
1499.69	373.935
1497.91	346.806
1496.13	406.984
1494.36	396.411
1492.58	414.648
1490.8	405.645
1489.02	472.379
1487.24	507.47
1485.46	450.93
1483.68	387.742
1481.9	434.536
1480.12	522.145
1478.34	502.698
1476.56	502.723
1474.78	506.483
1473	502.089
1471.21	478.406
1469.43	489.733
1467.65	469.164
1465.86	486.165
1464.08	572.765
1462.29	638.133
1460.51	677.644
1458.72	737.811
1456.93	820.252
1455.15	910.178
1453.36	979.867
1451.57	1014.99
1449.79	1019.29
1448	957.735
1446.21	910.23
1444.42	836.938
1442.63	799.822
1440.84	759.464
1439.05	738.314
1437.26	676.182
1435.46	673.182
1433.67	720.874
1431.88	765.917
1430.09	763.12
1428.29	787.307
1426.5	835.314
1424.71	884.274
1422.91	934.929
1421.12	975.278
1419.32	1034.74
1417.52	1044.36
1415.73	1105.33
1413.93	1203.37
1412.13	1287.35
1410.34	1308.27
1408.54	1371.86
1406.74	1462.14
1404.94	1575.73
1403.14	1649.4
1401.34	1673.03
1399.54	1598.69
1397.74	1565.37
1395.94	1546.97
1394.14	1545.76
1392.33	1559.37
1390.53	1589.12
1388.73	1572.54
1386.92	1575.2
1385.12	1679.3
1383.32	1769.87
1381.51	1867.19
1379.7	1903.65
1377.9	1987.9
1376.09	2002.09
1374.29	2020.62
1372.48	1968.14
1370.67	1917.87
1368.86	1872.83
1367.05	1837.28
1365.25	1757.75
1363.44	1605.21
1361.63	1475.94
1359.82	1369.07
1358.01	1264.59
1356.19	1189.66
1354.38	1162.78
1352.57	1102.91
1350.76	997.1
1348.95	907.235
1347.13	879.777
1345.32	887.889
1343.5	870.545
1341.69	849.798
1339.87	863.162
1338.06	901.784
1336.24	949.525
1334.43	934.36
1332.61	940.984
1330.79	900.576
1328.97	901.517
1327.16	875.198
1325.34	894.073
1323.52	856.276
1321.7	843.762
1319.88	779.536
1318.06	799.773
1316.24	758.114
1314.41	756.743
1312.59	729.571
1310.77	793.322
1308.95	834.848
1307.12	818.333
1305.3	793.378
1303.48	798.775
1301.65	830.38
1299.83	824.112
1298	818.883
1296.18	837.098
1294.35	830.283
1292.52	897.682
1290.69	946.708
1288.87	1044.03
1287.04	1098.31
1285.21	1138.48
1283.38	1110.54
1281.55	1086.69
1279.72	1042.93
1277.89	998.961
1276.06	980.765
1274.23	890.114
1272.4	793.891
1270.57	729.164
1268.73	702.653
1266.9	687.462
1265.07	652.958
1263.23	605.012
1261.4	576.4
1259.56	652.785
1257.73	719.607
1255.89	790.42
1254.06	735.087
1252.22	680.475
1250.38	682.419
1248.54	713.452
1246.71	673.621
1244.87	649.827
1243.03	670.7
1241.19	667.924
1239.35	641.859
1237.51	570.493
1235.67	548.109
1233.83	556.795
1231.98	620.369
1230.14	590.281
1228.3	581.367
1226.46	525.328
1224.61	509.091
1222.77	526.615
1220.92	590.492
1219.08	638.341
1217.23	565.982
1215.39	544.282
1213.54	582.436
1211.7	619.344
1209.85	550.709
1208	579.08
1206.15	637.108
1204.3	628.364
1202.45	614.88
1200.61	599.587
1198.76	587.495
1196.91	580.093
1195.05	643.589
1193.2	648.709
1191.35	633.016
1189.5	578.353
1187.65	573.622
1185.79	638.741
1183.94	705.193
1182.09	729.778
1180.23	749.13
1178.38	781.367
1176.52	851.494
1174.67	902.164
1172.81	971.647
1170.95	1083.84
1169.1	1227.61
1167.24	1372.28
1165.38	1527.8
1163.52	1731.67
1161.66	1997.41
1159.8	2297.49
1157.94	2529.74
1156.08	2615.59
1154.22	2589.55
1152.36	2480.51
1150.5	2268.39
1148.64	2046.02
1146.77	1841.42
1144.91	1750.45
1143.05	1640.53
1141.18	1579.32
1139.32	1436.41
1137.45	1336.16
1135.59	1259.43
1133.72	1271.24
1131.86	1184.32
1129.99	1187
1128.12	1139.81
1126.25	1095.5
1124.39	958.654
1122.52	905.361
1120.65	817.821
1118.78	756.56
1116.91	739.246
1115.04	787.364
1113.17	783.587
1111.3	749.395
1109.42	726.006
1107.55	740.52
1105.68	702.394
1103.81	650.256
1101.93	550.289
1100.06	515.756
1098.18	494.507
1096.31	478.358
1094.43	428.601
1092.56	328.896
1090.68	239.996
1088.8	152.482
1086.93	165.453
1085.05	131.054
1083.17	134.251
1081.29	95.7721
1079.41	86.2464
1077.53	132.852
1075.65	173.286
1073.77	190.697
1071.89	158.564
1070.01	129.916
1068.13	66.1103
1066.24	99.0259
1064.36	172.513
1062.48	247.382
1060.59	209.539
1058.71	149.102
1056.83	113.796
1054.94	126.562
1053.05	144.46
1051.17	179.645
1049.28	230.588
1047.39	258.698
1045.51	314.692
1043.62	326.145
1041.73	314.567
1039.84	310.669
1037.95	289.687
1036.06	221.317
1034.17	214.652
1032.28	181.234
1030.39	111.946
1028.5	110.015
1026.61	140.563
1024.71	69.4821
1022.82	53.9642
1020.93	159.06
1019.03	163.5
1017.14	47.0836
1015.24	11.1541
1013.35	13.9812
1011.45	24.6129
1009.56	-26.3942
1007.66	7.91596
1005.76	25.9544
1003.86	36.3872
1001.97	-6.81306
1000.07	7.19908
998.167	-23.4215
996.268	-31.3445
994.368	4.23509
992.466	48.5821
990.565	-19.9015
988.664	-59.1303
986.762	-41.3036
984.86	10.7857
982.957	26.9471
981.053	-6.26508
979.15	-30.367
977.245	-11.7287
975.34	88.5802
973.435	161.407
971.53	218.002
969.624	181.759
967.717	176.556
965.809	140.324
963.902	132.464
961.994	149.939
960.086	140.277
958.177	94.5522
956.267	70.8362
954.357	138.921
952.447	150.526
950.536	162.057
948.625	157.634
946.713	154.091
944.8	204.365
942.888	253.687
940.974	286.231
939.061	170.47
937.147	134.597
935.233	96.3535
933.317	139.84
931.402	139.465
929.485	144.958
927.569	81.7698
925.652	12.0315
923.735	-2.22678
921.817	66.3931
919.899	86.1882
917.98	85.4513
916.061	80.6521
914.141	117.346
912.22	110.199
910.3	46.117
908.378	39.8874
906.456	111.546
904.534	106.675
902.612	87.6901
900.689	41.502
898.766	65.5095
896.841	75.1449
894.916	182.479
892.991	199.47
891.066	160.131
889.14	112.008
887.214	110.053
885.287	111.903
883.36	145.415
881.432	187.823
879.504	191.486
877.575	179.072
875.646	189.132
873.716	241.82
871.786	232.771
869.855	220.632
867.924	241.301
865.992	243.042
864.06	217.482
862.128	183.245
860.194	167.38
858.261	112.332
856.327	107.505
854.393	92.8274
852.458	51.801
850.522	33.8398
848.586	105.973
846.65	227.901
844.714	223.375
842.776	170.421
840.838	193.965
838.901	247.961
836.961	266.856
835.023	225.374
833.082	269.21
831.142	221.259
829.202	241.451
827.261	211.015
825.319	232.906
823.377	169.618
821.434	165.457
819.491	131.027
817.548	149.621
815.604	117.38
813.66	90.0624
811.715	103.313
809.769	121.524
807.823	174.306
805.878	108.38
803.93	100.206
801.983	93.841
800.035	132.962
798.087	79.6245
796.139	95.6097
794.189	112.618
792.24	111.252
790.289	44.0638
788.339	25.7517
786.387	-27.9874
784.436	-36.8204
782.484	-48.4749
780.532	-34.9684
778.578	-16.316
776.624	50.9514
774.671	69.3067
772.716	43.5263
770.762	12.7272
768.806	7.37337
766.85	31.8357
764.893	39.4132
762.937	74.9368
760.979	26.5382
759.022	23.1386
757.064	-56.0055
755.105	-24.8768
753.145	15.6222
751.185	81.5689
749.226	-22.855
747.264	-57.9838
745.303	-79.1552
743.341	-10.8659
741.38	-29.6643
739.417	-50.9391
737.454	-102.245
735.49	-90.1183
733.526	-76.0357
731.562	-45.4871
729.596	22.4978
727.631	59.8554
725.665	44.7287
723.699	93.233
721.732	125.957
719.764	126.068
717.797	63.999
715.828	48.7247
713.859	-0.0292503
711.889	-82.018
709.919	-98.1139
707.949	-99.1244
705.978	-37.5494
704.007	-52.2029
702.035	19.5213
700.063	52.3584
698.091	39.451
696.117	-29.3208
694.143	-17.9056
692.169	5.41677
690.194	14.5824
688.219	25.8592
686.244	18.3818
684.267	-1.0248
682.291	48.8194
680.314	90.9946
678.336	132.264
676.358	147.117
674.379	101.708
672.4	65.3446
670.421	107.259
668.441	239.369
666.46	255.675
664.479	252.428
662.497	232.689
660.516	294.738
658.533	243.52
656.55	248.132
654.567	306.267
652.583	400.9
650.598	464.945
648.614	675.137
646.628	865.928
644.643	882.869
642.656	901.409
640.669	979.043
638.682	992.147
636.694	944.065
634.706	920.878
632.717	852.064
630.728	784.439
628.738	801.776
626.748	721.484
624.757	614.697
622.766	532.481
620.774	517.05
618.782	459.96
616.789	399.251
614.796	316.678
612.802	300.102
610.808	321.599
608.814	277.885
606.818	262.308
604.822	259.406
602.827	176.644
600.83	129.144
598.833	144.28
596.836	183.529
594.838	177.654
592.839	170.607
590.84	115.071
588.841	75.9104
586.84	7.03556
584.84	6.95062
582.838	23.0411
580.838	48.2593
578.835	28.2575
576.833	-0.64383
574.83	11.4603
572.827	32.024
570.822	98.2147
568.818	46.3269
566.813	44.0441
564.808	14.9781
562.802	96.1579
560.795	187.633
558.788	250.119
556.781	221.912
554.773	159.325
552.765	219.268
550.756	245.848
548.747	355.446
546.737	419.158
544.726	476.679
542.716	379.119
540.704	421.017
538.692	525.589
536.68	574.284
534.667	514.091
532.654	498.208
530.64	632.865
528.626	750.779
526.611	845.472
524.596	810.778
522.58	840.978
520.564	836.748
518.547	874.14
516.529	849.733
514.512	787.6
512.494	747.033
510.476	668.31
508.456	554.877
506.436	460.167
504.416	414.161
502.395	314.391
500.374	299.971
498.353	314.881
496.33	344.293
494.307	291.099
492.284	252.818
490.261	224.595
488.237	146.735
486.212	104.112
484.187	121.053
482.161	124.928
480.134	17.0207
478.108	2.584
476.081	96.2881
474.054	114.116
472.025	79.5243
469.997	37.165
467.968	-32.2995
465.938	-112.975
463.908	-207.168
461.877	-155.668
459.846	-138.621
457.814	-98.511
455.782	-138.335
453.75	-102.545
451.716	-103.46
449.683	-85.8916
447.649	-100.211
445.614	-69.1975
443.579	-16.2986
441.543	-9.15152
439.508	-49.3654
437.47	-25.2879
435.433	20.3993
433.396	57.5904
431.358	54.452
429.319	-27.391
427.28	1.64399
425.241	75.9238
423.201	130.997
421.16	162.883
419.118	211.361
417.077	207.047
415.035	187.288
412.993	309.638
410.949	376.521
408.905	442.435
406.862	414.468
404.816	363.749
402.771	321.893
400.727	390.241
398.68	467.248
396.633	368.445
394.586	228.842
392.539	53.4393
390.491	33.0739
388.442	21.851
386.393	177.855
384.344	143.888
382.293	19.7714
380.242	-150.594
378.192	-125.922
376.14	-27.6968
374.088	-13.7688
372.035	-32.0027
369.982	-67.7184
367.928	-25.8563
365.874	-3.04386
363.82	8.91032
361.765	73.9663
359.709	92.3901
357.653	31.9885
355.596	-155.416
353.539	-230.3
351.481	-230.905
349.423	-207.063
347.364	-186.63
345.305	-90.6979
343.245	-58.3454
341.185	-80.1614
339.125	-49.1857
337.063	21.868
335.001	38.6033
332.94	22.222
330.876	-1.32443
328.813	-16.557
326.749	17.6574
324.685	63.4128
322.621	65.5734
320.555	85.1609
318.489	121.988
316.423	103.066
314.356	77.6535
312.29	58.6761
310.221	64.5073
308.153	67.7032
306.084	104.038
304.015	94.2422
301.946	167.275
299.875	133.217
297.804	65.7008
295.733	-42.117
293.661	43.7188
291.588	20.0734
289.516	-20.2724
287.443	-36.3172
285.369	-37.4562
283.295	-63.4827
281.22	-38.6199
279.144	-62.0097
277.068	-100.506
274.992	-66.6704
272.915	-1.05336
270.837	-51.1471
268.76	-40.3694
266.681	62.8449
264.602	191.688
262.523	254.055
260.443	247.099
258.362	251.718
256.282	304.055
254.2	355.597
252.118	423.916
250.036	478.756
247.952	509.018
245.869	500.977
243.784	591.312
241.7	645.017
239.616	595.623
237.53	530.348
235.443	596.414
233.357	614.948
231.27	620.758
229.182	529.731
227.094	588.852
225.005	570.508
222.916	529.033
220.827	423.404
218.737	388.049
216.646	375.909
214.555	261.55
212.462	217.543
210.37	200.749
208.278	168.146
206.185	131.454
204.091	130.312
201.997	141.959
199.902	31.6061
197.807	-131.304
195.711	-230.674
193.615	-275.13
191.517	-301.578
189.42	-344.727
187.322	-353.139
185.224	-403.503
183.125	-397.632
181.025	-330.402
178.926	-245.771
176.825	-228.445
174.724	-140.677
172.623	52.3856
170.521	329.71
168.418	706.909
166.315	1125.4
164.212	1692.79
162.108	2373.1
160.003	3321.41
157.898	4365.51
155.793	5462.99
153.686	6727.61
151.58	7931.41
149.473	8583.68
147.365	8440.67
145.257	7979.1
143.148	7036.53
141.039	5646.24
138.929	4350.67
136.819	3315.35
134.709	2447.14
132.597	1673.83
130.485	1249.21
128.373	788.307
126.26	526.102
124.147	204.884
122.033	-110.038
119.919	-296.512
117.804	-310.572
115.688	-440.004
113.573	-597.678
111.456	-498.547
109.339	-519.258
107.222	-492.848
105.103	-493.001
102.985	-444.224
100.866	-599.306
98.7467	-787.764
96.6262	-1088.98
