3502.52	6.11813
3501.25	-8.91432
3499.98	3.99592
3498.71	-3.19694
3497.44	7.91905
3496.17	29.7821
3494.9	38.2928
3493.62	19.9878
3492.35	19.6641
3491.08	23.0687
3489.8	20.3388
3488.53	14.1707
3487.26	6.24996
3485.98	2.188
3484.71	-10.7959
3483.43	-14.8482
3482.16	-8.41572
3480.88	5.9722
3479.6	2.80163
3478.33	-4.22927
3477.05	-3.57324
3475.77	-2.63475
3474.5	-3.71552
3473.22	4.01904
3471.94	14.3611
3470.66	11.249
3469.38	9.67257
3468.1	0.316367
3466.82	-5.28524
3465.54	-1.78702
3464.26	6.47821
3462.98	5.32541
3461.7	13.1262
3460.42	10.8078
3459.14	-2.24082
3457.86	-8.60196
3456.57	-8.19142
3455.29	-13.3151
3454.01	-5.75567
3452.73	2.67319
3451.44	8.0085
3450.16	-3.81127
3448.87	1.00679
3447.59	8.83627
3446.3	11.6021
3445.02	11.0423
3443.73	3.16216
3442.45	4.49844
3441.16	-6.20107
3439.88	-15.0231
3438.59	-19.5004
3437.3	-12.6792
3436.01	-12.9035
3434.73	6.65928
3433.44	10.9724
3432.15	16.1686
3430.86	-3.61723
3429.57	1.40067
3428.28	-5.96887
3426.99	-5.26119
3425.7	-15.4613
3424.41	-3.59138
3423.12	-1.80363
3421.83	-2.10546
3420.54	-10.7402
3419.24	1.6054
3417.95	1.79218
3416.66	-6.29039
3415.37	-9.75429
3414.07	5.00648
3412.78	1.61128
3411.48	-9.71576
3410.19	-17.7597
3408.9	10.1361
3407.6	17.0055
3406.31	1.91534
3405.01	-1.76828
3403.72	2.78731
3402.42	4.19741
3401.12	-21.1706
3399.82	-14.9202
3398.53	2.52148
3397.23	12.5752
3395.93	11.3048
3394.63	5.23467
3393.33	4.3402
3392.04	-9.52883
3390.74	-4.12011
3389.44	-5.16273
3388.14	-4.4034
3386.84	-9.97181
3385.53	6.32411
3384.23	8.41579
3382.93	7.24724
3381.63	-8.153
3380.33	8.98791
3379.03	6.00845
3377.72	6.95058
3376.42	-6.69494
3375.12	14.7452
3373.81	12.1287
3372.51	4.08412
3371.2	-7.51912
3369.9	13.0149
3368.59	8.2759
3367.29	-3.44452
3365.98	-10.7311
3364.68	-1.82665
3363.37	0.203511
3362.06	0.771609
3360.76	4.45829
3359.45	6.49844
3358.14	-11.7953
3356.83	-14.6007
3355.52	-2.99321
3354.22	30.6814
3352.91	15.706
3351.6	-5.78811
3350.29	-13.434
3348.98	3.14898
3347.67	16.3671
3346.36	7.30005
3345.04	11.9019
3343.73	4.67828
3342.42	2.87549
3341.11	-2.40069
3339.8	12.6965
3338.48	19.8397
3337.17	6.78295
3335.86	1.85209
3334.54	9.71444
3333.23	25.7736
3331.91	15.6302
3330.6	12.3483
3329.28	4.75886
3327.97	2.2987
3326.65	2.60282
3325.34	12.4697
3324.02	12.6187
3322.7	-5.24746
3321.38	-12.743
3320.07	-7.17456
3318.75	17.8549
3317.43	5.33947
3316.11	0.111284
3314.79	-4.06342
3313.47	16.5075
3312.15	13.7433
3310.83	20.376
3309.51	17.9671
3308.19	18.8145
3306.87	9.12933
3305.55	10.4675
3304.23	8.42713
3302.9	13.6884
3301.58	1.88499
3300.26	-0.553849
3298.94	-9.20954
3297.61	-19.2367
3296.29	-15.2788
3294.96	-5.95785
3293.64	10.3548
3292.31	-12.2541
3290.99	-13.3347
3289.66	-23.5974
3288.34	-11.7739
3287.01	-2.9496
3285.68	7.77172
3284.36	4.6455
3283.03	0.761114
3281.7	3.38943
3280.37	14.9764
3279.05	18.7799
3277.72	11.6442
3276.39	-5.97818
3275.06	-1.82963
3273.73	-4.4307
3272.4	-9.64657
3271.07	-9.32496
3269.74	13.1175
3268.41	23.5376
3267.08	9.32095
3265.74	6.98951
3264.41	19.6558
3263.08	26.7844
3261.75	19.1434
3260.41	12.4722
3259.08	23.0672
3257.75	6.23501
3256.41	0.00194432
3255.08	6.88076
3253.74	35.7561
3252.41	12.7623
3251.07	3.98601
3249.74	16.1648
3248.4	31.3692
3247.06	20.8135
3245.73	26.8879
3244.39	23.5018
3243.05	23.4956
3241.71	30.6248
3240.37	50.7473
3239.04	56.6311
3237.7	48.0503
3236.36	38.0264
3235.02	30.4498
3233.68	48.6399
3232.34	53.4135
3231	56.4488
3229.66	49.5423
3228.31	43.3186
3226.97	26.0386
3225.63	12.2156
3224.29	29.3683
3222.94	36.0773
3221.6	40.24
3220.26	47.5298
3218.91	55.2994
3217.57	53.6306
3216.23	48.4049
3214.88	38.5476
3213.53	20.7172
3212.19	22.8492
3210.84	58.3758
3209.5	69.6696
3208.15	66.0086
3206.8	34.6246
3205.46	23.5372
3204.11	28.8795
3202.76	45.4556
3201.41	31.3807
3200.06	16.3749
3198.71	25.8653
3197.36	32.266
3196.01	18.2248
3194.66	12.9669
3193.31	33.3624
3191.96	49.2703
3190.61	47.0487
3189.26	36.539
3187.91	45.2888
3186.56	36.0554
3185.2	25.2822
3183.85	13.1692
3182.5	51.9866
3181.14	45.4892
3179.79	23.6724
3178.44	5.04769
3177.08	29.5035
3175.73	21.8487
3174.37	27.6609
3173.01	39.9438
3171.66	39.5554
3170.3	29.7391
3168.95	35.0809
3167.59	46.5515
3166.23	25.0987
3164.87	31.9531
3163.51	36.6138
3162.16	32.2264
3160.8	15.7202
3159.44	15.4044
3158.08	11.1995
3156.72	9.02383
3155.36	2.6094
3154	23.0249
3152.64	37.3199
3151.28	55.3725
3149.91	40.5064
3148.55	43.1305
3147.19	43.9445
3145.83	36.7277
3144.46	27.898
3143.1	21.9519
3141.74	31.935
3140.37	38.6348
3139.01	52.5775
3137.64	40.7554
3136.28	41.561
3134.91	46.8018
3133.55	45.5621
3132.18	27.724
3130.81	29.4521
3129.45	28.7937
3128.08	26.566
3126.71	35.3687
3125.34	41.2796
3123.98	20.3314
3122.61	26.6224
3121.24	43.1401
3119.87	55.9179
3118.5	36.1746
3117.13	47.6606
3115.76	38.5961
3114.39	37.2886
3113.02	16.8788
3111.64	7.71337
3110.27	-3.96244
3108.9	7.07395
3107.53	21.7713
3106.15	15.0868
3104.78	21.843
3103.41	13.1653
3102.03	23.7373
3100.66	21.9737
3099.29	36.1277
3097.91	17.804
3096.53	17.1698
3095.16	22.1461
3093.78	21.6018
3092.41	21.0345
3091.03	31.1621
3089.65	65.4594
3088.27	60.7526
3086.9	21.9116
3085.52	7.20741
3084.14	19.4405
3082.76	29.1765
3081.38	24.6742
3080	25.5809
3078.62	16.3462
3077.24	4.83778
3075.86	2.68232
3074.48	11.4744
3073.1	26.4802
3071.72	28.5312
3070.33	22.9497
3068.95	15.5918
3067.57	5.87543
3066.19	4.37773
3064.8	27.584
3063.42	38.0481
3062.03	27.7259
3060.65	15.9754
3059.26	10.3077
3057.88	11.1515
3056.49	29.7177
3055.11	37.6841
3053.72	30.3632
3052.33	5.9677
3050.95	0.81364
3049.56	8.03029
3048.17	19.9703
3046.78	11.2089
3045.4	-5.20479
3044.01	-1.09479
3042.62	18.1147
3041.23	11.1432
3039.84	-9.62549
3038.45	-8.9033
3037.06	4.07074
3035.67	1.31614
3034.28	-3.38927
3032.88	7.76398
3031.49	1.43138
3030.1	-15.9863
3028.71	-10.3138
3027.31	0.834531
3025.92	12.5759
3024.52	-12.4042
3023.13	-6.46842
3021.74	-6.05605
3020.34	9.7311
3018.95	-6.91141
3017.55	4.00455
3016.16	-1.01064
3014.76	-9.37731
3013.36	-22.497
3011.96	-16.6343
3010.57	-5.98657
3009.17	-12.1886
3007.77	-4.59615
3006.37	5.72061
3004.97	15.7604
3003.57	-16.6104
3002.17	-26.1917
3000.77	3.05773
2999.37	23.6538
2997.97	1.54929
2996.57	1.56277
2995.17	10.6008
2993.77	25.9704
2992.37	1.65484
2990.97	7.61703
2989.56	-4.67806
2988.16	-2.29727
2986.76	-6.53129
2985.35	12.6928
2983.95	11.8516
2982.54	10.0602
2981.14	16.841
2979.73	24.9694
2978.33	0.233243
2976.92	-12.0767
2975.51	-2.79065
2974.11	29.031
2972.7	19.3423
2971.29	-2.13659
2969.89	-10.7622
2968.48	21.0242
2967.07	28.2281
2965.66	23.0486
2964.25	19.7157
2962.84	27.6548
2961.43	17.9272
2960.02	5.25515
2958.61	-7.15522
2957.2	1.67569
2955.79	10.8038
2954.38	3.73839
2952.96	24.3776
2951.55	19.09
2950.14	19.8466
2948.73	10.1311
2947.31	39.4154
2945.9	42.807
2944.48	40.3521
2943.07	24.2704
2941.65	13.171
2940.24	11.3717
2938.82	16.0243
2937.41	13.7266
2935.99	21.4356
2934.57	2.91743
2933.16	-10.0122
2931.74	-4.74339
2930.32	3.65255
2928.9	4.72213
2927.48	18.3288
2926.06	26.2356
2924.64	31.5844
2923.22	10.7091
2921.8	11.7553
2920.38	22.17
2918.96	32.8186
2917.54	1.91886
2916.12	-2.26356
2914.7	29.5318
2913.28	25.6507
2911.85	2.00353
2910.43	-1.45698
2909.01	6.86349
2907.58	-1.88136
2906.16	6.50895
2904.74	47.7806
2903.31	40.513
2901.88	1.69613
2900.46	-13.2609
2899.03	8.05254
2897.61	24.3289
2896.18	28.8831
2894.75	30.2826
2893.33	16.4351
2891.9	19.6446
2890.47	18.3251
2889.04	23.6155
2887.61	19.0585
2886.18	13.8439
2884.75	7.38685
2883.32	11.231
2881.89	13.0659
2880.46	2.04399
2879.03	14.0751
2877.6	21.1922
2876.17	32.9701
2874.74	15.4315
2873.3	14.8271
2871.87	17.9706
2870.44	31.8286
2869.01	30.4822
2867.57	18.8791
2866.14	19.8708
2864.7	14.2689
2863.27	-2.81754
2861.83	-18.0059
2860.4	-3.55942
2858.96	-10.8129
2857.52	-14.9802
2856.09	-23.5874
2854.65	-4.59768
2853.21	8.63133
2851.77	28.6569
2850.34	3.272
2848.9	-18.4922
2847.46	-1.54812
2846.02	56.0862
2844.58	71.4165
2843.14	26.952
2841.7	-18.778
2840.26	-16.2025
2838.82	4.68747
2837.37	-0.620539
2835.93	2.68727
2834.49	-6.79648
2833.05	8.9993
2831.6	-6.26066
2830.16	3.45101
2828.72	5.83483
2827.27	24.8635
2825.83	5.88774
2824.38	5.26851
2822.94	12.3723
2821.49	14.563
2820.05	-2.53703
2818.6	10.3811
2817.15	10.5138
2815.71	-23.237
2814.26	-24.075
2812.81	-11.9777
2811.36	-11.4117
2809.91	-27.5404
2808.47	11.7492
2807.02	21.6136
2805.57	19.1298
2804.12	-14.7844
2802.67	-23.0196
2801.22	-13.9429
2799.76	26.0815
2798.31	39.4221
2796.86	5.53421
2795.41	5.99454
2793.96	11.8969
2792.5	17.8409
2791.05	-8.69533
2789.6	11.6237
2788.14	10.4157
2786.69	-12.3126
2785.23	-31.4591
2783.78	-20.1092
2782.32	-2.87423
2780.86	20.0116
2779.41	36.2706
2777.95	33.7849
2776.5	14.0124
2775.04	-6.44842
2773.58	-6.83031
2772.12	-11.1766
2770.66	8.49784
2769.2	19.5375
2767.74	25.3648
2766.29	21.7693
2764.83	16.9582
2763.36	14.4836
2761.9	2.79907
2760.44	-0.984898
2758.98	-2.07175
2757.52	7.92944
2756.06	28.6438
2754.59	0.0865656
2753.13	1.2711
2751.67	23.7974
2750.2	37.5317
2748.74	-5.56743
2747.28	-13.7931
2745.81	-6.45243
2744.35	20.5601
2742.88	34.5956
2741.41	56.0464
2739.95	50.2158
2738.48	41.802
2737.01	38.0879
2735.55	39.7447
2734.08	52.2018
2732.61	6.6468
2731.14	-8.22877
2729.67	5.72255
2728.2	38.5356
2726.73	5.01216
2725.26	12.3284
2723.79	39.6915
2722.32	68.3649
2720.85	48.4035
2719.38	44.6685
2717.91	41.2125
2716.44	31.5386
2714.96	13.9092
2713.49	19.3891
2712.02	35.189
2710.54	39.9301
2709.07	21.4363
2707.59	19.1996
2706.12	27.667
2704.64	51.8578
2703.17	42.2174
2701.69	26.3132
2700.22	6.11798
2698.74	2.98292
2697.26	12.1561
2695.78	32.9266
2694.31	36.105
2692.83	32.6708
2691.35	46.0262
2689.87	51.6617
2688.39	28.0164
2686.91	23.2085
2685.43	41.8677
2683.95	55.1814
2682.47	45.5569
2680.99	57.386
2679.51	46.7432
2678.03	43.7142
2676.54	27.7105
2675.06	43.0815
2673.58	27.1901
2672.09	21.8446
2670.61	-7.19331
2669.13	2.8492
2667.64	28.1999
2666.16	51.0225
2664.67	52.5714
2663.18	44.408
2661.7	39.4142
2660.21	20.1332
2658.72	29.3582
2657.24	57.9754
2655.75	50.0183
2654.26	28.5243
2652.77	35.15
2651.28	61.359
2649.8	43.8602
2648.31	21.2939
2646.82	10.6497
2645.33	6.94269
2643.84	10.6334
2642.34	31.0308
2640.85	34.7822
2639.36	45.6881
2637.87	23.4931
2636.38	12.3157
2634.88	2.69178
2633.39	46.0622
2631.9	66.5563
2630.4	70.0339
2628.91	32.9323
2627.41	26.846
2625.92	46.8134
2624.42	46.0719
2622.93	20.8618
2621.43	25.501
2619.93	46.2304
2618.44	54.7877
2616.94	32.384
2615.44	19.1203
2613.94	18.5475
2612.44	48.8552
2610.95	48.6416
2609.45	38.3062
2607.95	42.7046
2606.45	44.0303
2604.95	39.0029
2603.44	31.256
2601.94	32.773
2600.44	35.3911
2598.94	37.1599
2597.44	48.9467
2595.93	55.5352
2594.43	66.6947
2592.93	49.7386
2591.42	48.8299
2589.92	51.8386
2588.42	73.6128
2586.91	61.9102
2585.4	48.4823
2583.9	35.8186
2582.39	60.7025
2580.89	67.9847
2579.38	61.8421
2577.87	46.4265
2576.36	71.3824
2574.86	71.6611
2573.35	73.9882
2571.84	44.2011
2570.33	54.4934
2568.82	56.3832
2567.31	77.3952
2565.8	51.1152
2564.29	45.5973
2562.78	43.538
2561.27	51.4821
2559.75	31.57
2558.24	76.5381
2556.73	82.6657
2555.22	62.2905
2553.7	57.8236
2552.19	62.8109
2550.68	65.0113
2549.16	50.8057
2547.65	64.593
2546.13	20.409
2544.61	20.7577
2543.1	24.3926
2541.58	50.6516
2540.07	53.1931
2538.55	50.0623
2537.03	44.6411
2535.51	42.5637
2533.99	46.6128
2532.48	48.6552
2530.96	69.0249
2529.44	52.4174
2527.92	50.2297
2526.4	67.8098
2524.88	72.2869
2523.36	52.9038
2521.83	31.219
2520.31	40.8026
2518.79	49.1191
2517.27	40.9634
2515.74	2.40326
2514.22	-5.12439
2512.7	19.2224
2511.17	52.7143
2509.65	57.1953
2508.12	42.4578
2506.6	22.7978
2505.07	40.7225
2503.55	80.41
2502.02	99.8044
2500.49	73.6603
2498.97	40.8489
2497.44	34.2852
2495.91	51.0795
2494.38	45.4464
2492.85	38.0537
2491.32	49.3207
2489.8	45.6329
2488.27	25.0134
2486.74	29.5005
2485.2	42.7732
2483.67	37.2757
2482.14	20.7343
2480.61	35.8813
2479.08	41.0924
2477.55	39.2169
2476.01	33.4438
2474.48	57.8475
2472.95	50.94
2471.41	23.4407
2469.88	-8.4861
2468.34	18.9718
2466.81	7.63516
2465.27	-18.8367
2463.74	-24.068
2462.2	-6.35942
2460.66	0.407823
2459.12	-12.0298
2457.59	-8.45333
2456.05	-37.5997
2454.51	-24.6064
2452.97	-5.09936
2451.43	24.104
2449.89	6.12973
2448.35	-6.10115
2446.81	0.79604
2445.27	25.9639
2443.73	-4.67779
2442.19	-43.7224
2440.65	-37.3447
2439.11	31.9181
2437.56	42.5704
2436.02	28.1988
2434.48	-20.4134
2432.93	-4.48031
2431.39	-12.8326
2429.84	-21.2466
2428.3	-33.3898
2426.75	-12.877
2425.21	1.15504
2423.66	18.2782
2422.12	20.5365
2420.57	3.16166
2419.02	-17.0248
2417.47	-6.73954
2415.93	-25.9957
2414.38	-19.813
2412.83	-8.95644
2411.28	5.55699
2409.73	-15.8476
2408.18	4.30839
2406.63	-1.82441
2405.08	-0.368057
2403.53	11.2333
2401.98	27.1694
2400.42	11.252
2398.87	-2.90443
2397.32	-5.66775
2395.77	5.1192
2394.21	13.5846
2392.66	-11.2615
2391.1	-7.5142
2389.55	26.4965
2387.99	62.4807
2386.44	35.7051
2384.88	26.0548
2383.33	1.28881
2381.77	27.2823
2380.21	45.8322
2378.66	46.596
2377.1	2.25576
2375.54	26.8751
2373.98	45.0679
2372.42	45.8002
2370.86	37.0463
2369.3	37.9022
2367.74	14.6034
2366.18	-6.65286
2364.62	8.16622
2363.06	26.4049
2361.5	22.6864
2359.94	50.0374
2358.37	57.1687
2356.81	47.8377
2355.25	31.7114
2353.68	18.3514
2352.12	18.856
2350.56	4.9849
2348.99	23.6549
2347.43	40.9391
2345.86	61.0141
2344.29	61.2368
2342.73	33.2076
2341.16	46.6912
2339.59	36.4923
2338.03	32.965
2336.46	23.3865
2334.89	50.993
2333.32	74.0848
2331.75	80.2982
2330.18	74.6481
2328.61	69.1995
2327.04	67.3857
2325.47	67.7437
2323.9	85.2315
2322.33	84.4594
2320.76	76.5925
2319.18	61.0869
2317.61	79.7396
2316.04	72.4214
2314.47	108.54
2312.89	96.7253
2311.32	110.86
2309.74	101.5
2308.17	122.408
2306.59	70.3455
2305.02	72.6
2303.44	100.794
2301.86	108.497
2300.29	70.7075
2298.71	78.8044
2297.13	95.9163
2295.55	99.2365
2293.97	59.2836
2292.4	74.3987
2290.82	69.2153
2289.24	110.289
2287.66	87.5594
2286.08	82.1061
2284.49	56.9351
2282.91	56.0545
2281.33	49.1872
2279.75	66.3738
2278.17	99.6852
2276.58	63.2496
2275	48.7404
2273.42	81.4225
2271.83	117.605
2270.25	90.27
2268.66	52.237
2267.08	65.323
2265.49	64.907
2263.91	55.1491
2262.32	44.5138
2260.73	66.4758
2259.14	84.7737
2257.56	93.8123
2255.97	96.8276
2254.38	86.0734
2252.79	66.3756
2251.2	70.5876
2249.61	86.1196
2248.02	95.945
2246.43	75.1665
2244.84	73.2062
2243.25	50.2756
2241.66	48.4853
2240.07	49.1382
2238.47	72.5771
2236.88	77.8761
2235.29	98.9045
2233.69	100.885
2232.1	60.0873
2230.5	59.622
2228.91	83.4228
2227.31	98.6406
2225.72	98.7752
2224.12	107.982
2222.53	56.8744
2220.93	45.4465
2219.33	98.8539
2217.73	133.334
2216.14	55.0746
2214.54	59.9612
2212.94	89.8956
2211.34	111.842
2209.74	85.4881
2208.14	106.164
2206.54	103.575
2204.94	63.5766
2203.34	79.0719
2201.74	97.6721
2200.13	96.5306
2198.53	54.325
2196.93	89.4833
2195.33	101.221
2193.72	116.716
2192.12	113.075
2190.51	141.802
2188.91	113.169
2187.3	108.893
2185.7	99.2428
2184.09	102.846
2182.48	105.189
2180.88	106.835
2179.27	109.231
2177.66	102.916
2176.05	106.284
2174.45	94.5262
2172.84	87.791
2171.23	122.489
2169.62	144.757
2168.01	134.153
2166.4	105.669
2164.79	90.7108
2163.18	103.686
2161.56	96.4968
2159.95	82.7168
2158.34	68.0519
2156.73	83.7196
2155.11	89.5315
2153.5	108.526
2151.89	140.588
2150.27	125.71
2148.66	89.1432
2147.04	48.7955
2145.43	95.6695
2143.81	106.131
2142.19	115.542
2140.58	83.4583
2138.96	113.54
2137.34	101.565
2135.72	105.465
2134.1	97.9326
2132.48	104.792
2130.86	113.932
2129.25	118.4
2127.63	111.82
2126	85.6438
2124.38	97.9387
2122.76	113.015
2121.14	145.68
2119.52	132.907
2117.9	116.017
2116.27	101.516
2114.65	131.762
2113.03	118.436
2111.4	91.034
2109.78	73.5377
2108.15	102.519
2106.53	107.476
2104.9	106.588
2103.27	144.027
2101.65	166.092
2100.02	139.257
2098.39	101.699
2096.77	118.155
2095.14	119.696
2093.51	118.413
2091.88	133.803
2090.25	134.58
2088.62	86.5057
2086.99	76.127
2085.36	111.14
2083.73	128.569
2082.1	112.542
2080.46	134.7
2078.83	133.289
2077.2	136.563
2075.57	134.709
2073.93	135.281
2072.3	97.8613
2070.66	113.674
2069.03	131.742
2067.4	139.742
2065.76	139.145
2064.12	161.219
2062.49	153.83
2060.85	161.337
2059.21	176.445
2057.58	194.953
2055.94	170.797
2054.3	158.828
2052.66	124.29
2051.02	120.914
2049.38	171.231
2047.74	171.574
2046.1	159.295
2044.46	140.61
2042.82	179.462
2041.18	171.658
2039.53	199.125
2037.89	203.845
2036.25	175.125
2034.61	141.055
2032.96	124.632
2031.32	127.662
2029.67	134.461
2028.03	170.233
2026.38	156.236
2024.74	155.284
2023.09	134.185
2021.44	152.749
2019.8	123.151
2018.15	122.779
2016.5	102.028
2014.85	123.49
2013.21	131.494
2011.56	153.893
2009.91	162.954
2008.26	179.083
2006.61	155.024
2004.96	150.776
2003.3	157.184
2001.65	169.416
2000	177.138
1998.35	147.309
1996.7	107.906
1995.04	97.8197
1993.39	120.875
1991.74	145.004
1990.08	161.83
1988.43	175.5
1986.77	161.091
1985.12	151.226
1983.46	146.516
1981.8	129.577
1980.15	130.813
1978.49	118.935
1976.83	158.008
1975.17	164.194
1973.51	168.549
1971.86	133.445
1970.2	147.65
1968.54	179.56
1966.88	219.287
1965.22	222.724
1963.55	193.143
1961.89	157.782
1960.23	133.089
1958.57	152.438
1956.91	168.298
1955.24	157.332
1953.58	130.521
1951.92	127.402
1950.25	117.393
1948.59	121.837
1946.92	161.899
1945.26	155.927
1943.59	125.562
1941.92	108.949
1940.26	134.927
1938.59	128.987
1936.92	132.265
1935.25	172.379
1933.59	183.269
1931.92	145.009
1930.25	135.899
1928.58	169.989
1926.91	154.248
1925.24	103.242
1923.57	125.826
1921.9	147.252
1920.22	134.947
1918.55	146.337
1916.88	178.172
1915.21	177.966
1913.53	140.133
1911.86	147.936
1910.18	153.447
1908.51	153.385
1906.83	127.026
1905.16	99.9611
1903.48	117.712
1901.81	164.653
1900.13	172.674
1898.45	136.523
1896.78	108.854
1895.1	106.348
1893.42	122.268
1891.74	157.014
1890.06	184.459
1888.38	200.048
1886.7	180.775
1885.02	153.37
1883.34	109.366
1881.66	86.0811
1879.98	78.4049
1878.3	98.2006
1876.61	133.19
1874.93	126.083
1873.25	109.746
1871.56	74.5873
1869.88	89.1751
1868.19	92.2892
1866.51	102.841
1864.82	130.935
1863.14	141.257
1861.45	116.082
1859.76	83.0055
1858.08	111.349
1856.39	97.1306
1854.7	117.939
1853.01	132.401
1851.32	153.734
1849.63	130.51
1847.95	110.54
1846.25	100.983
1844.56	53.107
1842.87	62.8661
1841.18	60.2814
1839.49	112.212
1837.8	116.94
1836.11	91.9002
1834.41	62.9178
1832.72	101.008
1831.03	116.437
1829.33	58.6183
1827.64	31.3335
1825.94	53.0528
1824.25	74.0981
1822.55	51.7433
1820.85	61.7751
1819.16	81.9357
1817.46	68.7336
1815.76	34.4872
1814.06	11.8357
1812.36	9.20316
1810.67	-4.68491
1808.97	35.0561
1807.27	55.2526
1805.57	55.0591
1803.87	45.6516
1802.17	63.87
1800.46	55.7582
1798.76	67.8691
1797.06	62.9395
1795.36	51.6356
1793.65	20.9037
1791.95	24.863
1790.25	13.2595
1788.54	51.0158
1786.84	86.5681
1785.13	88.4651
1783.43	51.987
1781.72	32.7981
1780.01	54.2866
1778.31	96.2258
1776.6	134.2
1774.89	112.732
1773.18	80.3457
1771.47	61.428
1769.77	73.2583
1768.06	81.5354
1766.35	72.793
1764.64	84.4386
1762.92	100.368
1761.21	89.3147
1759.5	49.05
1757.79	54.0764
1756.08	78.4385
1754.36	59.0757
1752.65	59.7468
1750.94	54.2228
1749.22	95.2742
1747.51	92.233
1745.79	78.9777
1744.08	49.6091
1742.36	70.4811
1740.65	85.9582
1738.93	49.2628
1737.21	66.5452
1735.49	92.609
1733.78	57.1383
1732.06	25.8214
1730.34	57.4926
1728.62	86.0634
1726.9	26.4177
1725.18	16.1206
1723.46	27.5338
1721.74	66.2875
1720.02	59.6503
1718.3	70.3948
1716.57	62.1665
1714.85	65.5027
1713.13	56.291
1711.41	45.8453
1709.68	-1.51213
1707.96	-49.9411
1706.23	-18.1063
1704.51	31.0268
1702.78	26.3586
1701.05	-50.1124
1699.33	-72.6489
1697.6	-40.4123
1695.87	-15.5141
1694.15	-6.25378
1692.42	4.23876
1690.69	-6.70506
1688.96	-38.1474
1687.23	-46.018
1685.5	-39.3761
1683.77	-32.8973
1682.04	-16.1888
1680.31	30.3165
1678.58	22.443
1676.85	-1.30024
1675.11	-47.8006
1673.38	-36.8734
1671.65	-19.5755
1669.91	-22.5337
1668.18	-33.979
1666.44	-7.58269
1664.71	20.0434
1662.97	15.1122
1661.24	-9.69799
1659.5	-3.69202
1657.76	3.66695
1656.03	17.2948
1654.29	1.25225
1652.55	-22.3505
1650.81	3.11481
1649.07	21.4369
1647.33	36.7169
1645.59	16.464
1643.85	35.7176
1642.11	21.0032
1640.37	16.1394
1638.63	7.67253
1636.89	0.834947
1635.15	1.5996
1633.4	33.5626
1631.66	42.6928
1629.92	51.7676
1628.17	41.1241
1626.43	57.1345
1624.68	82.8215
1622.94	135.904
1621.19	139.82
1619.45	142.544
1617.7	191.805
1615.95	255.948
1614.21	271.458
1612.46	347.047
1610.71	430.072
1608.96	501.781
1607.21	504.57
1605.46	635.355
1603.71	792.777
1601.96	961.206
1600.21	1122.02
1598.46	1311.66
1596.71	1408.12
1594.95	1424.32
1593.2	1366.4
1591.45	1254.64
1589.7	1079.98
1587.94	925.882
1586.19	786.061
1584.43	648.535
1582.68	536.523
1580.92	507.218
1579.16	486.937
1577.41	409.397
1575.65	298.445
1573.89	259.055
1572.13	286.118
1570.38	291.199
1568.62	230.176
1566.86	188.045
1565.1	198.257
1563.34	168.115
1561.58	104.579
1559.82	121.459
1558.06	125.587
1556.29	117.894
1554.53	9.37473
1552.77	-17.9207
1551.01	-22.4946
1549.24	21.3619
1547.48	13.7629
1545.71	-0.738465
1543.95	-14.1284
1542.18	-56.743
1540.42	-95.7114
1538.65	-92.959
1536.89	-85.0831
1535.12	-80.3146
1533.35	-114.245
1531.58	-65.3014
1529.82	-44.0399
1528.05	-60.2881
1526.28	-109.615
1524.51	-112.126
1522.74	-108.074
1520.97	-139.474
1519.2	-100.603
1517.42	-65.3751
1515.65	-39.97
1513.88	-65.6046
1512.11	-41.7079
1510.33	-51.1324
1508.56	-69.982
1506.79	-87.3955
1505.01	-81.914
1503.24	-95.4249
1501.46	-78.2588
1499.69	-88.4648
1497.91	-97.9845
1496.13	-98.2012
1494.36	-49.5921
1492.58	-91.2221
1490.8	-130.625
1489.02	-92.2051
1487.24	-56.2191
1485.46	-82.3888
1483.68	-72.8245
1481.9	-34.7763
1480.12	-23.8038
1478.34	-60.5882
1476.56	-87.284
1474.78	-97.3093
1473	-93.0952
1471.21	-22.2886
1469.43	3.15856
1467.65	-0.532849
1465.86	-16.3683
1464.08	68.7408
1462.29	137.546
1460.51	145.176
1458.72	188.335
1456.93	319.46
1455.15	411.038
1453.36	442.975
1451.57	408.392
1449.79	407.627
1448	352.194
1446.21	298.472
1444.42	232.528
1442.63	202.694
1440.84	198.368
1439.05	182.942
1437.26	167.893
1435.46	150.036
1433.67	177.394
1431.88	199.155
1430.09	215.619
1428.29	241.413
1426.5	313.929
1424.71	340.137
1422.91	347.016
1421.12	403.228
1419.32	497.13
1417.52	546.481
1415.73	551.779
1413.93	604.307
1412.13	683.496
1410.34	781.091
1408.54	872.249
1406.74	977.118
1404.94	1081.64
1403.14	1096.27
1401.34	1034.94
1399.54	1034.73
1397.74	1039.26
1395.94	1014.01
1394.14	940.972
1392.33	959.843
1390.53	967.052
1388.73	979.571
1386.92	968.193
1385.12	1080.09
1383.32	1239.56
1381.51	1352.61
1379.7	1383.04
1377.9	1440.65
1376.09	1463.48
1374.29	1459.56
1372.48	1403.62
1370.67	1333.88
1368.86	1255.8
1367.05	1208.9
1365.25	1089.74
1363.44	976.66
1361.63	848.27
1359.82	743.229
1358.01	620.911
1356.19	510.512
1354.38	475.39
1352.57	437.825
1350.76	398.763
1348.95	246.396
1347.13	170.49
1345.32	126.021
1343.5	147.998
1341.69	172.449
1339.87	189.278
1338.06	207.228
1336.24	206.445
1334.43	234.2
1332.61	204.833
1330.79	195.16
1328.97	168.074
1327.16	185.558
1325.34	196.838
1323.52	195.24
1321.7	148.524
1319.88	96.9355
1318.06	90.5298
1316.24	84.2506
1314.41	63.0011
1312.59	69.0226
1310.77	73.4975
1308.95	96.917
1307.12	74.1544
1305.3	94.8167
1303.48	126.559
1301.65	158.55
1299.83	141.528
1298	125.779
1296.18	160.972
1294.35	211.519
1292.52	261.176
1290.69	324.464
1288.87	393.811
1287.04	455.352
1285.21	436.671
1283.38	418.17
1281.55	404.624
1279.72	380.943
1277.89	331.62
1276.06	262.009
1274.23	168.861
1272.4	85.3099
1270.57	70.549
1268.73	45.2411
1266.9	-4.78772
1265.07	-10.1144
1263.23	-15.1211
1261.4	-10.5344
1259.56	-18.7595
1257.73	62.9519
1255.89	48.6885
1254.06	18.7595
1252.22	-27.7981
1250.38	52.5709
1248.54	47.1981
1246.71	50.3315
1244.87	3.23675
1243.03	76.2083
1241.19	76.4109
1239.35	80.2173
1237.51	19.2603
1235.67	8.28148
1233.83	30.3528
1231.98	1.27211
1230.14	-17.0782
1228.3	-78.0718
1226.46	-37.7494
1224.61	-59.4395
1222.77	-50.5005
1220.92	-56.0291
1219.08	-1.40707
1217.23	-18.0707
1215.39	-21.5919
1213.54	-16.4931
1211.7	65.1029
1209.85	41.7265
1208	48.612
1206.15	57.3771
1204.3	38.448
1202.45	4.13793
1200.61	-11.6134
1198.76	39.979
1196.91	-12.7658
1195.05	-6.72336
1193.2	-33.5027
1191.35	-13.5244
1189.5	-13.3609
1187.65	41.2535
1185.79	58.0192
1183.94	37.5081
1182.09	52.0009
1180.23	121.278
1178.38	230.843
1176.52	285.338
1174.67	337.503
1172.81	385.045
1170.95	542.903
1169.1	733.3
1167.24	897.921
1165.38	1114.69
1163.52	1442.28
1161.66	1802.88
1159.8	2031.7
1157.94	2160.35
1156.08	2200.02
1154.22	2217.08
1152.36	2107.06
1150.5	1891.73
1148.64	1584.57
1146.77	1380.86
1144.91	1225.71
1143.05	1125.08
1141.18	1020.53
1139.32	936.958
1137.45	853.856
1135.59	840.843
1133.72	811.547
1131.86	789.331
1129.99	733.278
1128.12	663.038
1126.25	608.539
1124.39	599.883
1122.52	568.157
1120.65	467.338
1118.78	378.279
1116.91	319.072
1115.04	307.715
1113.17	331.796
1111.3	329.313
1109.42	303.644
1107.55	332.126
1105.68	378.113
1103.81	375.741
1101.93	311.857
1100.06	253.769
1098.18	191.589
1096.31	147.157
1094.43	78.073
1092.56	48.1526
1090.68	5.61795
1088.8	-37.3229
1086.93	-118.724
1085.05	-162.753
1083.17	-185.681
1081.29	-209.167
1079.41	-207.998
1077.53	-191.772
1075.65	-185.63
1073.77	-192.101
1071.89	-168.75
1070.01	-160.194
1068.13	-165.787
1066.24	-177.343
1064.36	-174.511
1062.48	-126.903
1060.59	-146.689
1058.71	-127.385
1056.83	-94.7516
1054.94	-7.41838
1053.05	-40.4455
1051.17	4.02172
1049.28	37.1101
1047.39	95.3903
1045.51	96.4121
1043.62	110.491
1041.73	49.9271
1039.84	9.59836
1037.95	20.2763
1036.06	31.7553
1034.17	39.8268
1032.28	-29.0095
1030.39	-17.4083
1028.5	-13.5706
1026.61	-11.8617
1024.71	-32.5783
1022.82	-35.8832
1020.93	-30.7986
1019.03	-84.8161
1017.14	-84.9099
1015.24	-101.71
1013.35	-90.6496
1011.45	-94.7392
1009.56	-114.773
1007.66	-140.675
1005.76	-125.354
1003.86	-123.419
1001.97	-129.988
1000.07	-144.424
998.167	-154.597
996.268	-169.296
994.368	-144.616
992.466	-103.056
990.565	-132.1
988.664	-164.866
986.762	-187.652
984.86	-133.33
982.957	-128.332
981.053	-171.972
979.15	-184.224
977.245	-59.7395
975.34	-13.8051
973.435	-25.903
971.53	-12.9346
969.624	32.7656
967.717	36.9214
965.809	20.0561
963.902	12.1117
961.994	15.0343
960.086	-21.6698
958.177	-70.6183
956.267	-67.2417
954.357	-4.3855
952.447	-11.4636
950.536	2.50458
948.625	82.038
946.713	133.518
944.8	109.527
942.888	90.9409
940.974	101.791
939.061	144.444
937.147	114.545
935.233	38.5287
933.317	-27.4429
931.402	3.07299
929.485	-17.4857
927.569	-46.1258
925.652	-32.5283
923.735	10.6205
921.817	-29.3993
919.899	-129.793
917.98	-126.09
916.061	-34.6117
914.141	29.592
912.22	-26.7908
910.3	-42.2065
908.378	-29.1566
906.456	-7.33732
904.534	-23.8537
902.612	-16.9893
900.689	1.27082
898.766	38.9438
896.841	70.9677
894.916	75.1914
892.991	62.4833
891.066	52.9921
889.14	36.1832
887.214	34.7075
885.287	34.5482
883.36	117.553
881.432	126.692
879.504	96.6897
877.575	51.6372
875.646	48.9987
873.716	81.0055
871.786	90.2074
869.855	119.872
867.924	112.444
865.992	160.245
864.06	115.191
862.128	55.2104
860.194	61.4105
858.261	127.801
856.327	120.469
854.393	103.835
852.458	116.923
850.522	115.12
848.586	104.74
846.65	104.941
844.714	109.779
842.776	132.499
840.838	128.72
838.901	108.119
836.961	107.225
835.023	185.394
833.082	229.009
831.142	205.324
829.202	176.102
827.261	140.269
825.319	116.113
823.377	81.8443
821.434	49.0243
819.491	89.7664
817.548	159.864
815.604	220.669
813.66	199.075
811.715	168.455
809.769	120.68
807.823	107.714
805.878	118.109
803.93	104.385
801.983	88.8571
800.035	135.112
798.087	146.736
796.139	162.723
794.189	209.3
792.24	187.484
790.289	108.676
788.339	37.6143
786.387	53.5249
784.436	30.5079
782.484	26.7969
780.532	-61.4976
778.578	-60.3451
776.624	-16.4522
774.671	61.7364
772.716	44.5224
770.762	75.3022
768.806	101.755
766.85	164.643
764.893	159.487
762.937	128.517
760.979	54.1302
759.022	44.716
757.064	9.27059
755.105	37.2923
753.145	30.4477
751.185	47.8892
749.226	38.6461
747.264	34.991
745.303	20.8467
743.341	19.0299
741.38	41.8215
739.417	45.0075
737.454	51.5196
735.49	42.6632
733.526	65.7373
731.562	81.4122
729.596	66.1694
727.631	44.5871
725.665	61.0674
723.699	82.8203
721.732	73.268
719.764	39.0398
717.797	52.334
715.828	80.4449
713.859	48.1469
711.889	1.24754
709.919	-13.8925
707.949	46.5842
705.978	71.8741
704.007	104.568
702.035	80.87
700.063	88.2786
698.091	48.2074
696.117	87.2585
694.143	130.541
692.169	147.183
690.194	117.308
688.219	145.262
686.244	165.078
684.267	157.412
682.291	152.516
680.314	137.716
678.336	98.0765
676.358	95.0208
674.379	134.808
672.4	133.467
670.421	135.707
668.441	200.357
666.46	284.258
664.479	301.769
662.497	242.27
660.516	313.302
658.533	345.598
656.55	409.212
654.567	368.132
652.583	510.047
650.598	587.315
648.614	647.827
646.628	669.751
644.643	757.124
642.656	835.988
640.669	882.451
638.682	970.911
636.694	1000.48
634.706	912.641
632.717	749.746
630.728	614.951
628.738	562.75
626.748	551.007
624.757	533.512
622.766	497.383
620.774	429.161
618.782	411.43
616.789	348.339
614.796	311.226
612.802	313.802
610.808	261.8
608.814	226.847
606.818	145.131
604.822	163.041
602.827	106.643
600.83	99.4005
598.833	79.2394
596.836	74.8861
594.838	65.2808
592.839	46.0249
590.84	11.508
588.841	-43.95
586.84	-73.4881
584.84	-37.6223
582.838	-46.6766
580.838	-91.9183
578.835	-118.4
576.833	-111.337
574.83	-110.035
572.827	-68.3437
570.822	-48.1687
568.818	-28.2393
566.813	-23.4012
564.808	5.4576
562.802	26.3664
560.795	42.2834
558.788	42.2134
556.781	53.9983
554.773	110.951
552.765	180.179
550.756	185.086
548.747	232.599
546.737	268.717
544.726	330.55
542.716	297.75
540.704	263.673
538.692	276.787
536.68	299.597
534.667	336.27
532.654	377.175
530.64	471.747
528.626	453.203
526.611	486.73
524.596	554.292
522.58	672.273
520.564	655.081
518.547	601.619
516.529	605.218
514.512	587.124
512.494	528.754
510.476	460.09
508.456	459.315
506.436	405.909
504.416	313.854
502.395	269.869
500.374	185.054
498.353	209.204
496.33	195.822
494.307	171.717
492.284	53.6956
490.261	49.1812
488.237	67.6729
486.212	112.593
484.187	93.2649
482.161	44.6952
480.134	-25.2114
478.108	-6.33179
476.081	-17.8416
474.054	-54.6068
472.025	-106.414
469.997	-123.852
467.968	-131.904
465.938	-109.898
463.908	-126.132
461.877	-135.287
459.846	-167.413
457.814	-133.564
455.782	-95.9488
453.75	-100.986
451.716	-109.33
449.683	-105.769
447.649	-73.7045
445.614	-96.6245
443.579	-95.0957
441.543	-80.3351
439.508	-58.5625
437.47	-23.1909
435.433	6.02189
433.396	16.9374
431.358	28.9394
429.319	38.0669
427.28	52.0298
425.241	100.414
423.201	136.317
421.16	246.919
419.118	272.018
417.077	353.766
415.035	394.781
412.993	466.791
410.949	529.587
408.905	527.454
406.862	506.776
404.816	448.186
402.771	450.905
400.727	399.382
398.68	406.143
396.633	397.749
394.586	328.154
392.539	243.669
390.491	217.139
388.442	149.764
386.393	115.27
384.344	149.496
382.293	161.438
380.242	116.825
378.192	114.205
376.14	198.764
374.088	197.667
372.035	202.668
369.982	203.682
367.928	209.089
365.874	180.47
363.82	183.951
361.765	237.824
359.709	245.16
357.653	145.551
355.596	71.6144
353.539	107.618
351.481	159.255
349.423	125.161
347.364	84.7348
345.305	79.9976
343.245	140.917
341.185	192.415
339.125	226.757
337.063	182.581
335.001	163.647
332.94	105.864
330.876	145.686
328.813	195.854
326.749	234.894
324.685	198.292
322.621	178.35
320.555	188.301
318.489	270.994
316.423	322.818
314.356	300.643
312.29	205.223
310.221	227.759
308.153	294.276
306.084	303.885
304.015	232.034
301.946	209.762
299.875	148.782
297.804	135.188
295.733	126.267
293.661	185.381
291.588	146.094
289.516	199.049
287.443	157.425
285.369	117.019
283.295	77.4891
281.22	105.81
279.144	130.749
277.068	134.265
274.992	124.05
272.915	112.086
270.837	147.173
268.76	196.973
266.681	165.644
264.602	185.36
262.523	268.495
260.443	361.846
258.362	452.112
256.282	496.431
254.2	537.393
252.118	543.325
250.036	578.414
247.952	634.651
245.869	708.362
243.784	844.294
241.7	841.51
239.616	747.104
237.53	653.115
235.443	655.67
233.357	693.735
231.27	582.655
229.182	578.696
227.094	499.077
225.005	445.276
222.916	334.607
220.827	385.069
218.737	343.432
216.646	270.991
214.555	163.331
212.462	158.58
210.37	208.854
208.278	199.488
206.185	101.173
204.091	-3.50501
201.997	-40.3961
199.902	-113.281
197.807	-169.935
195.711	-262.96
193.615	-386.765
191.517	-452.157
189.42	-480.639
187.322	-516.295
185.224	-570.799
183.125	-528.415
181.025	-472.189
178.926	-359.821
176.825	-258.597
174.724	-106.3
172.623	-61.3766
170.521	107.832
168.418	341.783
166.315	703.977
164.212	1109.44
162.108	1727.63
160.003	2460.92
157.898	3411.23
155.793	4604.32
153.686	5819.22
151.58	6709.24
149.473	7230.3
147.365	7334.55
145.257	7028.77
143.148	6292.69
141.039	5275.9
138.929	4086.51
136.819	2990.87
134.709	2136.27
132.597	1544.7
130.485	1167.17
128.373	809.361
126.26	584.875
124.147	439.058
122.033	339.242
119.919	184.371
117.804	50.8805
115.688	-33.3883
113.573	-65.1296
111.456	-19.7728
109.339	100.599
107.222	145.883
105.103	163.496
102.985	131.675
100.866	116.07
98.7467	-28.7686
96.6262	-184.999
