3502.52	-10.9028
3501.25	8.86645
3499.98	-0.445682
3498.71	3.91087
3497.44	2.28101
3496.17	2.64941
3494.9	-17.0753
3493.62	7.17421
3492.35	22.8966
3491.08	19.974
3489.8	-4.3089
3488.53	11.1863
3487.26	21.5617
3485.98	10.3277
3484.71	-7.77849
3483.43	-7.86781
3482.16	-11.0744
3480.88	-10.0832
3479.6	1.16326
3478.33	3.53448
3477.05	5.50026
3475.77	8.12033
3474.5	7.43631
3473.22	-8.10892
3471.94	-19.883
3470.66	-22.7419
3469.38	-18.6837
3468.1	-10.223
3466.82	1.00613
3465.54	8.15651
3464.26	11.3617
3462.98	5.17091
3461.7	9.2894
3460.42	-10.2355
3459.14	-9.71458
3457.86	-8.79221
3456.57	5.80121
3455.29	5.92927
3454.01	8.49278
3452.73	9.0247
3451.44	-6.12339
3450.16	2.95268
3448.87	6.8647
3447.59	5.74839
3446.3	-6.59574
3445.02	4.02686
3443.73	25.6592
3442.45	17.2431
3441.16	-7.073
3439.88	-13.206
3438.59	7.87375
3437.3	15.4717
3436.01	8.58925
3434.73	-1.93889
3433.44	-7.43666
3432.15	4.13685
3430.86	15.3035
3429.57	7.64302
3428.28	1.85127
3426.99	15.2686
3425.7	14.7864
3424.41	4.94698
3423.12	4.56856
3421.83	0.0506601
3420.54	-12.2929
3419.24	-17.3573
3417.95	-12.6701
3416.66	-10.359
3415.37	5.07121
3414.07	6.24165
3412.78	2.2767
3411.48	-3.95466
3410.19	0.305146
3408.9	-12.1436
3407.6	0.136058
3406.31	16.6823
3405.01	8.18791
3403.72	-10.2795
3402.42	-17.7876
3401.12	-4.23837
3399.82	-3.60827
3398.53	9.51343
3397.23	3.71493
3395.93	-2.7924
3394.63	-7.90599
3393.33	-11.9274
3392.04	-11.1821
3390.74	2.63955
3389.44	9.28117
3388.14	11.7633
3386.84	2.64914
3385.53	14.3348
3384.23	7.52884
3382.93	3.14031
3381.63	1.00805
3380.33	16.234
3379.03	10.8095
3377.72	-5.37908
3376.42	-11.159
3375.12	-3.73859
3373.81	-14.0327
3372.51	-5.25497
3371.2	2.04994
3369.9	16.0898
3368.59	5.81234
3367.29	7.45108
3365.98	3.7068
3364.68	-4.82115
3363.37	-3.54386
3362.06	-6.80067
3360.76	-0.854879
3359.45	11.4182
3358.14	24.0394
3356.83	24.0874
3355.52	10.2419
3354.22	6.51363
3352.91	3.7989
3351.6	0.0729797
3350.29	-9.52402
3348.98	-10.3889
3347.67	1.97992
3346.36	0.890515
3345.04	5.67374
3343.73	13.7195
3342.42	10.9622
3341.11	4.08019
3339.8	6.88049
3338.48	-2.28371
3337.17	-17.7478
3335.86	-15.6479
3334.54	-5.05562
3333.23	-5.29955
3331.91	0.323009
3330.6	-10.0789
3329.28	-10.8352
3327.97	-5.12836
3326.65	15.7763
3325.34	4.2787
3324.02	-7.3438
3322.7	-16.6233
3321.38	-8.05944
3320.07	8.39596
3318.75	18.5258
3317.43	7.68875
3316.11	-5.2818
3314.79	-9.36564
3313.47	1.71751
3312.15	9.36513
3310.83	13.1525
3309.51	1.81809
3308.19	-7.74776
3306.87	-12.4113
3305.55	-1.87694
3304.23	4.50945
3302.9	-1.08066
3301.58	1.12215
3300.26	4.51437
3298.94	8.25674
3297.61	14.5476
3296.29	16.754
3294.96	-2.80894
3293.64	-3.31348
3292.31	7.13421
3290.99	0.328254
3289.66	-12.6542
3288.34	-5.25317
3287.01	13.6193
3285.68	21.231
3284.36	15.157
3283.03	-9.61855
3281.7	-5.77604
3280.37	-2.79279
3279.05	-19.966
3277.72	-21.2854
3276.39	-11.8492
3275.06	6.50676
3273.73	-1.63548
3272.4	8.82619
3271.07	-12.87
3269.74	-4.94573
3268.41	-0.825818
3267.08	21.5441
3265.74	14.0165
3264.41	1.06902
3263.08	-10.537
3261.75	10.023
3260.41	11.9376
3259.08	-2.62134
3257.75	-13.3718
3256.41	17.1595
3255.08	23.1303
3253.74	21.6442
3252.41	12.386
3251.07	11.097
3249.74	12.4131
3248.4	12.2219
3247.06	18.5601
3245.73	23.1454
3244.39	37.4417
3243.05	36.5856
3241.71	41.3152
3240.37	32.9055
3239.04	28.8777
3237.7	20.8993
3236.36	22.2654
3235.02	18.2665
3233.68	31.0412
3232.34	40.1445
3231	38.3615
3229.66	32.8467
3228.31	30.986
3226.97	37.6242
3225.63	31.2973
3224.29	29.808
3222.94	32.7854
3221.6	32.7859
3220.26	28.0668
3218.91	31.3688
3217.57	48.1593
3216.23	44.8506
3214.88	38.4736
3213.53	41.5439
3212.19	41.9049
3210.84	37.0978
3209.5	20.3474
3208.15	15.6504
3206.8	27.2462
3205.46	39.0961
3204.11	35.2057
3202.76	25.3178
3201.41	35.6
3200.06	43.794
3198.71	38.8303
3197.36	36.7436
3196.01	25.1682
3194.66	32.9467
3193.31	25.781
3191.96	20.9211
3190.61	7.99621
3189.26	35.7879
3187.91	47.9752
3186.56	52.3917
3185.2	44.057
3183.85	34.4283
3182.5	26.1669
3181.14	26.2058
3179.79	35.8723
3178.44	38.5191
3177.08	45.3735
3175.73	21.722
3174.37	9.9784
3173.01	23.3736
3171.66	54.2611
3170.3	40.1452
3168.95	24.3558
3167.59	17.0551
3166.23	31.2111
3164.87	32.2662
3163.51	37.6584
3162.16	30.8457
3160.8	34.418
3159.44	41.156
3158.08	41.2634
3156.72	29.1007
3155.36	28.8666
3154	37.9488
3152.64	40.4207
3151.28	40.0533
3149.91	47.3914
3148.55	37.3308
3147.19	30.6818
3145.83	36.7615
3144.46	35.0243
3143.1	30.3256
3141.74	32.9776
3140.37	44.766
3139.01	30.7828
3137.64	31.4792
3136.28	31.6324
3134.91	33.4593
3133.55	27.2496
3132.18	44.5742
3130.81	47.8982
3129.45	37.1871
3128.08	35.165
3126.71	35.5282
3125.34	32.4244
3123.98	24.6056
3122.61	36.9773
3121.24	40.786
3119.87	39.9075
3118.5	29.0237
3117.13	15.9242
3115.76	33.3365
3114.39	51.3346
3113.02	40.8633
3111.64	14.3031
3110.27	9.37147
3108.9	22.1515
3107.53	30.4094
3106.15	32.2024
3104.78	25.0222
3103.41	22.3112
3102.03	15.9169
3100.66	16.2278
3099.29	18.5831
3097.91	24.5174
3096.53	11.5487
3095.16	12.4623
3093.78	22.8805
3092.41	44.0722
3091.03	51.3067
3089.65	38.2545
3088.27	25.0283
3086.9	20.8671
3085.52	19.916
3084.14	8.1248
3082.76	-1.67137
3081.38	15.0368
3080	36.4804
3078.62	38.4801
3077.24	33.5883
3075.86	26.109
3074.48	26.3989
3073.1	2.86903
3071.72	9.14437
3070.33	18.3507
3068.95	23.8153
3067.57	22.2398
3066.19	12.8376
3064.8	7.83059
3063.42	12.748
3062.03	19.0464
3060.65	28.8189
3059.26	27.0722
3057.88	37.7494
3056.49	10.0905
3055.11	11.488
3053.72	-0.160633
3052.33	-5.40335
3050.95	-9.87398
3049.56	13.173
3048.17	15.6901
3046.78	8.69419
3045.4	8.87156
3044.01	10.6249
3042.62	-4.06459
3041.23	-5.95423
3039.84	-7.07762
3038.45	-4.14329
3037.06	2.68854
3035.67	11.2734
3034.28	-2.80183
3032.88	-8.72748
3031.49	5.92468
3030.1	-1.23929
3028.71	3.81797
3027.31	5.20388
3025.92	1.22352
3024.52	-21.6579
3023.13	4.29931
3021.74	20.8627
3020.34	12.5351
3018.95	-6.86944
3017.55	-6.48459
3016.16	-2.32454
3014.76	-6.57214
3013.36	-18.8724
3011.96	-20.1868
3010.57	-3.82006
3009.17	10.7873
3007.77	12.4388
3006.37	22.9628
3004.97	22.485
3003.57	17.8904
3002.17	6.4175
3000.77	-12.9602
2999.37	-24.7372
2997.97	-17.9629
2996.57	3.13217
2995.17	-2.87003
2993.77	-0.472181
2992.37	0.346342
2990.97	-6.08463
2989.56	-8.32121
2988.16	0.224239
2986.76	9.80139
2985.35	19.9734
2983.95	12.4931
2982.54	-5.7404
2981.14	-33.6907
2979.73	-17.0342
2978.33	-9.27822
2976.92	9.25706
2975.51	9.74436
2974.11	24.8479
2972.7	-2.65338
2971.29	3.80603
2969.89	6.76366
2968.48	16.8881
2967.07	-5.19613
2965.66	-3.32216
2964.25	12.7996
2962.84	22.5588
2961.43	12.4264
2960.02	-0.392754
2958.61	8.52124
2957.2	25.4167
2955.79	23.0235
2954.38	2.08658
2952.96	-2.5205
2951.55	10.2551
2950.14	26.5982
2948.73	23.1402
2947.31	22.3364
2945.9	19.4466
2944.48	27.6674
2943.07	20.8087
2941.65	11.6599
2940.24	3.01887
2938.82	8.58269
2937.41	0.719788
2935.99	-9.43521
2934.57	-18.9309
2933.16	-2.91851
2931.74	8.90105
2930.32	30.3136
2928.9	32.3295
2927.48	18.808
2926.06	16.0354
2924.64	11.8876
2923.22	19.0427
2921.8	5.7031
2920.38	22.4658
2918.96	-1.46565
2917.54	4.05511
2916.12	8.9212
2914.7	21.9094
2913.28	8.19864
2911.85	-0.903361
2910.43	8.30006
2909.01	1.54267
2907.58	-2.21801
2906.16	-2.90792
2904.74	27.2224
2903.31	43.0567
2901.88	32.5235
2900.46	11.8468
2899.03	-9.43356
2897.61	-2.8291
2896.18	3.92105
2894.75	18.8156
2893.33	22.2767
2891.9	14.9484
2890.47	6.57825
2889.04	10.4952
2887.61	14.138
2886.18	27.309
2884.75	17.2386
2883.32	17.4996
2881.89	17.7839
2880.46	42.3154
2879.03	33.8347
2877.6	19.2718
2876.17	11.848
2874.74	23.1355
2873.3	14.1846
2871.87	5.18867
2870.44	6.8426
2869.01	31.3481
2867.57	19.5828
2866.14	18.0211
2864.7	11.0845
2863.27	21.297
2861.83	20.9867
2860.4	13.007
2858.96	16.9181
2857.52	9.47855
2856.09	12.4324
2854.65	1.09512
2853.21	24.1643
2851.77	13.5196
2850.34	-4.29046
2848.9	-23.0888
2847.46	-20.7584
2846.02	-10.433
2844.58	9.31905
2843.14	17.9952
2841.7	8.72372
2840.26	1.18777
2838.82	-9.59338
2837.37	-8.32284
2835.93	1.91159
2834.49	23.361
2833.05	8.43891
2831.6	1.24591
2830.16	-5.28223
2828.72	-9.42841
2827.27	-3.6248
2825.83	13.1065
2824.38	12.9077
2822.94	5.3398
2821.49	14.5272
2820.05	11.3845
2818.6	3.33213
2817.15	-20.6394
2815.71	-9.85872
2814.26	14.1542
2812.81	37.4407
2811.36	12.8583
2809.91	-19.952
2808.47	-23.5393
2807.02	-11.1778
2805.57	3.9892
2804.12	-7.56266
2802.67	-4.37556
2801.22	1.52751
2799.76	12.0343
2798.31	-12.2845
2796.86	-15.0107
2795.41	-12.0279
2793.96	6.08735
2792.5	-17.6362
2791.05	-14.9035
2789.6	-6.46362
2788.14	12.1937
2786.69	-16.4098
2785.23	-8.11458
2783.78	4.72854
2782.32	29.6489
2780.86	25.7438
2779.41	33.9659
2777.95	21.8697
2776.5	-2.01637
2775.04	-1.67072
2773.58	-12.2696
2772.12	-5.0539
2770.66	-2.29932
2769.2	14.2718
2767.74	6.14066
2766.29	7.07285
2764.83	-5.27455
2763.36	-0.237742
2761.9	17.0889
2760.44	15.1205
2758.98	0.55622
2757.52	3.5092
2756.06	-0.122447
2754.59	-21.5374
2753.13	-8.90349
2751.67	15.6257
2750.2	24.5623
2748.74	23.536
2747.28	27.5239
2745.81	25.1349
2744.35	3.34812
2742.88	5.4678
2741.41	13.5612
2739.95	32.661
2738.48	29.8372
2737.01	16.3064
2735.55	9.73733
2734.08	21.1968
2732.61	44.2629
2731.14	45.1818
2729.67	37.9571
2728.2	21.1019
2726.73	15.6431
2725.26	8.04617
2723.79	4.0177
2722.32	12.6129
2720.85	38.9515
2719.38	54.1804
2717.91	42.7786
2716.44	20.8582
2714.96	20.7861
2713.49	12.4116
2712.02	-6.49924
2710.54	1.12182
2709.07	13.1809
2707.59	25.1121
2706.12	18.1739
2704.64	21.09
2703.17	27.4261
2701.69	35.1008
2700.22	31.6045
2698.74	16.5123
2697.26	25.9506
2695.78	16.6167
2694.31	21.6135
2692.83	34.1552
2691.35	35.2265
2689.87	31.4957
2688.39	35.1546
2686.91	30.2911
2685.43	12.8023
2683.95	23.6676
2682.47	14.5528
2680.99	10.5394
2679.51	-3.51078
2678.03	-5.05423
2676.54	-14.3703
2675.06	8.29601
2673.58	36.2191
2672.09	53.3376
2670.61	39.1163
2669.13	16.6625
2667.64	2.45163
2666.16	7.1109
2664.67	10.2739
2663.18	17.2124
2661.7	41.7114
2660.21	46.5028
2658.72	24.2449
2657.24	13.0061
2655.75	10.0267
2654.26	-13.8136
2652.77	-25.0844
2651.28	11.1217
2649.8	28.0192
2648.31	34.5801
2646.82	27.4358
2645.33	33.9164
2643.84	13.3637
2642.34	32.6927
2640.85	51.8179
2639.36	68.6919
2637.87	56.3009
2636.38	56.5861
2634.88	59.3101
2633.39	33.9995
2631.9	35.4752
2630.4	33.3331
2628.91	49.327
2627.41	47.0815
2625.92	55.8516
2624.42	60.3058
2622.93	54.6137
2621.43	66.473
2619.93	49.7621
2618.44	47.1977
2616.94	29.6434
2615.44	38.0446
2613.94	37.0371
2612.44	47.4201
2610.95	49.7258
2609.45	46.1934
2607.95	26.7746
2606.45	39.4308
2604.95	22.4959
2603.44	25.5259
2601.94	24.5384
2600.44	74.4498
2598.94	77.3269
2597.44	68.3205
2595.93	61.6332
2594.43	85.1276
2592.93	78.5119
2591.42	46.7151
2589.92	52.3291
2588.42	59.611
2586.91	53.3013
2585.4	42.4163
2583.9	70.5447
2582.39	67.8732
2580.89	57.7095
2579.38	55.2728
2577.87	72.7063
2576.36	73.4146
2574.86	52.8399
2573.35	57.906
2571.84	80.2833
2570.33	95.4515
2568.82	85.1915
2567.31	75.3098
2565.8	65.4548
2564.29	53.2444
2562.78	70.4895
2561.27	66.7672
2559.75	56.4114
2558.24	44.2991
2556.73	79.2128
2555.22	88.9923
2553.7	61.654
2552.19	30.0365
2550.68	37.7107
2549.16	61.6121
2547.65	51.6019
2546.13	50.2022
2544.61	59.2274
2543.1	64.2939
2541.58	47.5174
2540.07	56.9818
2538.55	87.1149
2537.03	79.3164
2535.51	73.45
2533.99	87.2217
2532.48	72.0451
2530.96	53.4193
2529.44	24.5367
2527.92	49.5485
2526.4	38.2178
2524.88	64.8363
2523.36	61.824
2521.83	85.5246
2520.31	74.4632
2518.79	79.1353
2517.27	60.708
2515.74	58.3486
2514.22	79.6224
2512.7	97.0819
2511.17	81.9622
2509.65	59.3566
2508.12	55.6125
2506.6	36.089
2505.07	48.3243
2503.55	57.8838
2502.02	67.493
2500.49	65.3193
2498.97	71.8313
2497.44	47.5522
2495.91	30.8181
2494.38	19.9481
2492.85	32.2474
2491.32	38.1934
2489.8	36.2919
2488.27	23.4591
2486.74	25.8787
2485.2	36.2175
2483.67	46.1154
2482.14	33.877
2480.61	27.7121
2479.08	15.599
2477.55	28.3428
2476.01	21.7112
2474.48	5.50881
2472.95	3.89232
2471.41	24.8415
2469.88	30.6703
2468.34	37.4341
2466.81	41.8076
2465.27	28.191
2463.74	10.8269
2462.2	22.5924
2460.66	50.6046
2459.12	46.4779
2457.59	14.8906
2456.05	-8.31162
2454.51	27.0165
2452.97	54.1458
2451.43	-1.19681
2449.89	-26.0778
2448.35	4.32417
2446.81	60.8056
2445.27	29.3571
2443.73	14.3846
2442.19	-19.8208
2440.65	-25.8729
2439.11	-40.4922
2437.56	-29.8385
2436.02	-16.3208
2434.48	-2.64921
2432.93	-0.924829
2431.39	3.07057
2429.84	10.1023
2428.3	14.6986
2426.75	12.3395
2425.21	5.2305
2423.66	-4.48333
2422.12	-1.75767
2420.57	0.738853
2419.02	1.42183
2417.47	4.9102
2415.93	10.3384
2414.38	10.6382
2412.83	-1.79119
2411.28	-0.0105864
2409.73	-11.6004
2408.18	-28.5693
2406.63	-17.426
2405.08	6.11098
2403.53	54.2695
2401.98	66.259
2400.42	56.6311
2398.87	14.6441
2397.32	-9.558
2395.77	-6.25762
2394.21	-10.0836
2392.66	13.2115
2391.1	6.01647
2389.55	-9.78164
2387.99	-41.2362
2386.44	-12.6847
2384.88	21.1634
2383.33	27.29
2381.77	17.8802
2380.21	14.0459
2378.66	14.8266
2377.1	-1.31569
2375.54	9.03611
2373.98	-6.02199
2372.42	-5.8226
2370.86	-4.83353
2369.3	-17.6547
2367.74	-35.013
2366.18	-26.7756
2364.62	-0.61013
2363.06	20.7662
2361.5	12.5276
2359.94	31.2124
2358.37	16.821
2356.81	26.7127
2355.25	-0.553363
2353.68	8.16448
2352.12	-3.64396
2350.56	9.40897
2348.99	7.74134
2347.43	5.3622
2345.86	10.2003
2344.29	2.73356
2342.73	20.7941
2341.16	13.3478
2339.59	5.14425
2338.03	-19.8448
2336.46	7.79264
2334.89	-3.68335
2333.32	19.1042
2331.75	25.7327
2330.18	44.4532
2328.61	39.1729
2327.04	59.9512
2325.47	72.4226
2323.9	72.0671
2322.33	65.8571
2320.76	46.016
2319.18	50.9913
2317.61	39.4087
2316.04	45.2439
2314.47	30.2836
2312.89	40.8899
2311.32	35.9769
2309.74	50.2141
2308.17	43.0394
2306.59	23.6475
2305.02	24.1265
2303.44	14.8986
2301.86	23.326
2300.29	8.37569
2298.71	29.7137
2297.13	17.3127
2295.55	49.928
2293.97	62.1711
2292.4	73.8355
2290.82	38.4723
2289.24	37.5747
2287.66	29.7608
2286.08	21.3537
2284.49	-2.14761
2282.91	11.5736
2281.33	32.8749
2279.75	62.0876
2278.17	42.534
2276.58	46.5384
2275	42.8301
2273.42	56.9595
2271.83	61.273
2270.25	65.8922
2268.66	56.9237
2267.08	34.4174
2265.49	44.0186
2263.91	49.9081
2262.32	42.8146
2260.73	27.8054
2259.14	28.5535
2257.56	39.0181
2255.97	39.3334
2254.38	38.4282
2252.79	41.3681
2251.2	52.0286
2249.61	80.0535
2248.02	57.9008
2246.43	3.33039
2244.84	4.54013
2243.25	34.8668
2241.66	49.6458
2240.07	31.0697
2238.47	48.5317
2236.88	39.9351
2235.29	50.19
2233.69	65.6157
2232.1	73.2538
2230.5	61.2254
2228.91	64.5952
2227.31	90.3357
2225.72	73.0056
2224.12	46.7817
2222.53	44.3337
2220.93	60.0131
2219.33	60.0086
2217.73	48.0981
2216.14	67.9249
2214.54	39.3944
2212.94	13.4338
2211.34	20.4063
2209.74	37.0148
2208.14	52.2356
2206.54	68.3768
2204.94	83.1644
2203.34	37.0008
2201.74	10.5401
2200.13	19.7208
2198.53	33.128
2196.93	49.6491
2195.33	39.2068
2193.72	41.1511
2192.12	42.818
2190.51	50.3151
2188.91	29.7005
2187.3	42.385
2185.7	41
2184.09	15.8282
2182.48	-8.00586
2180.88	15.549
2179.27	34.2827
2177.66	15.3938
2176.05	21.4749
2174.45	40.1532
2172.84	67.4301
2171.23	68.0102
2169.62	51.3831
2168.01	8.11313
2166.4	3.17605
2164.79	21.2045
2163.18	51.25
2161.56	62.8076
2159.95	46.3074
2158.34	22.1655
2156.73	-1.97368
2155.11	27.7021
2153.5	52.5134
2151.89	84.1029
2150.27	54.4895
2148.66	35.6073
2147.04	36.7641
2145.43	20.8317
2143.81	-1.16497
2142.19	-3.26944
2140.58	22.5723
2138.96	31.2867
2137.34	17.8316
2135.72	25.3184
2134.1	23.0657
2132.48	53.3467
2130.86	50.0485
2129.25	36.2777
2127.63	2.19729
2126	0.488506
2124.38	2.21481
2122.76	30.2363
2121.14	43.9426
2119.52	35.1585
2117.9	50.0551
2116.27	66.4521
2114.65	52.1843
2113.03	17.3588
2111.4	43.9595
2109.78	54.9828
2108.15	44.8257
2106.53	21.3164
2104.9	17.5913
2103.27	30.2853
2101.65	52.8972
2100.02	58.7176
2098.39	70.3542
2096.77	81.5662
2095.14	74.4752
2093.51	32.0357
2091.88	29.7516
2090.25	34.5415
2088.62	24.4276
2086.99	20.57
2085.36	36.129
2083.73	30.4103
2082.1	-22.4808
2080.46	-17.142
2078.83	11.65
2077.2	46.4738
2075.57	20.4051
2073.93	29.5587
2072.3	38.883
2070.66	46.5988
2069.03	31.0931
2067.4	37.0708
2065.76	22.4423
2064.12	11.9128
2062.49	30.3644
2060.85	58.5705
2059.21	59.6363
2057.58	54.0447
2055.94	45.9805
2054.3	45.8417
2052.66	71.906
2051.02	88.9564
2049.38	92.446
2047.74	72.1436
2046.1	65.0108
2044.46	39.6451
2042.82	50.0785
2041.18	28.2323
2039.53	17.7023
2037.89	36.9932
2036.25	67.4483
2034.61	72.391
2032.96	39.6458
2031.32	26.3928
2029.67	15.7864
2028.03	27.8714
2026.38	41.2961
2024.74	46.2048
2023.09	13.6087
2021.44	26.6459
2019.8	67.2592
2018.15	66.7279
2016.5	43.4096
2014.85	20.3722
2013.21	24.5941
2011.56	-8.69291
2009.91	14.9217
2008.26	11.9538
2006.61	41.4532
2004.96	88.0768
2003.3	71.9336
2001.65	24.3973
2000	39.3395
1998.35	68.4538
1996.7	65.9252
1995.04	59.9821
1993.39	68.7878
1991.74	33.8269
1990.08	38.1969
1988.43	48.5539
1986.77	26.718
1985.12	38.2974
1983.46	73.7573
1981.8	91.5096
1980.15	77.9187
1978.49	41.8295
1976.83	1.99614
1975.17	13.8426
1973.51	64.3475
1971.86	70.796
1970.2	46.5334
1968.54	40.2726
1966.88	46.412
1965.22	37.7518
1963.55	44.3372
1961.89	83.9902
1960.23	75.3447
1958.57	37.7962
1956.91	32.0442
1955.24	78.1
1953.58	66.9056
1951.92	45.1748
1950.25	20.5884
1948.59	34.5074
1946.92	42.7074
1945.26	32.2145
1943.59	22.5099
1941.92	59.0537
1940.26	88.864
1938.59	56.9872
1936.92	14.9293
1935.25	31.1207
1933.59	36.5854
1931.92	53.169
1930.25	59.9224
1928.58	87.8733
1926.91	53.4263
1925.24	28.2188
1923.57	21.4581
1921.9	34.1898
1920.22	12.4373
1918.55	10.3417
1916.88	23.6799
1915.21	51.677
1913.53	49.4604
1911.86	68.6059
1910.18	66.3211
1908.51	61.039
1906.83	51.9276
1905.16	44.8039
1903.48	48.7447
1901.81	52.9374
1900.13	55.7387
1898.45	60.5094
1896.78	51.2974
1895.1	44.1751
1893.42	8.96472
1891.74	3.06992
1890.06	-20.0435
1888.38	25.6288
1886.7	42.1655
1885.02	28.6563
1883.34	-5.79472
1881.66	-1.44856
1879.98	1.28489
1878.3	-9.99062
1876.61	3.2335
1874.93	17.2017
1873.25	56.8349
1871.56	56.533
1869.88	16.5985
1868.19	-26.1448
1866.51	-34.0497
1864.82	-48.8666
1863.14	-73.3056
1861.45	-50.7374
1859.76	-9.20864
1858.08	7.41545
1856.39	17.4229
1854.7	16.1183
1853.01	41.1927
1851.32	25.4429
1849.63	-6.71068
1847.95	-27.4273
1846.25	-26.0221
1844.56	6.63195
1842.87	22.2507
1841.18	34.4943
1839.49	14.4143
1837.8	7.44762
1836.11	27.1137
1834.41	15.6359
1832.72	-8.09621
1831.03	-11.0274
1829.33	9.07088
1827.64	3.07793
1825.94	-19.277
1824.25	-17.2947
1822.55	-31.4228
1820.85	-47.2963
1819.16	-25.8005
1817.46	-3.06015
1815.76	6.59444
1814.06	-35.7965
1812.36	-61.1439
1810.67	-39.1287
1808.97	-21.6057
1807.27	-38.7155
1805.57	-56.2497
1803.87	3.07295
1802.17	21.8798
1800.46	-13.4342
1798.76	-34.5591
1797.06	-12.6214
1795.36	32.0699
1793.65	-14.1118
1791.95	-15.3966
1790.25	-32.2283
1788.54	11.2039
1786.84	7.45572
1785.13	22.2372
1783.43	25.8927
1781.72	15.0993
1780.01	6.40112
1778.31	-16.3702
1776.6	11.7335
1774.89	18.1394
1773.18	40.225
1771.47	44.7372
1769.77	20.6186
1768.06	4.44033
1766.35	19.9208
1764.64	64.4641
1762.92	51.1552
1761.21	47.4257
1759.5	49.3721
1757.79	55.1146
1756.08	48.4064
1754.36	63.1096
1752.65	56.1359
1750.94	81.1746
1749.22	96.7568
1747.51	99.9544
1745.79	104.08
1744.08	111.375
1742.36	69.6498
1740.65	42.928
1738.93	81.0616
1737.21	86.3748
1735.49	57.2663
1733.78	48.8076
1732.06	40.8191
1730.34	8.58196
1728.62	14.2907
1726.9	12.7909
1725.18	18.3536
1723.46	58.6954
1721.74	87.2123
1720.02	84.7707
1718.3	86.0242
1716.57	79.5789
1714.85	45.5909
1713.13	3.22655
1711.41	14.3671
1709.68	17.9744
1707.96	57.4253
1706.23	37.0175
1704.51	34.4671
1702.78	14.6725
1701.05	34.791
1699.33	29.7055
1697.6	13.2302
1695.87	-18.1345
1694.15	-15.3189
1692.42	-12.6124
1690.69	-24.7565
1688.96	-17.6708
1687.23	-10.608
1685.5	-15.3952
1683.77	-17.579
1682.04	-11.386
1680.31	-13.5949
1678.58	13.7585
1676.85	51.9776
1675.11	48.888
1673.38	-0.967451
1671.65	-27.2283
1669.91	-17.0323
1668.18	-8.15621
1666.44	-11.5065
1664.71	-18.0659
1662.97	-21.6062
1661.24	-0.524932
1659.5	23.255
1657.76	30.8754
1656.03	55.3022
1654.29	81.9649
1652.55	79.3047
1650.81	41.5722
1649.07	50.4222
1647.33	59.6349
1645.59	74.3281
1643.85	91.2095
1642.11	94.9406
1640.37	100.949
1638.63	92.0313
1636.89	115.653
1635.15	130.012
1633.4	162.432
1631.66	125.884
1629.92	125.847
1628.17	118.736
1626.43	119.916
1624.68	114.819
1622.94	156.352
1621.19	206.452
1619.45	224.155
1617.7	262.684
1615.95	320.515
1614.21	357.243
1612.46	424.209
1610.71	462.005
1608.96	497.905
1607.21	511.164
1605.46	678.595
1603.71	861.723
1601.96	1030.04
1600.21	1192.64
1598.46	1339.77
1596.71	1473.56
1594.95	1541.39
1593.2	1500.52
1591.45	1337.93
1589.7	1175.68
1587.94	1056.6
1586.19	940.942
1584.43	859.926
1582.68	740.975
1580.92	632.887
1579.16	505.958
1577.41	469.55
1575.65	432.363
1573.89	394.874
1572.13	369.825
1570.38	386.468
1568.62	360.342
1566.86	326.088
1565.1	299.937
1563.34	301.709
1561.58	246.298
1559.82	248.7
1558.06	231.856
1556.29	242.388
1554.53	192.481
1552.77	178.4
1551.01	144.157
1549.24	126.791
1547.48	117.419
1545.71	118.015
1543.95	153.013
1542.18	118.768
1540.42	112.056
1538.65	42.8969
1536.89	67.2961
1535.12	50.827
1533.35	69.6882
1531.58	11.0908
1529.82	16.8367
1528.05	21.0797
1526.28	51.7015
1524.51	67.198
1522.74	109.766
1520.97	89.4946
1519.2	69.5919
1517.42	51.8219
1515.65	56.596
1513.88	82.3083
1512.11	126.554
1510.33	135.871
1508.56	133.456
1506.79	107.793
1505.01	60.2098
1503.24	27.677
1501.46	58.3232
1499.69	98.4823
1497.91	83.0776
1496.13	63.4668
1494.36	96.3309
1492.58	132.109
1490.8	130.175
1489.02	96.3493
1487.24	129.797
1485.46	156.44
1483.68	140.485
1481.9	86.9387
1480.12	91.7553
1478.34	151.99
1476.56	174.017
1474.78	142.128
1473	133.212
1471.21	122.175
1469.43	142.543
1467.65	150.852
1465.86	198.225
1464.08	181.653
1462.29	238.454
1460.51	312.804
1458.72	394.516
1456.93	453.26
1455.15	545.187
1453.36	638.689
1451.57	678.414
1449.79	631.409
1448	558.122
1446.21	528.813
1444.42	474.779
1442.63	410.882
1440.84	353.283
1439.05	390.284
1437.26	363.847
1435.46	378.477
1433.67	378.187
1431.88	458.582
1430.09	477.021
1428.29	449.952
1426.5	463.346
1424.71	544.83
1422.91	606.421
1421.12	657.832
1419.32	738.409
1417.52	790.133
1415.73	817.503
1413.93	899.448
1412.13	997.608
1410.34	1088.73
1408.54	1203.48
1406.74	1262.4
1404.94	1337.34
1403.14	1389.59
1401.34	1413.65
1399.54	1357.01
1397.74	1342.95
1395.94	1287.97
1394.14	1215.47
1392.33	1188.46
1390.53	1209.28
1388.73	1266.01
1386.92	1313.25
1385.12	1391.51
1383.32	1472.43
1381.51	1611.4
1379.7	1712.06
1377.9	1798.52
1376.09	1825.57
1374.29	1815.68
1372.48	1727.9
1370.67	1655.1
1368.86	1591.2
1367.05	1502.39
1365.25	1383.22
1363.44	1232.59
1361.63	1121.22
1359.82	1033.29
1358.01	1018.69
1356.19	937.477
1354.38	812.543
1352.57	717.201
1350.76	636.232
1348.95	545.598
1347.13	465.993
1345.32	474.879
1343.5	478.14
1341.69	510.167
1339.87	536.034
1338.06	552.003
1336.24	542.303
1334.43	558.643
1332.61	540.111
1330.79	518.382
1328.97	492.677
1327.16	510.876
1325.34	505.622
1323.52	529.796
1321.7	504.453
1319.88	504.52
1318.06	476.544
1316.24	437.716
1314.41	406.338
1312.59	401.793
1310.77	413.174
1308.95	429.506
1307.12	476.676
1305.3	505.095
1303.48	498.811
1301.65	478.018
1299.83	414.053
1298	420.095
1296.18	492.926
1294.35	570.268
1292.52	606.665
1290.69	682.371
1288.87	772.538
1287.04	819.573
1285.21	843.231
1283.38	826.394
1281.55	782.615
1279.72	683.769
1277.89	623.056
1276.06	531.727
1274.23	466.811
1272.4	406.671
1270.57	423.757
1268.73	443.425
1266.9	404.372
1265.07	345.108
1263.23	333.292
1261.4	317.824
1259.56	315.456
1257.73	328.633
1255.89	431.203
1254.06	454.35
1252.22	458.638
1250.38	380.326
1248.54	372.916
1246.71	400.879
1244.87	397.017
1243.03	341.638
1241.19	321.05
1239.35	326.141
1237.51	276.541
1235.67	278.521
1233.83	329.43
1231.98	327.115
1230.14	233.266
1228.3	149.206
1226.46	187.162
1224.61	238.486
1222.77	270.681
1220.92	243.368
1219.08	227.095
1217.23	205.166
1215.39	263.173
1213.54	318.264
1211.7	333.174
1209.85	321.227
1208	310.749
1206.15	299.872
1204.3	305.472
1202.45	312.116
1200.61	339.428
1198.76	311.451
1196.91	298.698
1195.05	275.888
1193.2	329.203
1191.35	345.942
1189.5	340.908
1187.65	324.619
1185.79	361.917
1183.94	423.611
1182.09	462.674
1180.23	479.538
1178.38	527.65
1176.52	601.495
1174.67	659.772
1172.81	776.718
1170.95	954.902
1169.1	1144.7
1167.24	1325.49
1165.38	1607.08
1163.52	1913.16
1161.66	2194.94
1159.8	2473.39
1157.94	2708.06
1156.08	2754.53
1154.22	2638.48
1152.36	2452.88
1150.5	2278.52
1148.64	2011.46
1146.77	1725.29
1144.91	1564.28
1143.05	1475.88
1141.18	1392.81
1139.32	1288.02
1137.45	1270.69
1135.59	1229.24
1133.72	1193.72
1131.86	1087.23
1129.99	1027.28
1128.12	967.396
1126.25	906.042
1124.39	812.878
1122.52	764.756
1120.65	749.326
1118.78	691.54
1116.91	641.607
1115.04	565.716
1113.17	602.311
1111.3	618.87
1109.42	649.945
1107.55	627.819
1105.68	561.885
1103.81	517.74
1101.93	509.733
1100.06	491.497
1098.18	377.39
1096.31	309.965
1094.43	272.287
1092.56	257.222
1090.68	232.226
1088.8	175.364
1086.93	126.468
1085.05	81.9116
1083.17	48.8817
1081.29	37.0725
1079.41	63.8736
1077.53	52.3763
1075.65	-4.85207
1073.77	8.66466
1071.89	31.8517
1070.01	43.3784
1068.13	9.59038
1066.24	23.3049
1064.36	73.9581
1062.48	103.607
1060.59	86.3876
1058.71	79.6533
1056.83	97.8589
1054.94	124.571
1053.05	126.12
1051.17	112.017
1049.28	171.976
1047.39	247.595
1045.51	306.321
1043.62	285.297
1041.73	261.456
1039.84	248.219
1037.95	281.15
1036.06	275.671
1034.17	241.965
1032.28	228.065
1030.39	222.591
1028.5	184.909
1026.61	142.06
1024.71	113.575
1022.82	135.533
1020.93	140.083
1019.03	89.8837
1017.14	12.3594
1015.24	23.559
1013.35	21.0982
1011.45	26.0337
1009.56	-15.9251
1007.66	-6.61372
1005.76	-6.34896
1003.86	10.2601
1001.97	-27.4895
1000.07	20.7995
998.167	-20.2601
996.268	-53.9721
994.368	-86.0274
992.466	-28.1968
990.565	-0.102183
988.664	35.3655
986.762	19.3799
984.86	11.3545
982.957	19.6361
981.053	44.7213
979.15	19.8855
977.245	23.8856
975.34	71.8431
973.435	148.919
971.53	224.8
969.624	245.759
967.717	253.299
965.809	185.878
963.902	157.748
961.994	126.295
960.086	149.641
958.177	118.645
956.267	88.8212
954.357	121.594
952.447	183.236
950.536	205.931
948.625	189.678
946.713	253.73
944.8	235.532
942.888	187.959
940.974	140.591
939.061	153.972
937.147	149.504
935.233	151.773
933.317	173.107
931.402	157.689
929.485	151.715
927.569	105.408
925.652	109.028
923.735	78.5788
921.817	88.2986
919.899	54.1425
917.98	41.9286
916.061	12.8299
914.141	-9.00599
912.22	-0.896958
910.3	22.5421
908.378	53.9867
906.456	25.9784
904.534	39.469
902.612	31.5788
900.689	77.3304
898.766	51.7624
896.841	55.0617
894.916	57.559
892.991	91.4986
891.066	93.6345
889.14	94.0999
887.214	113.212
885.287	99.0288
883.36	98.7038
881.432	142.219
879.504	196.44
877.575	173.695
875.646	151.154
873.716	152.29
871.786	139.157
869.855	130.822
867.924	142.775
865.992	151.209
864.06	123.434
862.128	113.973
860.194	117.486
858.261	146.372
856.327	156.244
854.393	116.541
852.458	107.428
850.522	109.041
848.586	127.084
846.65	120.239
844.714	86.4662
842.776	95.155
840.838	126.42
838.901	152.805
836.961	115.503
835.023	147.073
833.082	165.766
831.142	195.594
829.202	173.211
827.261	141.636
825.319	160.723
823.377	204.132
821.434	181.444
819.491	101.685
817.548	52.9874
815.604	45.4003
813.66	76.3005
811.715	90.9994
809.769	65.0825
807.823	66.6352
805.878	113.572
803.93	113.471
801.983	99.5448
800.035	101.756
798.087	105.682
796.139	122.597
794.189	154.994
792.24	97.7614
790.289	49.7991
788.339	31.977
786.387	37.8321
784.436	-34.2257
782.484	-68.4041
780.532	-82.3736
778.578	-42.9177
776.624	-8.19083
774.671	-35.5516
772.716	-45.1966
770.762	18.5347
768.806	83.6409
766.85	42.2746
764.893	-30.666
762.937	-28.2137
760.979	34.3321
759.022	62.7723
757.064	9.88505
755.105	0.313786
753.145	10.9758
751.185	37.0069
749.226	13.2506
747.264	16.4128
745.303	-22.4788
743.341	-46.145
741.38	-72.499
739.417	-46.2746
737.454	27.5223
735.49	19.8273
733.526	12.0048
731.562	15.012
729.596	95.298
727.631	77.3053
725.665	52.516
723.699	53.2261
721.732	65.0478
719.764	11.9992
717.797	18.8847
715.828	25.3196
713.859	-24.8052
711.889	-120.789
709.919	-72.9114
707.949	-32.2188
705.978	-21.2604
704.007	-73.1368
702.035	-86.1845
700.063	4.65733
698.091	48.0134
696.117	77.0705
694.143	54.5477
692.169	102.784
690.194	48.1614
688.219	69.7576
686.244	77.2183
684.267	93.1911
682.291	82.619
680.314	38.391
678.336	41.4486
676.358	65.4128
674.379	68.6987
672.4	60.894
670.421	95.141
668.441	155.326
666.46	121.224
664.479	126.322
662.497	137.427
660.516	181.219
658.533	219.651
656.55	256.441
654.567	284.518
652.583	294.323
650.598	360.201
648.614	466.168
646.628	584.869
644.643	621.018
642.656	636.506
640.669	643.649
638.682	617.856
636.694	573.259
634.706	535.032
632.717	528.322
630.728	492.565
628.738	454.634
626.748	358.123
624.757	294.12
622.766	256.961
620.774	226.899
618.782	216.088
616.789	201.466
614.796	164.696
612.802	108.712
610.808	107.011
608.814	143.822
606.818	103.088
604.822	51.6256
602.827	-4.07969
600.83	-27.7084
598.833	-24.1271
596.836	22.2337
594.838	30.766
592.839	-3.78871
590.84	-37.0687
588.841	-75.6168
586.84	-97.012
584.84	-111.595
582.838	-123.189
580.838	-141.474
578.835	-113.859
576.833	-95.964
574.83	-54.0033
572.827	-73.3005
570.822	-57.3732
568.818	-49.6995
566.813	-22.6052
564.808	-17.9822
562.802	104.917
560.795	133.853
558.788	118.31
556.781	62.4148
554.773	125.632
552.765	89.5422
550.756	111.115
548.747	163.222
546.737	218.399
544.726	199.314
542.716	155.186
540.704	175.037
538.692	208.288
536.68	280.704
534.667	288.212
532.654	281.422
530.64	323.939
528.626	367.878
526.611	465.437
524.596	496.73
522.58	478.509
520.564	402.377
518.547	398.817
516.529	458.567
514.512	503.269
512.494	472.883
510.476	369.667
508.456	315.839
506.436	281.91
504.416	178.103
502.395	131.866
500.374	213.181
498.353	276.171
496.33	322.459
494.307	279.734
492.284	295.716
490.261	254.879
488.237	262.342
486.212	167.086
484.187	89.3042
482.161	102.952
480.134	89.8949
478.108	79.6483
476.081	20.496
474.054	61.9512
472.025	53.4389
469.997	7.80058
467.968	-48.009
465.938	-35.6632
463.908	-12.7782
461.877	-20.5788
459.846	-83.5438
457.814	-89.1622
455.782	-92.6256
453.75	-20.5882
451.716	-35.2442
449.683	-48.3702
447.649	-49.838
445.614	15.0132
443.579	26.5259
441.543	45.3674
439.508	104.973
437.47	116.639
435.433	125.637
433.396	181.228
431.358	231.377
429.319	235.156
427.28	222.759
425.241	233.559
423.201	279.272
421.16	372.306
419.118	463.219
417.077	509.613
415.035	572.275
412.993	595.18
410.949	664.65
408.905	644.458
406.862	635.965
404.816	638.676
402.771	664.01
400.727	633.492
398.68	567.834
396.633	540.635
394.586	451.869
392.539	368.906
390.491	331.425
388.442	334.536
386.393	311.19
384.344	261.853
382.293	267.27
380.242	237.514
378.192	275.6
376.14	286.76
374.088	393.052
372.035	464.392
369.982	567.036
367.928	568.843
365.874	554.691
363.82	538.333
361.765	501.976
359.709	445.85
357.653	400.514
355.596	424.285
353.539	429.11
351.481	438.271
349.423	470.417
347.364	445.23
345.305	402.188
343.245	405.123
341.185	424.24
339.125	500.671
337.063	518.256
335.001	475.561
332.94	419.534
330.876	497.85
328.813	528.708
326.749	488.123
324.685	463.085
322.621	501.542
320.555	555.727
318.489	605.708
316.423	571.765
314.356	561.58
312.29	530.194
310.221	603.455
308.153	632.165
306.084	599.487
304.015	569.739
301.946	545.963
299.875	521.077
297.804	523.877
295.733	557.987
293.661	469.266
291.588	416.7
289.516	436.958
287.443	468.781
285.369	453.236
283.295	492.592
281.22	462.458
279.144	446.8
277.068	500.348
274.992	506.607
272.915	505.074
270.837	552.674
268.76	631.878
266.681	603.101
264.602	703.996
262.523	748.945
260.443	781.842
258.362	817.472
256.282	1012.52
254.2	1058.89
252.118	1018.76
250.036	983.771
247.952	1065.94
245.869	1141.11
243.784	1116.94
241.7	1153.07
239.616	1209.23
237.53	1180.03
235.443	1065.78
233.357	1046.65
231.27	1017.66
229.182	953.721
227.094	975.272
225.005	986.6
222.916	905.105
220.827	757.111
218.737	721.88
216.646	757.765
214.555	700.259
212.462	620.66
210.37	524.181
208.278	432.876
206.185	289.366
204.091	253.913
201.997	207.685
199.902	161.822
197.807	90.1605
195.711	-38.5078
193.615	-195.502
191.517	-276.056
189.42	-237.664
187.322	-273.603
185.224	-264.408
183.125	-280.641
181.025	-258.69
178.926	-309.621
176.825	-310.199
174.724	-287.596
172.623	-151.416
170.521	-27.4412
168.418	178.418
166.315	407.717
164.212	791.881
162.108	1312.87
160.003	1813.17
157.898	2547.43
155.793	3463.26
153.686	4476.75
151.58	5213
149.473	5656.2
147.365	5640.76
145.257	5290.06
143.148	4730.51
141.039	3879.94
138.929	2970.47
136.819	2135.41
134.709	1528.47
132.597	1038.81
130.485	730.979
128.373	428.049
126.26	158.782
124.147	-50.7248
122.033	-72.0424
119.919	-62.5611
117.804	-164.597
115.688	-315.291
113.573	-406.056
111.456	-362.241
109.339	-347.451
107.222	-301.984
105.103	-223.718
102.985	-94.6182
100.866	-190.755
98.7467	-458.783
96.6262	-624.348
