3502.52	-16.7961
3501.25	9.95457
3499.98	-3.02779
3498.71	-5.26535
3497.44	6.111
3496.17	5.91911
3494.9	-4.42721
3493.62	-0.438169
3492.35	6.90228
3491.08	5.24693
3489.8	-2.43935
3488.53	-5.55296
3487.26	5.56132
3485.98	-4.3167
3484.71	1.87106
3483.43	1.51744
3482.16	1.31427
3480.88	-10.5344
3479.6	0.370825
3478.33	11.6848
3477.05	4.93075
3475.77	-7.44764
3474.5	-14.8438
3473.22	-14.1544
3471.94	-5.63504
3470.66	-1.55563
3469.38	5.28857
3468.1	17.6801
3466.82	12.2049
3465.54	-2.25713
3464.26	-5.3372
3462.98	6.33337
3461.7	4.51956
3460.42	3.91001
3459.14	0.500925
3457.86	0.556509
3456.57	1.32556
3455.29	6.87123
3454.01	7.39366
3452.73	6.02752
3451.44	-0.53157
3450.16	-5.54473
3448.87	-4.9604
3447.59	7.57175
3446.3	4.65665
3445.02	-6.75452
3443.73	-8.01484
3442.45	0.0396955
3441.16	3.12717
3439.88	1.0727
3438.59	10.269
3437.3	6.59756
3436.01	6.91489
3434.73	0.54873
3433.44	-2.20863
3432.15	-10.1178
3430.86	-5.62119
3429.57	-1.43659
3428.28	-6.19424
3426.99	-2.8711
3425.7	0.146143
3424.41	4.38864
3423.12	6.14548
3421.83	-2.83605
3420.54	-3.31561
3419.24	-10.1227
3417.95	-13.1852
3416.66	-14.2484
3415.37	2.12487
3414.07	3.53684
3412.78	-15.5861
3411.48	-12.0639
3410.19	-2.25263
3408.9	8.79597
3407.6	4.28972
3406.31	7.4448
3405.01	7.027
3403.72	2.84131
3402.42	4.81407
3401.12	17.3978
3399.82	20.5734
3398.53	1.90022
3397.23	-5.47453
3395.93	0.873176
3394.63	5.73276
3393.33	1.47365
3392.04	0.217617
3390.74	-0.100764
3389.44	0.121036
3388.14	-0.425035
3386.84	5.67765
3385.53	-0.790233
3384.23	-4.22392
3382.93	-5.22395
3381.63	13.882
3380.33	7.26188
3379.03	3.81514
3377.72	-1.81283
3376.42	10.2786
3375.12	9.5627
3373.81	16.2751
3372.51	4.75962
3371.2	-0.959958
3369.9	13.6151
3368.59	16.1889
3367.29	12.0872
3365.98	-2.39707
3364.68	10.1297
3363.37	3.59058
3362.06	13.7623
3360.76	8.90639
3359.45	18.7279
3358.14	14.8901
3356.83	23.1397
3355.52	20.8379
3354.22	26.9051
3352.91	16.3159
3351.6	19.0274
3350.29	12.8073
3348.98	17.4006
3347.67	13.6508
3346.36	7.41713
3345.04	-19.3939
3343.73	-9.48261
3342.42	-0.436986
3341.11	0.0589801
3339.8	1.18726
3338.48	14.679
3337.17	11.9317
3335.86	14.4826
3334.54	17.3324
3333.23	7.02595
3331.91	-2.06115
3330.6	1.80475
3329.28	0.259602
3327.97	10.2203
3326.65	21.4074
3325.34	15.8325
3324.02	-4.96878
3322.7	-7.84434
3321.38	6.9715
3320.07	14.7272
3318.75	12.1132
3317.43	5.44246
3316.11	8.51046
3314.79	-7.9605
3313.47	-11.2492
3312.15	-8.79739
3310.83	5.74634
3309.51	7.84519
3308.19	7.86657
3306.87	15.212
3305.55	13.8127
3304.23	2.08712
3302.9	-0.733471
3301.58	4.54452
3300.26	15.3903
3298.94	8.28238
3297.61	11.5755
3296.29	2.00349
3294.96	2.17192
3293.64	1.13233
3292.31	8.1715
3290.99	2.64617
3289.66	-10.9795
3288.34	-14.0404
3287.01	7.09351
3285.68	4.29263
3284.36	-8.57828
3283.03	-18.6059
3281.7	-0.142192
3280.37	6.3421
3279.05	3.91559
3277.72	3.2912
3276.39	0.255227
3275.06	-4.5369
3273.73	-6.19996
3272.4	0.750716
3271.07	-14.6847
3269.74	-4.33765
3268.41	3.65203
3267.08	3.15347
3265.74	-8.26165
3264.41	-6.28437
3263.08	8.6744
3261.75	8.45999
3260.41	12.1629
3259.08	1.75661
3257.75	15.1621
3256.41	20.2948
3255.08	24.6301
3253.74	18.9839
3252.41	21.2483
3251.07	18.2214
3249.74	10.1705
3248.4	5.60449
3247.06	4.25625
3245.73	21.3224
3244.39	35.2367
3243.05	47.9606
3241.71	43.232
3240.37	29.63
3239.04	4.41357
3237.7	-13.7246
3236.36	1.67534
3235.02	21.7327
3233.68	35.6701
3232.34	39.3678
3231	33.1575
3229.66	27.6728
3228.31	18.302
3226.97	20.5856
3225.63	24.4287
3224.29	31.1887
3222.94	34.6787
3221.6	24.8334
3220.26	26.3166
3218.91	38.5846
3217.57	50.5572
3216.23	45.0523
3214.88	32.0837
3213.53	28.2083
3212.19	38.4425
3210.84	43.4784
3209.5	24.7284
3208.15	11.8338
3206.8	16.1929
3205.46	21.8782
3204.11	26.2401
3202.76	31.8062
3201.41	23.539
3200.06	30.8551
3198.71	36.343
3197.36	43.8597
3196.01	33.1656
3194.66	40.4131
3193.31	32.5096
3191.96	37.1182
3190.61	32.4887
3189.26	20.5027
3187.91	21.5017
3186.56	30.2386
3185.2	35.7404
3183.85	26.9741
3182.5	29.0031
3181.14	23.8902
3179.79	24.196
3178.44	31.4336
3177.08	36.1104
3175.73	32.5132
3174.37	34.8004
3173.01	16.8252
3171.66	3.11493
3170.3	10.9053
3168.95	42.7881
3167.59	34.5738
3166.23	28.1377
3164.87	30.8485
3163.51	49.3046
3162.16	43.4912
3160.8	47.8145
3159.44	34.3657
3158.08	22.2869
3156.72	15.1907
3155.36	30.0752
3154	43.3177
3152.64	31.6558
3151.28	31.1403
3149.91	27.1728
3148.55	41.9766
3147.19	24.1408
3145.83	13.1953
3144.46	9.00049
3143.1	33.0131
3141.74	43.1934
3140.37	24.2262
3139.01	24.1379
3137.64	39.2865
3136.28	44.9541
3134.91	32.2424
3133.55	22.2836
3132.18	19.8028
3130.81	24.5372
3129.45	37.6553
3128.08	38.6754
3126.71	29.6897
3125.34	31.5848
3123.98	22.4304
3122.61	22.37
3121.24	14.9994
3119.87	34.0795
3118.5	34.6665
3117.13	30.8998
3115.76	12.4686
3114.39	13.0239
3113.02	23.2523
3111.64	24.6573
3110.27	17.055
3108.9	17.0985
3107.53	29.6611
3106.15	29.7304
3104.78	19.7732
3103.41	16.3123
3102.03	4.2631
3100.66	4.91929
3099.29	15.9271
3097.91	26.7085
3096.53	22.1729
3095.16	21.2966
3093.78	23.6786
3092.41	27.7367
3091.03	29.1403
3089.65	19.7621
3088.27	10.6755
3086.9	29.0204
3085.52	23.1637
3084.14	15.3242
3082.76	16.3056
3081.38	28.7851
3080	4.12759
3078.62	-10.2775
3077.24	10.0772
3075.86	22.1107
3074.48	20.4956
3073.1	16.7022
3071.72	30.9107
3070.33	33.5173
3068.95	23.8048
3067.57	21.0587
3066.19	25.6213
3064.8	26.2207
3063.42	3.17818
3062.03	7.27723
3060.65	10.8846
3059.26	9.27234
3057.88	11.4434
3056.49	27.0396
3055.11	23.2483
3053.72	10.9529
3052.33	15.7122
3050.95	23.4776
3049.56	33.8014
3048.17	35.247
3046.78	26.3967
3045.4	18.0282
3044.01	11.5507
3042.62	14.2312
3041.23	10.971
3039.84	15.3964
3038.45	5.95723
3037.06	11.7158
3035.67	5.41778
3034.28	9.74226
3032.88	2.32267
3031.49	20.5539
3030.1	18.7299
3028.71	28.2739
3027.31	4.75763
3025.92	8.29229
3024.52	3.71145
3023.13	8.11304
3021.74	-4.51313
3020.34	11.676
3018.95	22.9126
3017.55	5.47545
3016.16	-1.04945
3014.76	-0.273084
3013.36	-3.28811
3011.96	-18.6494
3010.57	-11.1636
3009.17	-12.6258
3007.77	0.475308
3006.37	1.35209
3004.97	-1.11262
3003.57	-12.4241
3002.17	-0.84198
3000.77	-0.291432
2999.37	-0.0272112
2997.97	0.143045
2996.57	-2.05362
2995.17	-10.0535
2993.77	-8.23341
2992.37	12.2989
2990.97	15.4714
2989.56	3.37665
2988.16	13.1137
2986.76	28.8594
2985.35	8.15969
2983.95	-7.29281
2982.54	-0.718224
2981.14	1.06571
2979.73	-29.1547
2978.33	-8.36826
2976.92	9.37597
2975.51	13.9532
2974.11	-2.68063
2972.7	18.1886
2971.29	25.7342
2969.89	27.4625
2968.48	14.5388
2967.07	13.3785
2965.66	2.0796
2964.25	23.0869
2962.84	48.1124
2961.43	35.5112
2960.02	5.82717
2958.61	-5.29525
2957.2	9.8348
2955.79	8.68423
2954.38	16.2546
2952.96	9.74139
2951.55	-1.35175
2950.14	9.29409
2948.73	27.3149
2947.31	26.7972
2945.9	19.0388
2944.48	25.4198
2943.07	12.3315
2941.65	2.8781
2940.24	-3.94005
2938.82	15.2149
2937.41	16.7594
2935.99	21.8889
2934.57	20.4851
2933.16	27.7764
2931.74	30.0083
2930.32	27.7462
2928.9	18.234
2927.48	-7.30837
2926.06	-22.0614
2924.64	-15.2682
2923.22	10.2415
2921.8	15.2015
2920.38	1.68938
2918.96	-2.075
2917.54	14.8799
2916.12	20.562
2914.7	19.8833
2913.28	31.4615
2911.85	21.7709
2910.43	6.71827
2909.01	11.7495
2907.58	35.5582
2906.16	19.944
2904.74	0.11752
2903.31	-11.744
2901.88	7.83342
2900.46	8.14925
2899.03	6.66694
2897.61	15.4008
2896.18	25.3427
2894.75	7.03602
2893.33	10.1859
2891.9	15.1298
2890.47	13.9308
2889.04	-2.11583
2887.61	18.1616
2886.18	24.7819
2884.75	28.0297
2883.32	21.4432
2881.89	24.629
2880.46	12.735
2879.03	9.94258
2877.6	11.2096
2876.17	7.57154
2874.74	-5.76426
2873.3	-8.58748
2871.87	16.8219
2870.44	22.5722
2869.01	19.3841
2867.57	-17.0718
2866.14	-9.3517
2864.7	7.21295
2863.27	39.1132
2861.83	22.657
2860.4	14.9439
2858.96	10.7662
2857.52	22.3984
2856.09	20.7393
2854.65	9.33837
2853.21	2.07592
2851.77	7.7548
2850.34	12.8111
2848.9	14.891
2847.46	28.8766
2846.02	31.5652
2844.58	21.8418
2843.14	15.253
2841.7	21.762
2840.26	5.92744
2838.82	0.509561
2837.37	8.15092
2835.93	3.97998
2834.49	0.982693
2833.05	-5.1711
2831.6	-5.89717
2830.16	-10.6911
2828.72	-1.64481
2827.27	-0.890231
2825.83	16.3945
2824.38	16.2472
2822.94	3.3663
2821.49	4.48212
2820.05	18.5832
2818.6	8.41938
2817.15	-8.97673
2815.71	1.34191
2814.26	28.0007
2812.81	41.0655
2811.36	27.0186
2809.91	-9.83782
2808.47	-4.75817
2807.02	-9.63742
2805.57	-3.1705
2804.12	-5.35931
2802.67	9.82192
2801.22	-1.17921
2799.76	-16.9769
2798.31	-9.58773
2796.86	-9.58697
2795.41	-14.2103
2793.96	-12.6008
2792.5	7.80219
2791.05	22.115
2789.6	39.4667
2788.14	34.1913
2786.69	6.38609
2785.23	-8.09267
2783.78	3.504
2782.32	5.29924
2780.86	-7.16909
2779.41	-6.18024
2777.95	1.72213
2776.5	3.34694
2775.04	5.24235
2773.58	3.80152
2772.12	-0.659112
2770.66	-10.6235
2769.2	-3.46636
2767.74	6.15033
2766.29	3.05029
2764.83	-3.79295
2763.36	-1.10063
2761.9	-12.193
2760.44	-18.7863
2758.98	-2.27022
2757.52	2.042
2756.06	2.27391
2754.59	5.0452
2753.13	16.2963
2751.67	9.66845
2750.2	12.9043
2748.74	7.17491
2747.28	-15.3346
2745.81	-11.8766
2744.35	4.414
2742.88	7.54124
2741.41	0.852103
2739.95	-19.5928
2738.48	-21.938
2737.01	-18.2814
2735.55	-5.69946
2734.08	-5.273
2732.61	6.00921
2731.14	11.59
2729.67	14.6988
2728.2	15.3848
2726.73	12.786
2725.26	2.21197
2723.79	13.0066
2722.32	22.0329
2720.85	4.26969
2719.38	-7.31434
2717.91	15.7864
2716.44	39.7078
2714.96	34.7024
2713.49	10.7828
2712.02	11.2873
2710.54	30.0178
2709.07	33.4468
2707.59	26.0381
2706.12	19.737
2704.64	21.0226
2703.17	-4.8453
2701.69	-18.683
2700.22	-3.84879
2698.74	9.52307
2697.26	24.5109
2695.78	40.3168
2694.31	60.6843
2692.83	43.9298
2691.35	23.8272
2689.87	14.4945
2688.39	0.0524421
2686.91	15.8104
2685.43	34.7482
2683.95	15.168
2682.47	-13.0723
2680.99	-11.1229
2679.51	16.5836
2678.03	27.749
2676.54	13.862
2675.06	3.83398
2673.58	17.3729
2672.09	39.594
2670.61	12.7974
2669.13	-10.5661
2667.64	-14.0832
2666.16	-9.75819
2664.67	7.98257
2663.18	19.8766
2661.7	45.7321
2660.21	36.8513
2658.72	10.6084
2657.24	-0.184817
2655.75	11.054
2654.26	22.6859
2652.77	27.6432
2651.28	26.8278
2649.8	13.5358
2648.31	5.27004
2646.82	10.5282
2645.33	-0.818329
2643.84	-2.22304
2642.34	18.7894
2640.85	29.1666
2639.36	30.0729
2637.87	27.058
2636.38	33.1674
2634.88	11.1679
2633.39	0.429944
2631.9	-23.0845
2630.4	-18.4427
2628.91	-11.0881
2627.41	20.964
2625.92	24.0049
2624.42	31.1375
2622.93	20.8906
2621.43	-0.0265351
2619.93	10.3672
2618.44	10.8756
2616.94	36.4563
2615.44	27.2642
2613.94	47.8528
2612.44	18.9708
2610.95	4.27345
2609.45	4.9249
2607.95	29.0222
2606.45	35.3204
2604.95	25.0357
2603.44	27.2727
2601.94	40.4994
2600.44	52.7625
2598.94	60.0825
2597.44	54.9947
2595.93	31.9158
2594.43	17.6847
2592.93	27.4724
2591.42	31.5773
2589.92	40.5623
2588.42	33.9861
2586.91	22.8028
2585.4	4.23206
2583.9	10.8367
2582.39	14.9767
2580.89	27.9866
2579.38	46.6447
2577.87	32.5314
2576.36	26.7938
2574.86	26.5869
2573.35	25.8398
2571.84	7.25243
2570.33	14.4384
2568.82	29.6232
2567.31	24.5914
2565.8	12.8879
2564.29	22.8009
2562.78	41.713
2561.27	38.5224
2559.75	36.0407
2558.24	22.0921
2556.73	27.8313
2555.22	37.6402
2553.7	46.2532
2552.19	17.0609
2550.68	24.9712
2549.16	34.8301
2547.65	23.3988
2546.13	1.2118
2544.61	7.47034
2543.1	17.4771
2541.58	7.47754
2540.07	10.6129
2538.55	3.76349
2537.03	12.9262
2535.51	8.06629
2533.99	25.7204
2532.48	11.688
2530.96	34.6483
2529.44	40.4115
2527.92	51.2121
2526.4	25.3702
2524.88	25.6472
2523.36	28.1165
2521.83	51.308
2520.31	37.2418
2518.79	35.4272
2517.27	34.8902
2515.74	52.9407
2514.22	32.4982
2512.7	31.5885
2511.17	28.315
2509.65	46.7233
2508.12	46.5311
2506.6	34.0866
2505.07	2.06518
2503.55	1.88949
2502.02	9.58521
2500.49	11.8485
2498.97	12.9597
2497.44	10.9408
2495.91	6.33962
2494.38	11.2461
2492.85	32.6508
2491.32	37.8171
2489.8	17.1962
2488.27	13.5513
2486.74	26.5459
2485.2	30.0606
2483.67	8.82574
2482.14	3.4095
2480.61	6.34891
2479.08	13.6513
2477.55	27.0945
2476.01	44.4266
2474.48	26.8185
2472.95	14
2471.41	-10.4676
2469.88	6.30718
2468.34	-0.105475
2466.81	1.625
2465.27	-7.88962
2463.74	19.8357
2462.2	37.6157
2460.66	44.1085
2459.12	31.145
2457.59	20.6312
2456.05	15.7193
2454.51	18.9209
2452.97	2.98591
2451.43	-11.3888
2449.89	-0.712903
2448.35	5.75346
2446.81	9.40423
2445.27	-0.459167
2443.73	17.0787
2442.19	9.98543
2440.65	-0.81182
2439.11	-0.976299
2437.56	-2.15044
2436.02	5.03613
2434.48	-33.3663
2432.93	-14.3891
2431.39	-2.06691
2429.84	15.0571
2428.3	-18.118
2426.75	-24.5298
2425.21	-11.6398
2423.66	1.7761
2422.12	38.9815
2420.57	22.9609
2419.02	4.43886
2417.47	-23.5793
2415.93	-18.3861
2414.38	-16.3679
2412.83	20.4954
2411.28	35.414
2409.73	22.0736
2408.18	-0.586303
2406.63	12.6636
2405.08	6.77865
2403.53	13.1188
2401.98	-2.28751
2400.42	16.9036
2398.87	25.8963
2397.32	27.0078
2395.77	15.7898
2394.21	2.64125
2392.66	-18.197
2391.1	-47.3537
2389.55	-22.1488
2387.99	-4.72741
2386.44	5.8025
2384.88	-4.87643
2383.33	7.08156
2381.77	19.5953
2380.21	20.2991
2378.66	7.90527
2377.1	-9.49104
2375.54	15.3065
2373.98	8.77853
2372.42	12.6649
2370.86	2.85698
2369.3	1.47668
2367.74	13.0809
2366.18	7.38074
2364.62	8.61039
2363.06	6.69733
2361.5	24.0287
2359.94	-8.40647
2358.37	-6.14131
2356.81	9.91317
2355.25	18.0588
2353.68	29.0327
2352.12	43.9086
2350.56	22.5999
2348.99	5.73914
2347.43	25.2066
2345.86	46.745
2344.29	46.2649
2342.73	18.1699
2341.16	19.684
2339.59	10.6075
2338.03	18.7386
2336.46	3.99331
2334.89	31.343
2333.32	41.7994
2331.75	47.0122
2330.18	34.1783
2328.61	16.0726
2327.04	20.8893
2325.47	7.43964
2323.9	9.80714
2322.33	26.3411
2320.76	56.3681
2319.18	52.7667
2317.61	42.184
2316.04	48.4587
2314.47	34.2025
2312.89	22.5866
2311.32	20.2014
2309.74	24.9358
2308.17	20.1784
2306.59	5.33675
2305.02	25.2606
2303.44	42.128
2301.86	66.9119
2300.29	37.1869
2298.71	17.5961
2297.13	26.1548
2295.55	48.4071
2293.97	56.0096
2292.4	42.839
2290.82	40.1061
2289.24	33.0428
2287.66	35.4466
2286.08	20.5396
2284.49	34.0421
2282.91	51.1559
2281.33	83.1822
2279.75	57.0386
2278.17	39.2102
2276.58	4.36357
2275	19.4162
2273.42	23.5786
2271.83	26.4337
2270.25	37.2626
2268.66	29.2361
2267.08	13.6571
2265.49	7.9128
2263.91	56.8723
2262.32	68.5489
2260.73	52.3911
2259.14	24.6526
2257.56	34.1456
2255.97	36.7556
2254.38	58.3565
2252.79	46.141
2251.2	16.406
2249.61	5.68496
2248.02	9.17974
2246.43	5.98458
2244.84	-8.16472
2243.25	16.1781
2241.66	37.6355
2240.07	50.2304
2238.47	46.5466
2236.88	41.163
2235.29	32.9929
2233.69	51.2588
2232.1	47.1451
2230.5	46.1395
2228.91	21.4335
2227.31	27.6854
2225.72	23.3839
2224.12	35.1134
2222.53	40.2732
2220.93	55.2797
2219.33	65.1518
2217.73	59.1649
2216.14	49.0547
2214.54	39.3792
2212.94	18.5902
2211.34	-0.97875
2209.74	13.7608
2208.14	21.2623
2206.54	20.6621
2204.94	23.914
2203.34	27.0412
2201.74	34.6026
2200.13	47.8848
2198.53	64.2036
2196.93	53.337
2195.33	26.6281
2193.72	16.9522
2192.12	32.2896
2190.51	54.8258
2188.91	46.3364
2187.3	54.8863
2185.7	64.5909
2184.09	58.5031
2182.48	46.9367
2180.88	69.687
2179.27	74.0819
2177.66	50.0675
2176.05	22.4669
2174.45	14.8261
2172.84	29.4803
2171.23	41.5796
2169.62	55.7854
2168.01	38.1886
2166.4	38.9615
2164.79	9.14218
2163.18	7.62112
2161.56	5.0512
2159.95	52.2705
2158.34	59.1325
2156.73	40.8542
2155.11	52.9616
2153.5	46.4682
2151.89	46.7413
2150.27	14.0375
2148.66	42.582
2147.04	31.7909
2145.43	47.2689
2143.81	49.9378
2142.19	43.9601
2140.58	49.7918
2138.96	52.5771
2137.34	59.4476
2135.72	44.0545
2134.1	51.4607
2132.48	38.8172
2130.86	42.6442
2129.25	44.5053
2127.63	52.3725
2126	30.6301
2124.38	38.9357
2122.76	27.547
2121.14	25.4264
2119.52	19.1894
2117.9	64.6697
2116.27	63.1306
2114.65	74.5751
2113.03	58.4741
2111.4	38.1165
2109.78	10.6544
2108.15	14.1627
2106.53	36.0939
2104.9	52.6135
2103.27	49.6415
2101.65	35.3884
2100.02	52.8204
2098.39	39.9593
2096.77	25.5575
2095.14	31.6686
2093.51	61.7117
2091.88	51.7977
2090.25	33.6294
2088.62	31.2005
2086.99	24.4812
2085.36	20.1468
2083.73	13.1055
2082.1	24.6448
2080.46	49.3499
2078.83	55.4048
2077.2	37.7946
2075.57	6.41633
2073.93	7.65419
2072.3	36.2935
2070.66	36.0081
2069.03	29.1862
2067.4	30.471
2065.76	38.0935
2064.12	16.784
2062.49	8.32998
2060.85	0.597888
2059.21	36.133
2057.58	50.1994
2055.94	64.9199
2054.3	41.8237
2052.66	34.4074
2051.02	41.8657
2049.38	79.3567
2047.74	89.8384
2046.1	60.6604
2044.46	57.407
2042.82	47.8646
2041.18	17.7392
2039.53	2.6607
2037.89	37.9482
2036.25	52.432
2034.61	55.8911
2032.96	33.7003
2031.32	33.3616
2029.67	17.9894
2028.03	13.9461
2026.38	13.1348
2024.74	34.9601
2023.09	46.251
2021.44	25.7041
2019.8	13.6647
2018.15	10.5418
2016.5	14.5642
2014.85	11.7521
2013.21	22.5058
2011.56	35.7517
2009.91	51.3309
2008.26	39.3766
2006.61	39.1234
2004.96	38.635
2003.3	29.8596
2001.65	18.365
2000	45.3565
1998.35	47.2329
1996.7	37.791
1995.04	25.0967
1993.39	13.1329
1991.74	9.07555
1990.08	21.3034
1988.43	23.3586
1986.77	6.44449
1985.12	42.9156
1983.46	54.3523
1981.8	41.8909
1980.15	7.05472
1978.49	20.4327
1976.83	33.3188
1975.17	61.721
1973.51	60.6611
1971.86	38.7855
1970.2	30.7325
1968.54	24.9338
1966.88	46.2928
1965.22	50.7908
1963.55	58.071
1961.89	19.0281
1960.23	15.4852
1958.57	23.2963
1956.91	23.99
1955.24	-10.1399
1953.58	-1.98089
1951.92	33.928
1950.25	48.7434
1948.59	17.6198
1946.92	13.8063
1945.26	37.0222
1943.59	52.1932
1941.92	60.1687
1940.26	59.8725
1938.59	48.1133
1936.92	43.5408
1935.25	28.6972
1933.59	27.0392
1931.92	17.6364
1930.25	13.668
1928.58	-5.25157
1926.91	9.56617
1925.24	28.9618
1923.57	53.86
1921.9	41.6821
1920.22	40.062
1918.55	34.2083
1916.88	32.1459
1915.21	48.0985
1913.53	70.8779
1911.86	56.6962
1910.18	-0.342984
1908.51	21.4305
1906.83	27.6735
1905.16	33.29
1903.48	21.4638
1901.81	51.7995
1900.13	51.3501
1898.45	35.8785
1896.78	38.0117
1895.1	48.3599
1893.42	18.4338
1891.74	-4.18967
1890.06	12.4564
1888.38	42.6629
1886.7	26.217
1885.02	27.7453
1883.34	24.9839
1881.66	34.2474
1879.98	16.8292
1878.3	-3.73758
1876.61	-21.0032
1874.93	-6.94719
1873.25	-0.980688
1871.56	21.0073
1869.88	23.8812
1868.19	22.6424
1866.51	-6.29335
1864.82	-22.1981
1863.14	-30.2252
1861.45	-13.2843
1859.76	-3.53652
1858.08	-1.39912
1856.39	7.41821
1854.7	33.8909
1853.01	9.48546
1851.32	-22.2402
1849.63	-16.9963
1847.95	40.9825
1846.25	27.3763
1844.56	9.02144
1842.87	-4.38587
1841.18	27.8057
1839.49	4.66292
1837.8	15.3271
1836.11	6.24789
1834.41	26.0653
1832.72	-0.449221
1831.03	-5.50152
1829.33	-10.5683
1827.64	-9.64887
1825.94	13.525
1824.25	-0.554232
1822.55	-16.9506
1820.85	-43.1107
1819.16	-21.4998
1817.46	-8.07533
1815.76	14.3507
1814.06	11.0162
1812.36	-9.56933
1810.67	2.06809
1808.97	16.52
1807.27	4.16514
1805.57	3.43825
1803.87	10.2257
1802.17	10.4865
1800.46	-0.21417
1798.76	3.64087
1797.06	-0.683598
1795.36	15.003
1793.65	12.6605
1791.95	2.2005
1790.25	-32.3068
1788.54	-27.8231
1786.84	-7.67197
1785.13	22.0199
1783.43	-17.0983
1781.72	-28.0958
1780.01	-9.04166
1778.31	34.5774
1776.6	23.2594
1774.89	-9.72665
1773.18	-11.3022
1771.47	8.86853
1769.77	39.7422
1768.06	29.6898
1766.35	5.13796
1764.64	-17.4447
1762.92	-10.0514
1761.21	-19.123
1759.5	-20.2854
1757.79	8.1454
1756.08	30.1775
1754.36	20.7749
1752.65	9.98085
1750.94	6.18
1749.22	15.9696
1747.51	37.2197
1745.79	28.4997
1744.08	22.8471
1742.36	25.1106
1740.65	29.6337
1738.93	17.4847
1737.21	3.71314
1735.49	10.2132
1733.78	21.6859
1732.06	47.7265
1730.34	67.791
1728.62	48.0779
1726.9	20.856
1725.18	14.8877
1723.46	45.492
1721.74	64.8659
1720.02	44.1808
1718.3	14.4977
1716.57	-3.29189
1714.85	17.6056
1713.13	9.96513
1711.41	1.27083
1709.68	-25.657
1707.96	-19.912
1706.23	-3.65178
1704.51	11.758
1702.78	12.7378
1701.05	8.74214
1699.33	5.35437
1697.6	6.21239
1695.87	-4.13994
1694.15	-21.0038
1692.42	-38.8595
1690.69	-11.3001
1688.96	10.6876
1687.23	34.2772
1685.5	6.91927
1683.77	11.1082
1682.04	7.54275
1680.31	4.51317
1678.58	-24.7867
1676.85	-0.491142
1675.11	-1.33263
1673.38	6.05031
1671.65	12.0026
1669.91	19.9885
1668.18	31.857
1666.44	33.4397
1664.71	22.0092
1662.97	0.918847
1661.24	22.5721
1659.5	43.9218
1657.76	42.2245
1656.03	30.0476
1654.29	31.1114
1652.55	63.7969
1650.81	87.2387
1649.07	75.6717
1647.33	63.5944
1645.59	77.2989
1643.85	71.3498
1642.11	57.4369
1640.37	60.9511
1638.63	64.6996
1636.89	57.727
1635.15	81.2111
1633.4	111.265
1631.66	105.83
1629.92	85.7604
1628.17	71.2254
1626.43	84.3284
1624.68	124.803
1622.94	170.649
1621.19	178.292
1619.45	166.352
1617.7	172.722
1615.95	187.915
1614.21	209.197
1612.46	228.892
1610.71	262.509
1608.96	315.992
1607.21	383.313
1605.46	468.588
1603.71	558.697
1601.96	630
1600.21	762.211
1598.46	869.912
1596.71	969.917
1594.95	987.314
1593.2	1001.87
1591.45	888.903
1589.7	777.054
1587.94	704.5
1586.19	638.223
1584.43	570.549
1582.68	496.963
1580.92	430.923
1579.16	363.707
1577.41	324.292
1575.65	323.952
1573.89	294.579
1572.13	270.801
1570.38	244.932
1568.62	254.168
1566.86	235.763
1565.1	210.84
1563.34	205.581
1561.58	208.178
1559.82	180.429
1558.06	168.008
1556.29	146.924
1554.53	109.068
1552.77	82.4984
1551.01	74.6149
1549.24	77.4997
1547.48	68.1608
1545.71	76.0104
1543.95	102.142
1542.18	134.466
1540.42	131.64
1538.65	88.0875
1536.89	53.929
1535.12	46.4241
1533.35	67.4892
1531.58	94.2258
1529.82	82.6208
1528.05	67.4224
1526.28	46.5878
1524.51	62.3401
1522.74	48.7527
1520.97	44.7879
1519.2	35.5268
1517.42	90.0264
1515.65	107.236
1513.88	117.444
1512.11	85.2001
1510.33	100.86
1508.56	75.2043
1506.79	84.2957
1505.01	53.1398
1503.24	82.3573
1501.46	93.7101
1499.69	89.1334
1497.91	71.241
1496.13	103.895
1494.36	154.288
1492.58	118.93
1490.8	64.1178
1489.02	86.8617
1487.24	139.76
1485.46	153.992
1483.68	128.811
1481.9	135.382
1480.12	123.487
1478.34	115.671
1476.56	80.0107
1474.78	84.0603
1473	115.088
1471.21	156.442
1469.43	149.722
1467.65	137.629
1465.86	138.01
1464.08	187.625
1462.29	270.508
1460.51	339.812
1458.72	390.976
1456.93	449.511
1455.15	473.344
1453.36	503.178
1451.57	508.013
1449.79	494.616
1448	419.611
1446.21	407.858
1444.42	376.027
1442.63	307.531
1440.84	253.719
1439.05	256.224
1437.26	274.846
1435.46	276.9
1433.67	321.444
1431.88	330.107
1430.09	319.133
1428.29	297.066
1426.5	352.583
1424.71	402.205
1422.91	473.616
1421.12	504.007
1419.32	510.815
1417.52	497.762
1415.73	556.062
1413.93	616.35
1412.13	634.944
1410.34	674.6
1408.54	733.013
1406.74	823.787
1404.94	883.301
1403.14	967.759
1401.34	964.046
1399.54	946.12
1397.74	884.877
1395.94	863.322
1394.14	836.695
1392.33	794.784
1390.53	836.862
1388.73	889.595
1386.92	931.867
1385.12	963.619
1383.32	1057.57
1381.51	1108.52
1379.7	1144.91
1377.9	1219.49
1376.09	1276.24
1374.29	1268.25
1372.48	1240.98
1370.67	1172.33
1368.86	1094.04
1367.05	1022.91
1365.25	966.186
1363.44	866.235
1361.63	745.773
1359.82	679.24
1358.01	611.014
1356.19	574.767
1354.38	541.842
1352.57	537.161
1350.76	488.319
1348.95	451.306
1347.13	413.711
1345.32	376.99
1343.5	332.532
1341.69	341.188
1339.87	371.041
1338.06	394.598
1336.24	405.918
1334.43	401.66
1332.61	400.249
1330.79	382.397
1328.97	382.362
1327.16	352.193
1325.34	334.628
1323.52	322.255
1321.7	318.486
1319.88	322.852
1318.06	325.219
1316.24	362.601
1314.41	388.13
1312.59	376.224
1310.77	318.677
1308.95	323.991
1307.12	341.199
1305.3	339.987
1303.48	315.142
1301.65	286.689
1299.83	289.487
1298	325.766
1296.18	387.698
1294.35	397.136
1292.52	461.726
1290.69	527.539
1288.87	540.433
1287.04	532.577
1285.21	539.21
1283.38	573.924
1281.55	530.655
1279.72	480.677
1277.89	442.91
1276.06	444.994
1274.23	396.683
1272.4	323.393
1270.57	289.994
1268.73	305.884
1266.9	309.743
1265.07	305.236
1263.23	312.866
1261.4	301.255
1259.56	300.087
1257.73	290.274
1255.89	325.691
1254.06	316.922
1252.22	316.677
1250.38	314.823
1248.54	343.784
1246.71	345.248
1244.87	293.232
1243.03	249.457
1241.19	229.795
1239.35	250.301
1237.51	291.147
1235.67	294.726
1233.83	238.804
1231.98	253.591
1230.14	277.954
1228.3	256.336
1226.46	194.169
1224.61	199.421
1222.77	193.327
1220.92	192.88
1219.08	182.435
1217.23	202.129
1215.39	227.409
1213.54	265.825
1211.7	286.696
1209.85	303.726
1208	282.038
1206.15	256.533
1204.3	237.489
1202.45	247.555
1200.61	260.525
1198.76	218.563
1196.91	216.383
1195.05	226.728
1193.2	230.858
1191.35	202.876
1189.5	201.138
1187.65	245.227
1185.79	273.686
1183.94	290.228
1182.09	295.912
1180.23	321.187
1178.38	369.607
1176.52	408.696
1174.67	484.552
1172.81	522.987
1170.95	581.886
1169.1	660.283
1167.24	809.472
1165.38	965.133
1163.52	1121.97
1161.66	1318.18
1159.8	1576.86
1157.94	1720.39
1156.08	1764.53
1154.22	1723.56
1152.36	1610.62
1150.5	1432.85
1148.64	1270.25
1146.77	1137.92
1144.91	996.206
1143.05	970.383
1141.18	921.37
1139.32	912.074
1137.45	842.111
1135.59	827.762
1133.72	781.545
1131.86	735.32
1129.99	674.813
1128.12	651.424
1126.25	649.681
1124.39	602.37
1122.52	539.58
1120.65	492.715
1118.78	460.052
1116.91	444.729
1115.04	428.081
1113.17	429.259
1111.3	422.889
1109.42	440.823
1107.55	432.443
1105.68	426.148
1103.81	414.568
1101.93	398.69
1100.06	329.67
1098.18	278.382
1096.31	263.1
1094.43	237.243
1092.56	165.999
1090.68	117.365
1088.8	102.372
1086.93	87.8753
1085.05	81.8429
1083.17	98.1995
1081.29	88.1464
1079.41	67.0078
1077.53	45.5494
1075.65	65.7187
1073.77	68.6729
1071.89	72.9783
1070.01	55.9186
1068.13	44.6614
1066.24	54.2698
1064.36	31.8603
1062.48	31.3462
1060.59	52.1267
1058.71	85.8109
1056.83	82.5007
1054.94	48.5335
1053.05	68.5791
1051.17	93.8327
1049.28	147.657
1047.39	165.463
1045.51	172.496
1043.62	166.863
1041.73	158.774
1039.84	136.288
1037.95	82.6965
1036.06	66.8343
1034.17	100.21
1032.28	115.19
1030.39	86.4783
1028.5	84.9873
1026.61	89.7871
1024.71	63.5935
1022.82	57.83
1020.93	81.6173
1019.03	95.6537
1017.14	46.3665
1015.24	27.1361
1013.35	-20.286
1011.45	-10.4675
1009.56	-10.2401
1007.66	17.1983
1005.76	-14.9869
1003.86	-53.8217
1001.97	-41.4298
1000.07	10.9072
998.167	25.6364
996.268	17.9882
994.368	36.4749
992.466	9.77587
990.565	-12.5283
988.664	-22.5322
986.762	8.2669
984.86	-9.07285
982.957	7.47243
981.053	-11.9971
979.15	33.0495
977.245	71.3267
975.34	94.1714
973.435	81.3596
971.53	98.6475
969.624	94.2354
967.717	98.5754
965.809	98.3211
963.902	99.545
961.994	53.7224
960.086	79.7188
958.177	62.5185
956.267	60.3368
954.357	47.5922
952.447	86.4545
950.536	117.278
948.625	155.961
946.713	152.19
944.8	122.033
942.888	126.804
940.974	121.502
939.061	101.938
937.147	82.2082
935.233	37.7393
933.317	16.4545
931.402	50.585
929.485	69.9891
927.569	10.5359
925.652	-8.22047
923.735	30.4056
921.817	46.5932
919.899	28.3385
917.98	34.5144
916.061	16.9725
914.141	15.9161
912.22	18.916
910.3	55.7094
908.378	15.884
906.456	16.1469
904.534	21.0759
902.612	24.2532
900.689	-13.825
898.766	-24.623
896.841	7.99329
894.916	23.5104
892.991	61.9204
891.066	50.497
889.14	70.1005
887.214	35.8668
885.287	76.9246
883.36	86.9065
881.432	117.063
879.504	97.4607
877.575	114.913
875.646	112.431
873.716	86.7688
871.786	25.9121
869.855	28.6271
867.924	51.4408
865.992	87.0038
864.06	69.4369
862.128	49.9028
860.194	6.53977
858.261	31.5345
856.327	30.5356
854.393	52.6235
852.458	3.85107
850.522	13.0291
848.586	13.4941
846.65	54.451
844.714	68.784
842.776	74.9022
840.838	73.2167
838.901	48.5991
836.961	48.3178
835.023	89.5807
833.082	96.7365
831.142	72.3329
829.202	56.8698
827.261	81.8973
825.319	92.2449
823.377	84.5333
821.434	70.9327
819.491	31.6791
817.548	12.6058
815.604	46.0746
813.66	50.0163
811.715	52.2826
809.769	35.9638
807.823	50.9557
805.878	60.5847
803.93	71.912
801.983	36.6287
800.035	-10.4858
798.087	-4.75659
796.139	35.5611
794.189	36.4698
792.24	35.4937
790.289	26.199
788.339	32.9776
786.387	15.6662
784.436	-17.0545
782.484	-56.6835
780.532	-39.7496
778.578	-16.4051
776.624	-32.9326
774.671	-21.6784
772.716	24.7411
770.762	9.07743
768.806	-14.2073
766.85	2.00859
764.893	31.7019
762.937	20.6518
760.979	2.13523
759.022	8.93356
757.064	-5.23583
755.105	6.90645
753.145	13.6828
751.185	41.2594
749.226	-14.9051
747.264	2.03322
745.303	49.7019
743.341	76.8005
741.38	6.64639
739.417	-0.440217
737.454	21.0842
735.49	13.5603
733.526	-18.7015
731.562	-13.7428
729.596	30.1014
727.631	51.5557
725.665	86.9924
723.699	108.358
721.732	107.244
719.764	106.398
717.797	84.4026
715.828	70.1712
713.859	28.9869
711.889	24.4047
709.919	-0.893577
707.949	-22.5762
705.978	-20.2715
704.007	26.3106
702.035	74.2516
700.063	28.2588
698.091	-4.96158
696.117	-12.7007
694.143	-1.82803
692.169	-9.79183
690.194	26.2742
688.219	96.8492
686.244	144.38
684.267	124.069
682.291	74.8377
680.314	23.2958
678.336	44.2525
676.358	44.6084
674.379	80.1393
672.4	57.0224
670.421	108.699
668.441	117.863
666.46	117.701
664.479	138.979
662.497	198.553
660.516	205.427
658.533	200.969
656.55	271.335
654.567	296.071
652.583	310.389
650.598	367.618
648.614	478.533
646.628	529.813
644.643	593.092
642.656	619.092
640.669	589.263
638.682	589.415
636.694	624.839
634.706	588.417
632.717	511.568
630.728	423.985
628.738	388.478
626.748	350.91
624.757	367.918
622.766	292.239
620.774	254.073
618.782	217.899
616.789	261.285
614.796	249.603
612.802	248.207
610.808	140.212
608.814	139.423
606.818	151.15
604.822	157.901
602.827	94.6033
600.83	87.7343
598.833	112.369
596.836	98.4804
594.838	73.0495
592.839	32.9108
590.84	13.1661
588.841	23.8367
586.84	23.7846
584.84	8.61461
582.838	-45.4345
580.838	-74.7867
578.835	-56.5947
576.833	14.663
574.83	54.1586
572.827	47.6962
570.822	9.24083
568.818	18.4994
566.813	43.9735
564.808	68.4158
562.802	33.0187
560.795	59.2821
558.788	72.6252
556.781	62.247
554.773	52.7666
552.765	95.194
550.756	109.563
548.747	151.73
546.737	179.359
544.726	212.935
542.716	185.949
540.704	233.668
538.692	256.166
536.68	304.805
534.667	325.625
532.654	365.823
530.64	360.167
528.626	369.814
526.611	410.298
524.596	456.195
522.58	508.272
520.564	489.654
518.547	464.399
516.529	459.367
514.512	470.336
512.494	424.837
510.476	389.683
508.456	362.912
506.436	287.93
504.416	230.015
502.395	226.055
500.374	219.51
498.353	169.312
496.33	151.165
494.307	195.619
492.284	246.383
490.261	218.281
488.237	133.608
486.212	134.911
484.187	115.532
482.161	94.9945
480.134	52.2166
478.108	60.1661
476.081	10.6403
474.054	7.37835
472.025	6.18694
469.997	5.89106
467.968	-36.3428
465.938	-23.8334
463.908	-3.05119
461.877	20.6164
459.846	-13.0378
457.814	-45.5851
455.782	-36.3914
453.75	-2.93671
451.716	-18.5557
449.683	-32.6988
447.649	-6.24215
445.614	41.5479
443.579	21.3425
441.543	23.8389
439.508	66.4334
437.47	87.2424
435.433	105.258
433.396	84.7255
431.358	140.633
429.319	124.319
427.28	135.279
425.241	114.749
423.201	195.374
421.16	229.973
419.118	259.731
417.077	292.117
415.035	301.236
412.993	322.589
410.949	358.784
408.905	440.806
406.862	471.816
404.816	446.542
402.771	387.23
400.727	391.405
398.68	427.428
396.633	413.858
394.586	365.567
392.539	277.602
390.491	206.95
388.442	180
386.393	188.115
384.344	165.617
382.293	163.045
380.242	198.558
378.192	218.795
376.14	153.329
374.088	89.9711
372.035	106.947
369.982	196.248
367.928	248.051
365.874	240.576
363.82	221.029
361.765	161.166
359.709	154.362
357.653	128.445
355.596	128.473
353.539	95.7293
351.481	107.802
349.423	65.2872
347.364	112.567
345.305	149.034
343.245	137.433
341.185	80.4262
339.125	105.975
337.063	134.446
335.001	154.453
332.94	169.132
330.876	150.222
328.813	125.691
326.749	105.793
324.685	123.074
322.621	120.222
320.555	163.836
318.489	234.694
316.423	251.217
314.356	184.137
312.29	169.957
310.221	234.136
308.153	268.959
306.084	249.541
304.015	196.685
301.946	213.913
299.875	244.932
297.804	250.725
295.733	145.598
293.661	164.825
291.588	243.385
289.516	230.862
287.443	109.965
285.369	53.1774
283.295	75.6695
281.22	137.497
279.144	168.487
277.068	151.917
274.992	79.7046
272.915	103.677
270.837	79.3689
268.76	73.765
266.681	132.882
264.602	176.848
262.523	196.144
260.443	212.116
258.362	283.061
256.282	278.935
254.2	311.43
252.118	279.722
250.036	296.218
247.952	334.693
245.869	390.777
243.784	383.41
241.7	353.953
239.616	343.349
237.53	325.677
235.443	335.598
233.357	342.715
231.27	341.715
229.182	327.492
227.094	336.843
225.005	337.656
222.916	267.811
220.827	262.616
218.737	239.461
216.646	218.034
214.555	203.052
212.462	225.35
210.37	213.629
208.278	162.608
206.185	98.8858
204.091	75.8613
201.997	36.6642
199.902	-3.68553
197.807	-115.788
195.711	-114.176
193.615	-157.202
191.517	-144.137
189.42	-201.676
187.322	-173.881
185.224	-146.478
183.125	-141.905
181.025	-179.875
178.926	-155.764
176.825	-109.932
174.724	-56.3282
172.623	-1.05531
170.521	93.3918
168.418	268.372
166.315	547.44
164.212	790.779
162.108	1126.69
160.003	1611.4
157.898	2290.33
155.793	3064.08
153.686	3885.91
151.58	4561.33
149.473	5018.92
147.365	5106.34
145.257	4849.99
143.148	4296.58
141.039	3620.56
138.929	2873
136.819	2134.49
134.709	1492.26
132.597	1013.26
130.485	696.714
128.373	394.265
126.26	147.482
124.147	56.0793
122.033	-30.3285
119.919	-102.051
117.804	-151.823
115.688	-191.5
113.573	-232.25
111.456	-335.609
109.339	-349.873
107.222	-349.768
105.103	-248.36
102.985	-291.844
100.866	-345.772
98.7467	-405.517
96.6262	-597.522
