3502.52	-8.2356
3501.25	-22.7894
3499.98	-10.4552
3498.71	-8.22485
3497.44	12.8979
3496.17	-13.0792
3494.9	-1.15942
3493.62	8.66418
3492.35	20.3889
3491.08	28.0189
3489.8	12.5585
3488.53	11.0051
3487.26	25.3651
3485.98	13.636
3484.71	6.82202
3483.43	19.9261
3482.16	11.9474
3480.88	25.8882
3479.6	22.7515
3478.33	27.5396
3477.05	51.2513
3475.77	9.88989
3474.5	23.4574
3473.22	27.9546
3471.94	23.3837
3470.66	21.7471
3469.38	39.0437
3468.1	34.2769
3466.82	45.4475
3465.54	27.5575
3464.26	36.6077
3462.98	39.5999
3461.7	27.5355
3460.42	35.4156
3459.14	43.2416
3457.86	48.0148
3456.57	29.7366
3455.29	39.4081
3454.01	40.0302
3452.73	37.605
3451.44	28.1331
3450.16	39.6159
3448.87	50.0544
3447.59	36.4496
3446.3	59.8026
3445.02	55.1149
3443.73	40.3873
3442.45	33.6207
3441.16	36.8165
3439.88	40.9755
3438.59	64.0985
3437.3	49.1868
3436.01	47.2413
3434.73	55.2628
3433.44	35.2522
3432.15	36.2106
3430.86	55.1386
3429.57	46.0374
3428.28	39.9075
3426.99	37.75
3425.7	33.5656
3424.41	41.355
3423.12	34.1191
3421.83	44.8588
3420.54	27.5748
3419.24	51.2673
3417.95	24.9378
3416.66	33.5867
3415.37	24.2142
3414.07	31.8218
3412.78	37.4097
3411.48	27.9781
3410.19	21.5287
3408.9	19.0615
3407.6	28.577
3406.31	53.0759
3405.01	31.559
3403.72	60.0264
3402.42	28.4789
3401.12	44.9167
3399.82	55.3411
3398.53	59.752
3397.23	42.1499
3395.93	59.5356
3394.63	41.9092
3393.33	52.272
3392.04	30.6233
3390.74	44.9638
3389.44	39.2943
3388.14	38.6148
3386.84	30.926
3385.53	48.2282
3384.23	52.5223
3382.93	33.8077
3381.63	35.0852
3380.33	66.355
3379.03	38.6182
3377.72	44.8739
3376.42	29.123
3375.12	75.3665
3373.81	48.6033
3372.51	43.835
3371.2	47.0607
3369.9	48.2817
3368.59	51.4973
3367.29	39.7089
3365.98	36.9153
3364.68	68.1182
3363.37	56.3164
3362.06	29.5116
3360.76	38.7031
3359.45	42.8907
3358.14	48.0757
3356.83	48.2577
3355.52	50.4362
3354.22	42.6127
3352.91	25.7869
3351.6	23.9585
3350.29	40.1279
3348.98	42.2947
3347.67	24.4601
3346.36	31.6238
3345.04	49.7859
3343.73	35.9462
3342.42	8.10498
3341.11	11.2626
3339.8	38.4188
3338.48	24.5739
3337.17	11.7277
3335.86	38.8805
3334.54	8.03235
3333.23	47.1833
3331.91	20.3341
3330.6	5.4834
3329.28	16.6317
3327.97	12.7795
3326.65	17.9268
3325.34	-3.92627
3324.02	18.2195
3322.7	-6.63525
3321.38	0.510132
3320.07	-3.34583
3318.75	21.7976
3317.43	11.9413
3316.11	7.08362
3314.79	14.2262
3313.47	-7.63245
3312.15	6.50891
3310.83	4.64893
3309.51	7.78918
3308.19	-1.07117
3306.87	2.06702
3305.55	0.205444
3304.23	-8.6571
3302.9	4.479
3301.58	3.61499
3300.26	-9.24976
3298.94	-5.11536
3297.61	-21.9827
3296.29	-9.85022
3294.96	3.28113
3293.64	-11.5885
3292.31	-5.45911
3290.99	-2.33105
3289.66	-21.2042
3288.34	-7.07874
3287.01	9.04553
3285.68	-17.8319
3284.36	-24.7106
3283.03	-6.59094
3281.7	-12.473
3280.37	3.64319
3279.05	-16.2418
3277.72	-4.12927
3276.39	-24.0188
3275.06	-20.9103
3273.73	-7.80322
3272.4	2.3009
3271.07	-10.5973
3269.74	-20.4972
3268.41	-17.4003
3267.08	-13.3053
3265.74	-3.21362
3264.41	-6.12402
3263.08	0.961914
3261.75	-21.9542
3260.41	-6.87415
3259.08	2.20349
3257.75	-3.72302
3256.41	27.3481
3255.08	-2.58435
3253.74	-31.521
3252.41	-9.46057
3251.07	10.5963
3249.74	9.64917
3248.4	-7.30188
3247.06	5.74219
3245.73	27.7831
3244.39	19.8197
3243.05	2.85193
3241.71	17.8796
3240.37	3.90308
3239.04	31.9215
3237.7	11.9354
3236.36	22.9446
3235.02	23.9487
3233.68	9.94775
3232.34	3.9425
3231	40.9314
3229.66	41.9148
3228.31	19.8927
3226.97	22.866
3225.63	12.8326
3224.29	28.7938
3222.94	14.7498
3221.6	23.6991
3220.26	34.6422
3218.91	10.5802
3217.57	-9.48877
3216.23	46.4368
3214.88	32.3547
3213.53	21.2675
3212.19	25.1735
3210.84	48.0719
3209.5	25.9645
3208.15	7.85022
3206.8	1.72803
3205.46	15.5996
3204.11	18.4644
3202.76	20.3217
3201.41	15.1719
3200.06	7.01343
3198.71	-4.15125
3197.36	4.67651
3196.01	0.49646
3194.66	-6.69104
3193.31	17.1134
3191.96	20.9103
3190.61	28.699
3189.26	3.48071
3187.91	1.25342
3186.56	-6.98218
3185.2	7.77405
3183.85	17.522
3182.5	16.2628
3181.14	11.9939
3179.79	15.7164
3178.44	8.43164
3177.08	-3.86304
3175.73	-11.1663
3174.37	12.5228
3173.01	15.2018
3171.66	8.87317
3170.3	-13.4644
3168.95	-3.81201
3167.59	-3.1676
3166.23	33.4666
3164.87	12.0928
3163.51	39.7097
3162.16	2.31726
3160.8	15.9147
3159.44	33.5037
3158.08	14.0834
3156.72	0.653809
3155.36	-40.7855
3154	-6.23425
3152.64	17.3077
3151.28	14.84
3149.91	11.3625
3148.55	-8.12451
3147.19	10.3788
3145.83	9.87244
3144.46	23.3563
3143.1	26.8306
3141.74	4.29614
3140.37	32.7506
3139.01	10.1953
3137.64	7.63159
3136.28	21.0564
3134.91	-7.52844
3133.55	23.8782
3132.18	8.27356
3130.81	-0.339722
3129.45	-3.96448
3128.08	28.4026
3126.71	17.7579
3125.34	23.1051
3123.98	7.44189
3122.61	6.76758
3121.24	16.0848
3119.87	4.39197
3118.5	21.689
3117.13	-1.0238
3115.76	12.2518
3114.39	7.51929
3113.02	-5.22339
3111.64	21.0239
3110.27	-11.7385
3108.9	8.48914
3107.53	10.7069
3106.15	1.91479
3104.78	-23.8857
3103.41	18.3025
3102.03	11.4807
3100.66	13.6494
3099.29	14.8096
3097.91	24.9587
3096.53	27.0978
3095.16	2.229
3093.78	-19.6509
3092.41	8.45935
3091.03	-21.4384
3089.65	20.6525
3088.27	-3.26428
3086.9	10.8093
3085.52	25.8719
3084.14	-0.0732422
3082.76	-18.028
3081.38	25.0065
3080	15.0332
3078.62	-3.9491
3077.24	-13.9407
3075.86	38.0583
3074.48	6.04822
3073.1	8.02771
3071.72	-2.00049
3070.33	3.96265
3068.95	26.9166
3067.57	13.8635
3066.19	39.7999
3064.8	1.72754
3063.42	23.6467
3062.03	11.557
3060.65	22.4606
3059.26	4.354
3057.88	-9.76123
3056.49	8.11694
3055.11	10.9851
3053.72	-17.1547
3052.33	-15.3014
3050.95	4.54224
3049.56	6.37964
3048.17	-22.7913
3046.78	-9.97119
3045.4	-22.1576
3044.01	-1.35193
3042.62	-35.5552
3041.23	-27.7648
3039.84	4.01843
3038.45	-19.2059
3037.06	1.56213
3035.67	7.32324
3034.28	-3.9231
3032.88	12.8236
3031.49	-19.4371
3030.1	-18.7043
3028.71	3.02112
3027.31	-13.26
3025.92	-6.54773
3024.52	12.1575
3023.13	-8.1416
3021.74	-14.4493
3020.34	-11.7632
3018.95	-52.0814
3017.55	-31.4077
3016.16	21.2614
3014.76	20.9227
3013.36	48.5803
3011.96	-2.77002
3010.57	-1.12476
3009.17	9.51355
3007.77	6.14819
3006.37	-3.22278
3004.97	32.4008
3003.57	34.0171
3002.17	31.6302
3000.77	43.2385
2999.37	52.8416
2997.97	63.4397
2996.57	61.0327
2995.17	70.6213
2993.77	87.2052
2992.37	104.785
2990.97	89.3599
2989.56	100.93
2988.16	70.4991
2986.76	101.061
2985.35	140.62
2983.95	154.174
2982.54	164.726
2981.14	192.273
2979.73	135.818
2978.33	168.358
2976.92	161.896
2975.51	198.428
2974.11	210.96
2972.7	259.488
2971.29	190.011
2969.89	295.534
2968.48	333.053
2967.07	327.569
2965.66	327.083
2964.25	368.594
2962.84	378.104
2961.43	383.609
2960.02	398.114
2958.61	426.617
2957.2	432.118
2955.79	489.616
2954.38	463.113
2952.96	476.608
2951.55	532.101
2950.14	517.594
2948.73	533.085
2947.31	562.574
2945.9	574.062
2944.48	622.549
2943.07	632.036
2941.65	664.521
2940.24	662.005
2938.82	662.489
2937.41	662.973
2935.99	714.455
2934.57	677.938
2933.16	747.42
2931.74	711.902
2930.32	767.384
2928.9	803.865
2927.48	810.347
2926.06	783.829
2924.64	804.311
2923.22	902.793
2921.8	872.278
2920.38	847.761
2918.96	881.244
2917.54	940.73
2916.12	872.215
2914.7	903.702
2913.28	936.19
2911.85	893.678
2910.43	898.167
2909.01	880.658
2907.58	941.151
2906.16	946.645
2904.74	946.14
2903.31	962.637
2901.88	921.135
2900.46	973.636
2899.03	943.138
2897.61	933.641
2896.18	957.148
2894.75	952.656
2893.33	894.166
2891.9	967.679
2890.47	873.193
2889.04	975.71
2887.61	886.23
2886.18	929.751
2884.75	935.277
2883.32	958.803
2881.89	925.334
2880.46	912.867
2879.03	907.402
2877.6	922.941
2876.17	909.483
2874.74	966.028
2873.3	898.576
2871.87	930.127
2870.44	900.682
2869.01	943.24
2867.57	945.8
2866.14	915.366
2864.7	953.934
2863.27	929.506
2861.83	896.082
2860.4	919.661
2858.96	903.244
2857.52	897.831
2856.09	856.422
2854.65	780.016
2853.21	762.616
2851.77	755.218
2850.34	703.826
2848.9	643.436
2847.46	616.052
2846.02	520.671
2844.58	487.295
2843.14	442.924
2841.7	429.556
2840.26	332.193
2838.82	347.834
2837.37	255.48
2835.93	222.131
2834.49	188.786
2833.05	174.446
2831.6	165.109
2830.16	151.779
2828.72	100.453
2827.27	118.132
2825.83	109.815
2824.38	102.503
2822.94	100.196
2821.49	81.8937
2820.05	53.5973
2818.6	56.3044
2817.15	31.0176
2815.71	28.7351
2814.26	30.4579
2812.81	41.1858
2811.36	-0.0809326
2809.91	-0.34314
2808.47	5.3999
2807.02	55.1478
2805.57	19.9019
2804.12	47.66
2802.67	32.423
2801.22	-19.8077
2799.76	29.9666
2798.31	27.7451
2796.86	8.52942
2795.41	17.3192
2793.96	4.11401
2792.5	31.9138
2791.05	-6.28137
2789.6	13.53
2788.14	-47.6547
2786.69	11.1664
2785.23	9.99219
2783.78	45.8237
2782.32	12.6603
2780.86	48.5016
2779.41	-8.65137
2777.95	23.2007
2776.5	54.0588
2775.04	8.92139
2773.58	63.7888
2772.12	39.6624
2770.66	64.5398
2769.2	35.4233
2767.74	23.311
2766.29	8.20471
2764.83	11.1034
2763.36	56.007
2761.9	82.9158
2760.44	79.8295
2758.98	122.748
2757.52	21.672
2756.06	88.6006
2754.59	61.5345
2753.13	72.4725
2751.67	61.4164
2750.2	107.365
2748.74	106.318
2747.28	87.2758
2745.81	88.2385
2744.35	63.2058
2742.88	121.178
2741.41	138.155
2739.95	109.137
2738.48	77.1226
2737.01	111.113
2735.55	105.109
2734.08	83.1084
2732.61	93.1127
2731.14	118.121
2729.67	100.134
2728.2	78.1506
2726.73	124.172
2725.26	48.1978
2723.79	106.227
2722.32	64.2612
2720.85	44.2996
2719.38	82.3417
2717.91	27.3877
2716.44	61.4375
2714.96	91.4912
2713.49	76.5487
2712.02	44.6105
2710.54	33.675
2709.07	27.7435
2707.59	57.816
2706.12	21.8923
2704.64	50.9716
2703.17	18.0543
2701.69	42.1404
2700.22	28.2299
2698.74	-30.678
2697.26	19.4176
2695.78	-6.48315
2694.31	36.6185
2692.83	-3.27625
2691.35	-1.16833
2689.87	0.942261
2688.39	-12.9451
2686.91	13.171
2685.43	-43.7095
2683.95	-11.5884
2682.47	10.5349
2680.99	-13.3385
2679.51	38.7897
2678.03	7.92078
2676.54	-6.9469
2675.06	-2.81165
2673.58	24.3254
2672.09	-10.5353
2670.61	0.605713
2669.13	-17.251
2667.64	23.8933
2666.16	-5.96094
2664.67	14.1873
2663.18	32.3362
2661.7	-61.5131
2660.21	14.6392
2658.72	32.7926
2657.24	-12.053
2655.75	-63.8976
2654.26	34.259
2652.77	25.417
2651.28	-26.4249
2649.8	43.7344
2648.31	6.89392
2646.82	21.0546
2645.33	-43.7844
2643.84	-10.6232
2642.34	11.5386
2640.85	-4.29993
2639.36	-22.1381
2637.87	-10.9753
2636.38	12.1864
2634.88	-1.651
2633.39	-8.48987
2631.9	-28.328
2630.4	-1.16687
2628.91	-15.0061
2627.41	-12.8461
2625.92	-2.6864
2624.42	14.473
2622.93	52.6305
2621.43	22.7882
2619.93	-13.0562
2618.44	-14.9011
2616.94	-20.7472
2615.44	7.4054
2613.94	3.55688
2612.44	36.7063
2610.95	32.8545
2609.45	31.0009
2607.95	28.1459
2606.45	21.2885
2604.95	-39.5702
2603.44	17.5691
2601.94	39.7064
2600.44	19.8411
2598.94	-13.0262
2597.44	22.1038
2595.93	-36.7687
2594.43	3.35669
2592.93	-9.521
2591.42	3.599
2589.92	13.7152
2588.42	11.8295
2586.91	20.9407
2585.4	23.0483
2583.9	-2.84705
2582.39	31.254
2580.89	-4.64734
2579.38	42.447
2577.87	20.5383
2576.36	32.6252
2574.86	28.7087
2573.35	59.7888
2571.84	-1.13525
2570.33	30.9365
2568.82	64.0039
2567.31	25.0681
2565.8	-16.8728
2564.29	30.1824
2562.78	13.2324
2561.27	28.2783
2559.75	70.3198
2558.24	44.3564
2556.73	-19.6118
2555.22	5.41479
2553.7	-14.5632
2552.19	-4.5459
2550.68	9.46533
2549.16	30.4722
2547.65	-25.5264
2546.13	1.46875
2544.61	19.459
2543.1	-14.5562
2541.58	12.4226
2540.07	-22.6033
2538.55	-23.636
2537.03	2.32593
2535.51	6.28125
2533.99	34.231
2532.48	2.1748
2530.96	30.1123
2529.44	-21.9568
2527.92	66.9678
2526.4	9.88574
2524.88	60.7974
2523.36	33.7029
2521.83	-13.3992
2520.31	18.4927
2518.79	22.3779
2517.27	25.2561
2515.74	-9.8728
2514.22	-6.00879
2512.7	10.8477
2511.17	69.697
2509.65	9.54004
2508.12	9.375
2506.6	56.2031
2505.07	-26.9763
2503.55	-0.16333
2502.02	26.6421
2500.49	23.4397
2498.97	39.2295
2497.44	1.01221
2495.91	50.7861
2494.38	-10.447
2492.85	-9.68872
2491.32	19.0618
2489.8	-29.1953
2488.27	20.5388
2486.74	31.2649
2485.2	11.9827
2483.67	1.69312
2482.14	-13.606
2480.61	0.0869141
2479.08	-12.229
2477.55	-16.5527
2476.01	41.1145
2474.48	13.7732
2472.95	-22.5767
2471.41	-9.93457
2469.88	8.69775
2468.34	44.3213
2466.81	7.93652
2465.27	-27.4568
2463.74	3.14063
2462.2	39.729
2460.66	-15.6919
2459.12	24.8779
2457.59	-6.56128
2456.05	-16.0095
2454.51	14.5337
2452.97	-27.9324
2451.43	4.59131
2449.89	-21.8933
2448.35	-14.3877
2446.81	-5.89111
2445.27	-46.4043
2443.73	-27.9263
2442.19	17.5415
2440.65	-27.999
2439.11	-14.5505
2437.56	-26.1101
2436.02	-2.67969
2434.48	14.7407
2432.93	11.1516
2431.39	-23.4468
2429.84	-5.05444
2428.3	59.3276
2426.75	38.7004
2425.21	24.064
2423.66	35.4163
2422.12	8.75952
2420.57	-1.90649
2419.02	16.4187
2417.47	-4.26733
2415.93	-1.96338
2414.38	-10.668
2412.83	-11.3838
2411.28	-20.1082
2409.73	-3.84277
2408.18	0.41333
2406.63	54.6589
2405.08	-21.1055
2403.53	-16.8779
2401.98	11.3376
2400.42	-3.45483
2398.87	-20.259
2397.32	110.928
2395.77	5.10596
2394.21	-41.7271
2392.66	5.43066
2391.1	-34.4204
2389.55	53.7173
2387.99	16.8464
2386.44	1.96436
2384.88	-11.9265
2383.33	-12.8271
2381.77	7.26245
2380.21	-22.658
2378.66	-13.5879
2377.1	-11.5278
2375.54	-3.47656
2373.98	-11.4358
2372.42	-5.40381
2370.86	1.61816
2369.3	20.6309
2367.74	-30.3665
2366.18	-20.373
2364.62	-24.3894
2363.06	-20.4146
2361.5	11.5498
2359.94	2.50562
2358.37	3.45239
2356.81	-31.6106
2355.25	4.31714
2353.68	13.2346
2352.12	49.1433
2350.56	-29.9558
2348.99	2.93408
2347.43	18.8159
2345.86	3.68726
2344.29	-1.44922
2342.73	25.405
2341.16	68.25
2339.59	-21.9126
2338.03	-19.0854
2336.46	-51.2676
2334.89	44.5425
2333.32	24.3438
2331.75	62.136
2330.18	5.91846
2328.61	99.6946
2327.04	-35.5398
2325.47	32.2178
2323.9	41.9678
2322.33	47.7073
2320.76	-12.5596
2319.18	12.1646
2317.61	21.8792
2316.04	63.5879
2314.47	64.2871
2312.89	6.97778
2311.32	-20.3396
2309.74	-5.66406
2308.17	16.0039
2306.59	58.6621
2305.02	22.3135
2303.44	14.9573
2301.86	0.592773
2300.29	23.2222
2298.71	66.8425
2297.13	15.4561
2295.55	54.061
2293.97	82.6599
2292.4	54.2507
2290.82	54.8345
2289.24	79.4109
2287.66	70.98
2286.08	1.54297
2284.49	9.09741
2282.91	25.6465
2281.33	8.18799
2279.75	20.7229
2278.17	70.251
2276.58	25.7722
2275	4.28662
2273.42	53.7944
2271.83	-11.7034
2270.25	31.7927
2268.66	11.2805
2267.08	-21.2363
2265.49	28.24
2263.91	13.7104
2262.32	21.1765
2260.73	5.63452
2259.14	-0.912109
2257.56	56.5339
2255.97	22.9758
2254.38	59.4119
2252.79	9.84204
2251.2	44.2661
2249.61	15.6851
2248.02	-12.8999
2246.43	-12.4919
2244.84	38.9116
2243.25	0.310791
2241.66	1.70264
2240.07	-3.90869
2238.47	28.4758
2236.88	7.85449
2235.29	1.22803
2233.69	-20.4021
2232.1	38.9619
2230.5	23.323
2228.91	27.6787
2227.31	46.0308
2225.72	9.37817
2224.12	9.72217
2222.53	8.06104
2220.93	82.3967
2219.33	21.7271
2217.73	39.0547
2216.14	-16.6213
2214.54	36.6982
2212.94	16.0146
2211.34	26.3284
2209.74	26.6375
2208.14	24.9438
2206.54	12.2451
2204.94	21.5452
2203.34	-17.1587
2201.74	67.1343
2200.13	-1.57544
2198.53	48.7126
2196.93	32.9961
2195.33	-19.7217
2193.72	66.5576
2192.12	-26.1672
2190.51	87.1064
2188.91	27.3792
2187.3	3.64746
2185.7	52.9133
2184.09	12.1785
2182.48	7.43921
2180.88	17.6997
2179.27	43.9578
2177.66	38.2134
2176.05	40.4673
2174.45	41.719
2172.84	18.9697
2171.23	48.2175
2169.62	21.4651
2168.01	8.71021
2166.4	45.9543
2164.79	-27.8032
2163.18	11.4373
2161.56	27.6765
2159.95	17.9155
2158.34	-1.84814
2156.73	45.3882
2155.11	15.623
2153.5	37.8574
2151.89	79.0901
2150.27	45.3215
2148.66	78.5537
2147.04	19.7837
2145.43	51.0139
2143.81	76.2432
2142.19	49.4717
2140.58	41.6992
2138.96	52.9263
2137.34	112.152
2135.72	31.3777
2134.1	57.6045
2132.48	89.8308
2130.86	92.0547
2129.25	127.28
2127.63	55.5061
2126	134.73
2124.38	90.9543
2122.76	96.1797
2121.14	9.40283
2119.52	57.6279
2117.9	107.853
2116.27	100.077
2114.65	88.3013
2113.03	127.526
2111.4	27.7515
2109.78	50.9758
2108.15	-10.7981
2106.53	51.428
2104.9	110.654
2103.27	60.8799
2101.65	7.1062
2100.02	50.333
2098.39	13.5608
2096.77	58.7896
2095.14	-13.9836
2093.51	37.2454
2091.88	13.4744
2090.25	68.7036
2088.62	-30.0654
2086.99	75.1643
2085.36	33.3962
2083.73	29.6267
2082.1	34.8589
2080.46	86.0918
2078.83	74.325
2077.2	69.5576
2075.57	117.793
2073.93	99.0266
2072.3	86.2629
2070.66	68.4988
2069.03	74.7356
2067.4	162.972
2065.76	79.209
2064.12	117.446
2062.49	114.685
2060.85	73.9231
2059.21	28.1628
2057.58	74.4028
2055.94	65.6423
2054.3	41.8828
2052.66	4.12329
2051.02	99.3652
2049.38	8.60547
2047.74	-18.1521
2046.1	-15.9097
2044.46	49.3325
2042.82	13.575
2041.18	-8.18286
2039.53	-2.94067
2037.89	2.30273
2036.25	-9.45532
2034.61	-39.2122
2032.96	62.0308
2031.32	39.2734
2029.67	9.51587
2028.03	9.75928
2026.38	-2.99927
2024.74	54.2434
2023.09	6.48364
2021.44	23.7251
2019.8	-22.0342
2018.15	0.205811
2016.5	60.4465
2014.85	10.6851
2013.21	-20.0762
2011.56	-4.83984
2009.91	2.39746
2008.26	6.63306
2006.61	43.8677
2004.96	112.103
2003.3	-21.6653
2001.65	-0.434814
2000	33.7957
1998.35	13.0247
1996.7	15.252
1995.04	64.4775
1993.39	60.7014
1991.74	-6.07544
1990.08	-53.8557
1988.43	-2.63672
1986.77	-22.4197
1985.12	-72.2068
1983.46	-26.9946
1981.8	43.2166
1980.15	14.4233
1978.49	54.6277
1976.83	-44.1694
1975.17	-6.96973
1973.51	-3.77271
1971.86	53.4209
1970.2	23.6113
1968.54	0.79834
1966.88	18.9832
1965.22	1.16333
1963.55	-12.6594
1961.89	-81.4856
1960.23	-16.3159
1958.57	-25.1506
1956.91	-29.9895
1955.24	-0.830811
1953.58	-1.67896
1951.92	65.4702
1950.25	14.6145
1948.59	0.753906
1946.92	8.88794
1945.26	7.01855
1943.59	12.1421
1941.92	-26.7383
1940.26	26.374
1938.59	-107.518
1936.92	-0.415771
1935.25	13.6802
1933.59	-3.22876
1931.92	14.8542
1930.25	55.9307
1928.58	0.00219727
1926.91	69.0669
1925.24	60.124
1923.57	69.1741
1921.9	-39.7832
1920.22	-5.74658
1918.55	24.281
1916.88	58.302
1915.21	0.314453
1913.53	-5.68066
1911.86	-38.6848
1910.18	82.3027
1908.51	51.2832
1906.83	44.2527
1905.16	79.2148
1903.48	88.1675
1901.81	107.111
1900.13	109.044
1898.45	109.968
1896.78	-9.11719
1895.1	43.7861
1893.42	68.6802
1891.74	-2.43604
1890.06	0.436768
1888.38	102.298
1886.7	33.1484
1885.02	28.9893
1883.34	11.8164
1881.66	-31.3665
1879.98	55.4385
1878.3	51.2312
1876.61	19.0112
1874.93	25.7791
1873.25	26.5352
1871.56	123.277
1869.88	23.0068
1868.19	74.7231
1866.51	60.426
1864.82	20.1147
1863.14	64.7896
1861.45	40.4514
1859.76	-33.9028
1858.08	-67.2703
1856.39	58.3474
1854.7	47.95
1853.01	-12.4631
1851.32	18.1101
1849.63	-12.3342
1847.95	32.2068
1846.25	72.73
1844.56	-1.76196
1842.87	14.7297
1841.18	17.2063
1839.49	65.6636
1837.8	63.1033
1836.11	15.5278
1834.41	35.9341
1832.72	76.322
1831.03	74.6921
1829.33	27.0435
1827.64	6.37769
1825.94	52.6914
1824.25	9.98755
1822.55	51.262
1820.85	22.5193
1819.16	-64.2415
1817.46	-57.0249
1815.76	-68.8279
1814.06	-30.6499
1812.36	-27.4951
1810.67	-5.35864
1808.97	55.7561
1807.27	38.8496
1805.57	-14.0769
1803.87	2.97266
1802.17	-34.9976
1800.46	-42.9927
1798.76	1.9917
1797.06	56.9534
1795.36	-7.10596
1793.65	-48.1909
1791.95	48.7007
1790.25	40.5706
1788.54	-8.58325
1786.84	27.2385
1785.13	-19.9644
1783.43	23.8083
1781.72	50.5559
1780.01	59.2805
1778.31	-11.0222
1776.6	14.6519
1774.89	37.2998
1773.18	77.9221
1771.47	141.518
1769.77	88.0894
1768.06	77.6323
1766.35	124.15
1764.64	69.6414
1762.92	89.1052
1761.21	47.5415
1759.5	44.95
1757.79	45.3328
1756.08	109.685
1754.36	126.011
1752.65	98.3091
1750.94	48.5781
1749.22	159.818
1747.51	171.031
1745.79	130.213
1744.08	105.367
1742.36	135.491
1740.65	165.586
1738.93	106.65
1737.21	118.684
1735.49	129.688
1733.78	143.663
1732.06	169.607
1730.34	128.517
1728.62	95.3984
1726.9	114.251
1725.18	154.069
1723.46	143.856
1721.74	189.613
1720.02	208.337
1718.3	100.03
1716.57	128.689
1714.85	122.316
1713.13	125.909
1711.41	76.4734
1709.68	99.0005
1707.96	83.4971
1706.23	94.96
1704.51	143.39
1702.78	199.788
1701.05	197.148
1699.33	148.478
1697.6	244.771
1695.87	271.031
1694.15	222.258
1692.42	117.449
1690.69	185.608
1688.96	185.729
1687.23	241.818
1685.5	175.871
1683.77	221.889
1682.04	321.871
1680.31	288.818
1678.58	360.728
1676.85	374.605
1675.11	371.447
1673.38	416.252
1671.65	410.021
1669.91	515.752
1668.18	605.448
1666.44	588.11
1664.71	632.732
1662.97	683.321
1661.24	622.872
1659.5	781.386
1657.76	780.863
1656.03	885.307
1654.29	864.709
1652.55	881.077
1650.81	960.408
1649.07	923.701
1647.33	947.957
1645.59	980.175
1643.85	1058.36
1642.11	1255.5
1640.37	1253.61
1638.63	1415.68
1636.89	1725.71
1635.15	2102.71
1633.4	2528.66
1631.66	3163.59
1629.92	4062.47
1628.17	4809.31
1626.43	5710.12
1624.68	6388.89
1622.94	6961.62
1621.19	7219.31
1619.45	6899.97
1617.7	6186.59
1615.95	5569.17
1614.21	4785.71
1612.46	3984.22
1610.71	3379.68
1608.96	2863.11
1607.21	2455.51
1605.46	2057.86
1603.71	1884.18
1601.96	1697.46
1600.21	1540.7
1598.46	1498.9
1596.71	1377.07
1594.95	1444.2
1593.2	1228.29
1591.45	1165.34
1589.7	1175.36
1587.94	1050.34
1586.19	1027.29
1584.43	902.193
1582.68	894.063
1580.92	850.895
1579.16	827.688
1577.41	813.445
1575.65	834.168
1573.89	738.854
1572.13	768.499
1570.38	628.111
1568.62	722.69
1566.86	616.228
1565.1	637.729
1563.34	613.198
1561.58	668.63
1559.82	617.026
1558.06	674.386
1556.29	692.709
1554.53	729
1552.77	676.252
1551.01	707.472
1549.24	688.657
1547.48	626.806
1545.71	761.92
1543.95	771.003
1542.18	701.047
1540.42	725.06
1538.65	807.039
1536.89	752.983
1535.12	686.893
1533.35	658.768
1531.58	733.615
1529.82	761.427
1528.05	743.202
1526.28	618.948
1524.51	739.665
1522.74	801.345
1520.97	885.992
1519.2	741.611
1517.42	868.198
1515.65	909.752
1513.88	1063.28
1512.11	1109.77
1510.33	1212.23
1508.56	1440.66
1506.79	1590.06
1505.01	1779.43
1503.24	1936.78
1501.46	2087.09
1499.69	2229.37
1497.91	2126.62
1496.13	2073.85
1494.36	1937.04
1492.58	1821.21
1490.8	1760.35
1489.02	1731.47
1487.24	1859.55
1485.46	1965.62
1483.68	1994.65
1481.9	2152.66
1480.12	2358.64
1478.34	2334.59
1476.56	2536.52
1474.78	2519.42
1473	2634.3
1471.21	2498.15
1469.43	2523.98
1467.65	2601.79
1465.86	2511.57
1464.08	2579.33
1462.29	2561.07
1460.51	2598.78
1458.72	2679.47
1456.93	2703.14
1455.15	2742.79
1453.36	2730.41
1451.57	2827.02
1449.79	2743.6
1448	2898.17
1446.21	2995.71
1444.42	2878.23
1442.63	2896.74
1440.84	2965.23
1439.05	2946.7
1437.26	2845.14
1435.46	2622.57
1433.67	2453.99
1431.88	2246.39
1430.09	2139.76
1428.29	2009.13
1426.5	1765.48
1424.71	1693.81
1422.91	1516.12
1421.12	1574.43
1419.32	1665.72
1417.52	1667.98
1415.73	1790.24
1413.93	1829.49
1412.13	2010.73
1410.34	2211.94
1408.54	2343.15
1406.74	2814.35
1404.94	3160.54
1403.14	3728.71
1401.34	4409.87
1399.54	5065.02
1397.74	5397.17
1395.94	5642.3
1394.14	5396.42
1392.33	5050.54
1390.53	4458.65
1388.73	3680.74
1386.92	3052.83
1385.12	2659.92
1383.32	2197
1381.51	1907.07
1379.7	1632.13
1377.9	1484.19
1376.09	1232.25
1374.29	1122.29
1372.48	1069.34
1370.67	1124.38
1368.86	950.416
1367.05	882.446
1365.25	955.479
1363.44	816.503
1361.63	800.529
1359.82	859.553
1358.01	747.579
1356.19	839.598
1354.38	900.621
1352.57	902.638
1350.76	867.658
1348.95	879.679
1347.13	953.7
1345.32	820.726
1343.5	927.747
1341.69	893.775
1339.87	951.804
1338.06	950.835
1336.24	1160.87
1334.43	1261.9
1332.61	1298.95
1330.79	1415.99
1328.97	1456.04
1327.16	1585.1
1325.34	1525.16
1323.52	1578.22
1321.7	1686.29
1319.88	1848.37
1318.06	1761.45
1316.24	1765.54
1314.41	1801.63
1312.59	1915.74
1310.77	2056.85
1308.95	2097.97
1307.12	2194.1
1305.3	2258.24
1303.48	2413.38
1301.65	2381.54
1299.83	2398.7
1298	2080.88
1296.18	1781.06
1294.35	1596.26
1292.52	1270.46
1290.69	1047.67
1288.87	912.903
1287.04	849.138
1285.21	792.389
1283.38	681.65
1281.55	554.923
1279.72	457.212
1277.89	403.509
1276.06	351.822
1274.23	318.147
1272.4	259.485
1270.57	330.835
1268.73	186.198
1266.9	136.579
1265.07	143.973
1263.23	152.38
1261.4	132.801
1259.56	36.2358
1257.73	111.684
1255.89	-11.8491
1254.06	16.6328
1252.22	-10.876
1250.38	-23.3662
1248.54	-52.8364
1246.71	-2.29639
1244.87	-15.7378
1243.03	-43.1685
1241.19	-93.5791
1239.35	-81.9751
1237.51	-64.3506
1235.67	-52.7158
1233.83	-72.061
1231.98	5.60449
1230.14	47.2896
1228.3	2.99072
1226.46	242.712
1224.61	319.444
1222.77	345.197
1220.92	443.96
1219.08	446.744
1217.23	368.544
1215.39	293.363
1213.54	227.193
1211.7	257.044
1209.85	134.91
1208	65.792
1206.15	80.6885
1204.3	98.6006
1202.45	121.528
1200.61	305.476
1198.76	323.438
1196.91	525.415
1195.05	634.407
1193.2	726.414
1191.35	1051.44
1189.5	1306.48
1187.65	1582.53
1185.79	1783.6
1183.94	1977.68
1182.09	2012.78
1180.23	2104.89
1178.38	1924.02
1176.52	1875.16
1174.67	1670.32
1172.81	1584.49
1170.95	1469.67
1169.1	1335.86
1167.24	1202.07
1165.38	1212.29
1163.52	1215.52
1161.66	1144.77
1159.8	1177.02
1157.94	1310.29
1156.08	1318.57
1154.22	1332.85
1152.36	1372.15
1150.5	1278.46
1148.64	1301.78
1146.77	1193.11
1144.91	1054.45
1143.05	950.79
1141.18	925.147
1139.32	827.507
1137.45	821.873
1135.59	667.25
1133.72	703.634
1131.86	654.022
1129.99	501.415
1128.12	435.811
1126.25	369.216
1124.39	315.621
1122.52	310.032
1120.65	298.445
1118.78	371.861
1116.91	439.282
1115.04	477.7
1113.17	445.121
1111.3	452.542
1109.42	443.963
1107.55	402.382
1105.68	343.803
1103.81	316.217
1101.93	-43.3677
1100.06	43.0435
1098.18	79.4492
1096.31	-135.149
1094.43	9.25
1092.56	-111.361
1090.68	-145.975
1088.8	-166.598
1086.93	-227.228
1085.05	-196.868
1083.17	-354.514
1081.29	-361.175
1079.41	-252.842
1077.53	-272.522
1075.65	-242.215
1073.77	-240.917
1071.89	-161.638
1070.01	-144.37
1068.13	-236.118
1066.24	-227.882
1064.36	-116.664
1062.48	-198.46
1060.59	48.7207
1058.71	256.886
1056.83	396.03
1054.94	850.152
1053.05	1449.25
1051.17	1963.33
1049.28	2504.39
1047.39	2910.42
1045.51	2883.43
1043.62	2529.41
1041.73	2117.36
1039.84	1816.29
1037.95	1139.18
1036.06	794.048
1034.17	423.89
1032.28	209.695
1030.39	61.4673
1028.5	-22.79
1026.61	2.9126
1024.71	6.58447
1022.82	-90.7803
1020.93	-56.1777
1019.03	-106.619
1017.14	0.905273
1015.24	-49.6162
1013.35	45.8257
1011.45	15.2256
1009.56	12.5864
1007.66	79.8984
1005.76	175.169
1003.86	76.3945
1001.97	127.572
1000.07	129.702
998.167	75.7813
996.268	90.8159
994.368	79.7993
992.466	150.726
990.565	-102.397
988.664	-77.5674
986.762	-101.8
984.86	23.918
982.957	-98.4219
981.053	214.175
979.15	16.7236
977.245	112.205
975.34	120.627
973.435	282.991
971.53	190.293
969.624	333.53
967.717	262.702
965.809	423.808
963.902	538.853
961.994	547.829
960.086	648.736
958.177	876.573
956.267	1038.34
954.357	1123.03
952.447	1364.66
950.536	1468.21
948.625	1448.69
946.713	1389.09
944.8	1284.42
942.888	945.672
940.974	872.841
939.061	829.937
937.147	642.951
935.233	670.891
933.317	596.742
931.402	578.517
929.485	600.2
927.569	744.805
925.652	605.323
923.735	640.763
921.817	646.107
919.899	623.369
917.98	600.542
916.061	688.625
914.141	648.617
912.22	709.517
910.3	728.331
908.378	687.045
906.456	747.672
904.534	747.203
902.612	709.646
900.689	632.984
898.766	718.233
896.841	734.377
894.916	740.429
892.991	687.382
891.066	934.241
889.14	912.993
887.214	1130.65
885.287	1169.21
883.36	1087.66
881.432	1077.01
879.504	931.262
877.575	725.402
875.646	786.446
873.716	864.385
871.786	786.216
869.855	944.941
867.924	1028.57
865.992	1004.08
864.06	934.487
862.128	945.788
860.194	835.98
858.261	789.071
856.327	649.045
854.393	320.915
852.458	217.676
850.522	215.324
848.586	65.8623
846.65	226.298
844.714	0.620117
842.776	25.8232
840.838	2.9209
838.901	-20.084
836.961	-67.2109
835.023	-46.4414
833.082	-101.795
831.142	-9.25195
829.202	7.17773
827.261	-82.498
825.319	-164.296
823.377	-218.197
821.434	-142.223
819.491	-110.352
817.548	-131.586
815.604	-76.9424
813.66	-198.403
811.715	-68.9863
809.769	-67.6748
807.823	-86.4746
805.878	43.6201
803.93	-137.406
801.983	-127.535
800.035	-163.787
798.087	-242.142
796.139	-86.5986
794.189	-44.1758
792.24	70.1445
790.289	112.345
788.339	158.443
786.387	380.433
784.436	620.321
782.484	1044.09
780.532	1435.76
778.578	1879.31
776.624	2442.77
774.671	2817.13
772.716	2817.37
770.762	2569.51
768.806	2205.54
766.85	1565.47
764.893	969.302
762.937	413.037
760.979	107.659
759.022	7.18945
757.064	-206.382
755.105	-219.055
753.145	-166.827
751.185	-81.6992
749.226	-66.6592
747.264	-37.7285
745.303	-77.8828
743.341	-130.134
741.38	111.531
739.417	-222.909
737.454	-117.433
735.49	-190.048
733.526	-214.755
731.562	-112.552
729.596	-152.438
727.631	27.5967
725.665	-177.456
723.699	-68.5938
721.732	-3.81836
719.764	-119.127
717.797	-45.5078
715.828	-214.981
713.859	-307.526
711.889	-314.15
709.919	-378.854
707.949	-345.624
705.978	-291.482
704.007	-218.405
702.035	-311.402
700.063	-370.473
698.091	-189.604
696.117	-261.817
694.143	-106.09
692.169	-242.431
690.194	-206.84
688.219	-124.315
686.244	-189.844
684.267	-43.4502
682.291	114.894
680.314	453.176
678.336	791.396
676.358	894.568
674.379	806.67
672.4	833.727
670.421	759.727
668.441	420.671
666.46	238.562
664.479	115.409
662.497	-68.8066
660.516	-94.0605
658.533	-187.366
656.55	-131.721
654.567	-65.1123
652.583	-145.563
650.598	-132.048
648.614	-142.579
646.628	25.8438
644.643	-86.7637
642.656	20.5723
640.669	95.8779
638.682	46.1416
636.694	112.363
634.706	106.544
632.717	45.6973
630.728	87.7988
628.738	240.873
626.748	239.908
624.757	358.904
622.766	447.875
620.774	382.795
618.782	609.689
616.789	792.546
614.796	698.364
612.802	936.146
610.808	959.901
608.814	936.619
606.818	842.285
604.822	866.926
602.827	1113.54
600.83	1179.1
598.833	1328.64
596.836	1683.13
594.838	1717.58
592.839	1591.99
590.84	1386.36
588.841	1336.69
586.84	1003.97
584.84	832.213
582.838	787.406
580.838	879.564
578.835	724.657
576.833	717.711
574.83	658.708
572.827	717.649
570.822	715.532
568.818	777.353
566.813	797.123
564.808	876.827
562.802	895.462
560.795	973.025
558.788	1045.51
556.781	1087.94
554.773	913.282
552.765	1133.54
550.756	1080.71
548.747	1107.79
546.737	1239.78
544.726	1303.67
542.716	1378.46
540.704	1422.14
538.692	1566.71
536.68	1727.17
534.667	1757.49
532.654	1664.7
530.64	1662.78
528.626	1901.71
526.611	2013.51
524.596	2217.14
522.58	2400.63
520.564	2580.95
518.547	3142.1
516.529	3728.07
514.512	4666.87
512.494	5350.46
510.476	6299.86
508.456	7227.04
506.436	8103.01
504.416	8379.74
502.395	8250.25
500.374	7601.52
498.353	6845.53
496.33	6043.27
494.307	5707.73
492.284	5378.92
490.261	5162.81
488.237	5110.39
486.212	5008.65
484.187	4935.57
482.161	4914.17
480.134	4939.39
478.108	4843.26
476.081	5314.74
474.054	5518.84
472.025	5877.51
469.997	6203.77
467.968	6859.59
465.938	7807.96
463.908	9116.85
461.877	10267.3
459.846	11990.2
457.814	13372.6
455.782	14696.4
453.75	16157.7
451.716	16974.5
449.683	17278.6
447.649	16486.2
445.614	14406.1
443.579	11812.3
441.543	9093.92
439.508	7046.84
437.47	5731.03
435.433	4694.5
433.396	3915.21
431.358	3631.17
429.319	3504.31
427.28	3112.64
425.241	2968.11
423.201	2611.72
421.16	2292.42
419.118	2081.19
417.077	2073.04
415.035	1955.9
412.993	1936.76
410.949	1644.58
408.905	1616.34
406.862	1599.03
404.816	1474.57
402.771	1390.98
400.727	1365.24
398.68	1155.25
396.633	912.009
394.586	840.519
392.539	590.713
390.491	559.561
388.442	309.02
386.393	325.094
384.344	413.715
382.293	202.807
380.242	78.4023
378.192	83.4668
376.14	240.889
374.088	109.703
372.035	25.8301
369.982	70.2324
367.928	88.8652
365.874	-94.3145
363.82	-58.3047
361.765	-117.193
359.709	-12.0215
357.653	-241.838
355.596	-250.688
353.539	-130.57
351.481	-286.627
349.423	-176.811
347.364	-21.2188
345.305	-51.8496
343.245	42.1465
341.185	116.818
339.125	27.0625
337.063	-21.168
335.001	80.0625
332.94	115.766
330.876	32.7676
328.813	116.129
326.749	342.734
324.685	338.527
322.621	450.514
320.555	468.504
318.489	530.568
316.423	630.584
314.356	933.484
312.29	779.277
310.221	961.764
308.153	1086.02
306.084	1353.91
304.015	1399.36
301.946	1674.39
299.875	1523.78
297.804	1894.6
295.733	2238.73
293.661	2537.07
291.588	2858.58
289.516	3351.25
287.443	3886.93
285.369	4438.54
283.295	5075.02
281.22	6058.29
279.144	7141.27
277.068	7767.97
274.992	9561.23
272.915	11325
270.837	13576.1
268.76	16185.7
266.681	19799.4
264.602	23841.3
262.523	28085.4
260.443	33077.5
258.362	38681.4
256.282	39353.3
254.2	39081.8
252.118	38805.1
250.036	38523
247.952	38235.3
245.869	37942.1
243.784	37643.1
241.7	37338.4
239.616	37027.9
237.53	36711.4
235.443	36388.8
233.357	36060.1
231.27	35725.2
229.182	35384
227.094	35036.4
225.005	34682.2
222.916	34321.5
220.827	33954
218.737	32162.8
216.646	30100.5
214.555	27885.5
212.462	25651.1
210.37	23840.7
208.278	21402.9
206.185	18918.9
204.091	16751.2
201.997	14887
199.902	12865.2
197.807	11301.4
195.711	9358.78
193.615	7373.29
191.517	5917.43
189.42	4640.55
187.322	3334.3
185.224	2488.61
183.125	1614.57
181.025	666.648
178.926	213.184
176.825	-309.156
174.724	-535.473
172.623	-739.625
170.521	-649.219
168.418	-283.852
166.315	47.1211
164.212	-60.4102
162.108	212.727
160.003	-227.121
157.898	38.4883
155.793	-130.809
153.686	-55.125
151.58	-227.277
149.473	-633.938
147.365	-623.629
145.257	-291.742
143.148	-678.387
141.039	-279.652
138.929	-130.324
136.819	139.195
134.709	565.785
132.597	895.371
130.485	1737.84
128.373	1875.46
126.26	1785.43
124.147	1800.36
122.033	2294.82
119.919	2282.08
117.804	2680.32
115.688	2833.2
113.573	3248.25
111.456	3107.41
109.339	2240.57
107.222	1362.07
105.103	471.023
102.985	-431.836
100.866	-1346.98
98.7467	-2274.05
96.6262	-3213.98
