3502.52	-19.2651
3501.25	-8.95532
3499.98	-16.6636
3498.71	-8.38757
3497.44	8.87024
3496.17	-15.8879
3494.9	-22.6643
3493.62	-1.45654
3492.35	0.73291
3491.08	-4.09473
3489.8	-9.93848
3488.53	-4.80029
3487.26	0.321655
3485.98	-7.57434
3484.71	-27.4873
3483.43	-4.41663
3482.16	-7.36377
3480.88	-8.32813
3479.6	-15.3092
3478.33	-1.30652
3477.05	-5.32166
3475.77	13.6462
3474.5	-8.40234
3473.22	-13.468
3471.94	-11.5503
3470.66	-9.64856
3469.38	-7.7644
3468.1	-5.89661
3466.82	5.95447
3465.54	-13.2106
3464.26	-5.39233
3462.98	-6.59033
3461.7	-4.80444
3460.42	-7.03491
3459.14	-0.281494
3457.86	-7.54407
3456.57	-27.8225
3455.29	2.88306
3454.01	-5.42761
3452.73	-11.7534
3451.44	2.90515
3450.16	4.5481
3448.87	6.17566
3447.59	8.78784
3446.3	-2.6156
3445.02	-7.03369
3443.73	-11.4669
3442.45	-6.91553
3441.16	-9.37854
3439.88	-2.85632
3438.59	9.65088
3437.3	-12.856
3436.01	-10.3774
3434.73	13.0865
3433.44	-9.46338
3432.15	12.9723
3430.86	-10.6057
3429.57	4.802
3428.28	9.19641
3426.99	-10.4233
3425.7	10.9437
3424.41	9.29712
3423.12	13.6375
3421.83	15.9644
3420.54	16.2781
3419.24	12.5792
3417.95	1.86719
3416.66	-1.85754
3415.37	15.4053
3414.07	-4.3446
3412.78	-10.1068
3411.48	-2.8811
3410.19	-2.66785
3408.9	-0.466431
3407.6	31.723
3406.31	-3.09937
3405.01	17.0667
3403.72	1.22107
3402.42	12.3641
3401.12	20.496
3399.82	6.61646
3398.53	2.72595
3397.23	6.82446
3395.93	-19.0878
3394.63	-3.01086
3393.33	12.0555
3392.04	18.1115
3390.74	18.1571
3389.44	9.19238
3388.14	9.21765
3386.84	14.2329
3385.53	43.2383
3384.23	17.2339
3382.93	5.21985
3381.63	1.19617
3380.33	25.1632
3379.03	22.1208
3377.72	25.0693
3376.42	23.0088
3375.12	2.93921
3373.81	2.86084
3372.51	22.7738
3371.2	32.678
3369.9	21.5737
3368.59	17.4611
3367.29	-6.65991
3365.98	37.2109
3364.68	14.0737
3363.37	21.9285
3362.06	29.7754
3360.76	31.6146
3359.45	25.446
3358.14	18.27
3356.83	36.0865
3355.52	29.8956
3354.22	12.6976
3352.91	23.4924
3351.6	9.28015
3350.29	16.0609
3348.98	20.8347
3347.67	14.6019
3346.36	13.3624
3345.04	18.1165
3343.73	-4.13611
3342.42	9.6051
3341.11	12.3398
3339.8	-3.9314
3338.48	-2.20886
3337.17	2.50757
3335.86	27.2181
3334.54	6.92297
3333.23	2.62195
3331.91	-4.68457
3330.6	5.00317
3329.28	27.6854
3327.97	-4.63782
3326.65	19.0337
3325.34	14.7002
3324.02	15.3611
3322.7	11.017
3321.38	18.6682
3320.07	0.314087
3318.75	3.95508
3317.43	-8.40833
3316.11	7.22314
3314.79	14.8503
3313.47	11.4727
3312.15	-20.9094
3310.83	-3.29614
3309.51	24.313
3308.19	3.91797
3306.87	-9.48169
3305.55	0.114746
3304.23	-1.29297
3302.9	0.294922
3301.58	-10.1208
3300.26	-29.5405
3298.94	-2.96411
3297.61	-5.39197
3296.29	7.17688
3294.96	-2.25806
3293.64	-22.6967
3292.31	-7.13879
3290.99	-0.584595
3289.66	-13.0338
3288.34	-1.48657
3287.01	-3.94263
3285.68	-4.4021
3284.36	-11.8649
3283.03	-24.3309
3281.7	-18.8003
3280.37	-0.272705
3279.05	7.25208
3277.72	1.77344
3276.39	-8.70837
3275.06	-20.1931
3273.73	-1.68042
3272.4	-6.17114
3271.07	9.33533
3269.74	-32.1606
3268.41	-4.65991
3267.08	-13.1615
3265.74	-9.66638
3264.41	-0.173462
3263.08	-1.68372
3261.75	-16.1963
3260.41	7.28821
3259.08	-1.22949
3257.75	11.2498
3256.41	2.72693
3255.08	-4.79846
3253.74	-3.32678
3252.41	-21.8572
3251.07	9.61011
3249.74	-14.9252
3248.4	-12.4629
3247.06	1.99658
3245.73	14.4543
3244.39	13.9095
3243.05	7.36243
3241.71	17.813
3240.37	27.2614
3239.04	6.70728
3237.7	14.151
3236.36	16.5925
3235.02	-1.96826
3233.68	0.46875
3232.34	9.90393
3231	11.3367
3229.66	11.7671
3228.31	0.19519
3226.97	3.6217
3225.63	22.0457
3224.29	2.46741
3222.94	3.88733
3221.6	2.30481
3220.26	15.7201
3218.91	18.1337
3217.57	2.5448
3216.23	-3.04578
3214.88	-20.639
3213.53	3.76611
3212.19	-4.83081
3210.84	28.5696
3209.5	-10.0316
3208.15	2.36523
3206.8	8.75928
3205.46	14.1517
3204.11	10.5421
3202.76	16.9304
3201.41	4.31665
3200.06	11.7001
3198.71	12.082
3197.36	-22.5381
3196.01	2.83948
3194.66	14.2151
3193.31	-4.4115
3191.96	-9.04028
3190.61	-2.67114
3189.26	-0.303711
3187.91	1.06116
3186.56	17.4237
3185.2	10.7843
3183.85	4.14246
3182.5	-7.50073
3181.14	-1.14685
3179.79	-4.79529
3178.44	-6.44519
3177.08	-4.0979
3175.73	23.2471
3174.37	-9.40955
3173.01	9.93091
3171.66	7.26978
3170.3	1.60632
3168.95	-7.05994
3167.59	-1.72791
3166.23	3.6012
3164.87	-0.0714111
3163.51	-0.746338
3162.16	-7.42371
3160.8	-1.10388
3159.44	-4.78601
3158.08	-3.47034
3156.72	1.84302
3155.36	12.1537
3154	-4.53784
3152.64	-7.23181
3151.28	7.07178
3149.91	15.3728
3148.55	14.6715
3147.19	3.96765
3145.83	-11.7386
3144.46	14.5526
3143.1	4.84131
3141.74	10.1279
3140.37	4.4115
3139.01	3.6925
3137.64	10.9717
3136.28	9.24744
3134.91	15.5208
3133.55	28.792
3132.18	0.0600586
3130.81	-4.67383
3129.45	3.58887
3128.08	-5.15039
3126.71	-0.893066
3125.34	-17.6377
3123.98	-0.385132
3122.61	18.8641
3121.24	8.11145
3119.87	14.3558
3118.5	-8.40259
3117.13	21.8364
3115.76	-16.9282
3114.39	3.30518
3113.02	17.5358
3111.64	15.7633
3110.27	2.98828
3108.9	-12.7898
3107.53	-7.57056
3106.15	1.64575
3104.78	-6.14014
3103.41	-4.92957
3102.03	-4.72205
3100.66	3.48279
3099.29	-12.3149
3097.91	6.88403
3096.53	17.0798
3095.16	-28.7266
3093.78	-3.5365
3092.41	-5.34949
3091.03	-12.1648
3089.65	6.01611
3088.27	-0.805176
3086.9	-18.6295
3085.52	11.5425
3084.14	9.71204
3082.76	-7.12134
3081.38	-0.958496
3080	7.2019
3078.62	0.359497
3077.24	6.51379
3075.86	7.66504
3074.48	4.81323
3073.1	-0.0423584
3071.72	12.0996
3070.33	11.2386
3068.95	13.3744
3067.57	-0.492188
3066.19	-7.36267
3064.8	5.76379
3063.42	-17.1128
3062.03	-9.99255
3060.65	-9.87488
3059.26	-7.76086
3057.88	2.34998
3056.49	14.4583
3055.11	17.5629
3053.72	-12.3357
3052.33	17.7633
3050.95	16.8584
3049.56	9.95105
3048.17	7.04053
3046.78	-13.8738
3045.4	6.20947
3044.01	9.28955
3042.62	-6.63416
3041.23	-22.5604
3039.84	-21.4896
3038.45	-5.42212
3037.06	-8.35779
3035.67	4.70349
3034.28	16.7616
3032.88	16.8168
3031.49	1.86841
3030.1	-12.0826
3028.71	-0.0371094
3027.31	6.00549
3025.92	-0.954956
3024.52	-22.9187
3023.13	8.11536
3021.74	9.14539
3020.34	0.172607
3018.95	-11.8026
3017.55	-3.78149
3016.16	-12.7629
3014.76	-26.7482
3013.36	2.26465
3011.96	34.2734
3010.57	-14.7202
3009.17	-29.7173
3007.77	9.28333
3006.37	7.28088
3004.97	14.2754
3003.57	35.2662
3002.17	5.25488
3000.77	36.2407
2999.37	25.2236
2997.97	12.2035
2996.57	24.1804
2995.17	70.1547
2993.77	39.1259
2992.37	53.0944
2990.97	40.0598
2989.56	50.0226
2988.16	53.9834
2986.76	51.9404
2985.35	54.8949
2983.95	43.8463
2982.54	83.796
2981.14	107.742
2979.73	85.6864
2978.33	104.627
2976.92	104.566
2975.51	102.501
2974.11	111.435
2972.7	104.366
2971.29	97.2932
2969.89	148.219
2968.48	111.142
2967.07	157.063
2965.66	156.981
2964.25	156.896
2962.84	185.81
2961.43	162.72
2960.02	198.628
2958.61	206.535
2957.2	223.438
2955.79	207.339
2954.38	209.238
2952.96	243.135
2951.55	266.029
2950.14	221.922
2948.73	241.812
2947.31	243.699
2945.9	262.585
2944.48	265.469
2943.07	314.35
2941.65	314.229
2940.24	264.107
2938.82	328.982
2937.41	285.856
2935.99	359.727
2934.57	317.596
2933.16	379.464
2931.74	375.329
2930.32	345.193
2928.9	394.055
2927.48	395.915
2926.06	418.773
2924.64	413.63
2923.22	398.484
2921.8	406.338
2920.38	412.19
2918.96	377.039
2917.54	393.888
2916.12	409.734
2914.7	417.579
2913.28	441.423
2911.85	413.265
2910.43	445.106
2909.01	470.945
2907.58	397.783
2906.16	467.62
2904.74	452.455
2903.31	492.289
2901.88	452.121
2900.46	430.953
2899.03	411.784
2897.61	413.612
2896.18	474.44
2894.75	472.267
2893.33	465.093
2891.9	448.918
2890.47	436.741
2889.04	426.564
2887.61	473.386
2886.18	451.206
2884.75	454.027
2883.32	467.846
2881.89	429.664
2880.46	442.482
2879.03	423.298
2877.6	418.114
2876.17	413.93
2874.74	438.744
2873.3	456.558
2871.87	436.372
2870.44	445.185
2869.01	433.997
2867.57	429.809
2866.14	452.621
2864.7	429.432
2863.27	463.242
2861.83	433.052
2860.4	422.862
2858.96	383.672
2857.52	433.481
2856.09	389.29
2854.65	330.099
2853.21	349.908
2851.77	371.717
2850.34	294.525
2848.9	251.333
2847.46	257.142
2846.02	260.95
2844.58	228.759
2843.14	187.568
2841.7	163.376
2840.26	178.184
2838.82	128.993
2837.37	108.802
2835.93	105.611
2834.49	70.4203
2833.05	81.2302
2831.6	56.0397
2830.16	67.8501
2828.72	65.6606
2827.27	57.4716
2825.83	40.283
2824.38	65.0947
2822.94	31.9067
2821.49	40.7194
2820.05	49.5331
2818.6	58.3466
2817.15	8.16113
2815.71	8.97595
2814.26	28.7915
2812.81	34.6079
2811.36	10.425
2809.91	33.2427
2808.47	9.06104
2807.02	3.88013
2805.57	36.7006
2804.12	-6.47876
2802.67	58.3425
2801.22	20.1654
2799.76	20.989
2798.31	8.81299
2796.86	32.6383
2795.41	-13.5353
2793.96	50.292
2792.5	14.1201
2791.05	5.94922
2789.6	2.78015
2788.14	9.61133
2786.69	30.4441
2785.23	14.2776
2783.78	-14.8875
2782.32	2.94849
2780.86	33.7855
2779.41	21.6239
2777.95	-14.5365
2776.5	50.3048
2775.04	48.1469
2773.58	20.9902
2772.12	0.835327
2770.66	53.681
2769.2	39.5286
2767.74	30.3771
2766.29	6.22742
2764.83	19.0791
2763.36	42.932
2761.9	43.7865
2760.44	40.6423
2758.98	43.4995
2757.52	17.3585
2756.06	25.2186
2754.59	43.0806
2753.13	52.9436
2751.67	47.8086
2750.2	55.675
2748.74	51.543
2747.28	17.4125
2745.81	62.2836
2744.35	55.1561
2742.88	80.0305
2741.41	35.9064
2739.95	41.7841
2738.48	37.663
2737.01	55.5437
2735.55	57.4263
2734.08	67.3104
2732.61	35.1963
2731.14	69.0835
2729.67	40.9725
2728.2	31.8632
2726.73	61.7554
2725.26	59.6498
2723.79	31.5454
2722.32	11.443
2720.85	44.3424
2719.38	54.2434
2717.91	51.1461
2716.44	32.0504
2714.96	15.9565
2713.49	45.8643
2712.02	27.7739
2710.54	39.6849
2709.07	9.59778
2707.59	5.51257
2706.12	11.4292
2704.64	10.3473
2703.17	-12.7328
2701.69	42.1887
2700.22	-10.8879
2698.74	26.0367
2697.26	12.9634
2695.78	-1.10815
2694.31	17.8219
2692.83	-9.24622
2691.35	-19.3126
2689.87	11.6224
2688.39	9.55884
2686.91	2.49731
2685.43	20.4379
2683.95	-8.62048
2682.47	6.32275
2680.99	22.2679
2679.51	-17.7855
2678.03	-0.837036
2676.54	-15.8876
2675.06	7.06396
2673.58	-1.98303
2672.09	5.97168
2670.61	-2.07214
2669.13	9.88586
2667.64	0.844849
2666.16	-20.1946
2664.67	-37.2322
2663.18	6.73132
2661.7	-4.30334
2660.21	-19.3365
2658.72	33.6316
2657.24	-15.3989
2655.75	-11.4281
2654.26	-27.4558
2652.77	8.51819
2651.28	-7.50696
2649.8	1.4696
2648.31	20.4471
2646.82	-1.57373
2645.33	-8.59351
2643.84	11.3879
2642.34	-6.62915
2640.85	-1.64539
2639.36	26.3396
2637.87	-7.67371
2636.38	-17.6865
2634.88	10.3024
2633.39	-5.70825
2631.9	-5.71729
2630.4	-1.72559
2628.91	-32.7327
2627.41	-19.7389
2625.92	8.25598
2624.42	-10.7479
2622.93	13.2485
2621.43	-18.7537
2619.93	-0.755371
2618.44	8.2439
2616.94	-7.75586
2615.44	14.245
2613.94	29.2468
2612.44	24.249
2610.95	2.25208
2609.45	9.25574
2607.95	-3.73975
2606.45	11.265
2604.95	38.2708
2603.44	-17.723
2601.94	3.28381
2600.44	2.29077
2598.94	-18.7015
2597.44	-33.6936
2595.93	10.3146
2594.43	-1.67651
2592.93	7.3324
2591.42	2.34192
2589.92	34.3511
2588.42	-14.639
2586.91	-30.6289
2585.4	-2.61902
2583.9	4.39124
2582.39	-8.59863
2580.89	-11.588
2579.38	10.4222
2577.87	-0.567261
2576.36	14.4427
2574.86	-2.54712
2573.35	47.4629
2571.84	-25.5272
2570.33	14.4823
2568.82	-24.5084
2567.31	-1.49915
2565.8	-11.4905
2564.29	7.51794
2562.78	-14.4744
2561.27	23.5331
2559.75	-1.45984
2558.24	12.5468
2556.73	29.5526
2555.22	22.5577
2553.7	-7.43762
2552.19	-0.433472
2550.68	-13.4304
2549.16	26.5721
2547.65	-43.426
2546.13	-1.42554
2544.61	27.5745
2543.1	16.5734
2541.58	-23.4287
2540.07	10.5686
2538.55	13.5645
2537.03	11.5596
2535.51	-10.4469
2533.99	0.545654
2532.48	-12.4629
2530.96	-7.47278
2529.44	-31.484
2527.92	-0.496582
2526.4	-1.51074
2524.88	13.4739
2523.36	7.45715
2521.83	4.4386
2520.31	29.4188
2518.79	6.39746
2517.27	-36.6256
2515.74	2.34961
2514.22	-35.677
2512.7	6.29456
2511.17	-33.7357
2509.65	24.2325
2508.12	-0.801392
2506.6	-22.8372
2505.07	18.1254
2503.55	-4.91443
2502.02	6.04382
2500.49	12.9999
2498.97	40.9537
2497.44	-5.09412
2495.91	-19.1448
2494.38	-16.1973
2492.85	36.7474
2491.32	8.69019
2489.8	-1.36938
2488.27	15.5684
2486.74	8.50378
2485.2	-33.5635
2483.67	-18.6328
2482.14	10.2948
2480.61	-3.78003
2479.08	18.1422
2477.55	-31.938
2476.01	16.979
2474.48	-11.1068
2472.95	13.8046
2471.41	-18.2866
2469.88	-5.3811
2468.34	12.5214
2466.81	-2.57886
2465.27	31.318
2463.74	5.21167
2462.2	35.1022
2460.66	12.9896
2459.12	-25.1263
2457.59	21.7545
2456.05	21.6322
2454.51	8.50684
2452.97	-3.62195
2451.43	-30.7544
2449.89	6.11023
2448.35	0.971069
2446.81	-42.1714
2445.27	3.6825
2443.73	-28.4667
2442.19	-2.62
2440.65	14.2235
2439.11	6.06287
2437.56	1.89917
2436.02	33.7316
2434.48	13.5602
2432.93	-8.61511
2431.39	-6.79407
2429.84	-27.9766
2428.3	-20.1635
2426.75	24.6462
2425.21	21.452
2423.66	41.2532
2422.12	6.05078
2420.57	7.84436
2419.02	-2.36548
2417.47	-2.58008
2415.93	10.201
2414.38	-16.0214
2412.83	-21.2485
2411.28	-3.47949
2409.73	-13.7146
2408.18	-7.95386
2406.63	-4.19763
2405.08	2.5542
2403.53	-24.6976
2401.98	9.04553
2400.42	25.7849
2398.87	8.51904
2397.32	43.2496
2395.77	-21.0244
2394.21	47.6969
2392.66	-6.58618
2391.1	18.1268
2389.55	2.83472
2387.99	-6.46155
2386.44	15.2371
2384.88	-16.0684
2383.33	21.6216
2381.77	3.30676
2380.21	33.9874
2378.66	-14.3365
2377.1	-24.6654
2375.54	-1.99841
2373.98	-0.336548
2372.42	-29.6791
2370.86	7.97363
2369.3	-28.3783
2367.74	-17.7351
2366.18	-5.09668
2364.62	3.53699
2363.06	-8.83374
2361.5	-13.2097
2359.94	-8.59021
2358.37	19.0247
2356.81	-13.3654
2355.25	29.2399
2353.68	-35.1602
2352.12	30.4352
2350.56	-10.9738
2348.99	-3.38831
2347.43	15.1929
2345.86	7.76855
2344.29	8.33997
2342.73	-17.0936
2341.16	-6.5321
2339.59	2.02515
2338.03	-26.4231
2336.46	35.1237
2334.89	3.66602
2333.32	10.2035
2331.75	31.7361
2330.18	15.2632
2328.61	44.7865
2327.04	8.3042
2325.47	22.8173
2323.9	5.32581
2322.33	47.8287
2320.76	24.3276
2319.18	30.8214
2317.61	47.3098
2316.04	61.7944
2314.47	-11.7262
2312.89	25.748
2311.32	38.2175
2309.74	43.6827
2308.17	18.1432
2306.59	14.5981
2305.02	-2.95117
2303.44	-15.5051
2301.86	25.9358
2300.29	28.3729
2298.71	39.8046
2297.13	24.2319
2295.55	49.6541
2293.97	19.0721
2292.4	61.4852
2290.82	28.8938
2289.24	38.2979
2287.66	29.697
2286.08	10.0922
2284.49	40.4822
2282.91	44.8683
2281.33	33.2495
2279.75	15.6265
2278.17	2.99878
2276.58	43.3667
2275	16.73
2273.42	10.0889
2271.83	36.4437
2270.25	9.79431
2268.66	9.13989
2267.08	-11.5183
2265.49	54.819
2263.91	37.1521
2262.32	14.4818
2260.73	-0.193726
2259.14	32.1272
2257.56	48.4432
2255.97	48.7559
2254.38	23.0643
2252.79	48.3687
2251.2	41.6686
2249.61	42.9647
2248.02	44.2577
2246.43	38.5457
2244.84	0.830322
2243.25	42.1112
2241.66	60.3875
2240.07	1.66052
2238.47	21.9304
2236.88	38.1958
2235.29	-3.54248
2233.69	40.7159
2232.1	17.9702
2230.5	31.2216
2228.91	6.46899
2227.31	24.7131
2225.72	9.95374
2224.12	-5.80859
2222.53	65.4249
2220.93	48.6556
2219.33	12.8823
2217.73	52.1062
2216.14	7.32715
2214.54	52.5444
2212.94	-7.24121
2211.34	21.9705
2209.74	27.1785
2208.14	-0.616089
2206.54	53.5854
2204.94	30.7852
2203.34	5.98145
2201.74	14.1749
2200.13	15.3657
2198.53	21.5542
2196.93	60.7391
2195.33	-10.078
2193.72	11.1023
2192.12	30.2793
2190.51	12.4542
2188.91	69.6273
2187.3	42.7971
2185.7	34.9645
2184.09	21.1302
2182.48	39.2927
2180.88	57.4537
2179.27	44.6124
2177.66	55.7689
2176.05	23.9231
2174.45	22.0752
2172.84	48.2257
2171.23	31.3737
2169.62	23.5204
2168.01	34.6649
2166.4	30.8077
2164.79	4.94885
2163.18	0.0877686
2161.56	11.2251
2159.95	37.3615
2158.34	-1.50452
2156.73	30.6284
2155.11	43.7599
2153.5	29.89
2151.89	10.0184
2150.27	6.14539
2148.66	11.2719
2147.04	28.3965
2145.43	28.5204
2143.81	19.6429
2142.19	-5.2356
2140.58	2.88477
2138.96	46.004
2137.34	29.1219
2135.72	18.2393
2134.1	58.3564
2132.48	69.4727
2130.86	22.5873
2129.25	22.7017
2127.63	26.8164
2126	55.9293
2124.38	62.042
2122.76	26.1545
2121.14	25.2656
2119.52	6.37744
2117.9	31.4885
2116.27	65.5991
2114.65	4.70947
2113.03	21.8195
2111.4	36.9301
2109.78	43.0396
2108.15	35.1497
2106.53	27.2598
2104.9	65.3698
2103.27	23.4794
2101.65	53.5894
2100.02	76.6993
2098.39	-4.19006
2096.77	33.921
2095.14	-3.96887
2093.51	18.1426
2091.88	-2.74597
2090.25	-6.63416
2088.62	1.47876
2086.99	43.5913
2085.36	29.7051
2083.73	74.8185
2082.1	5.93323
2080.46	75.0486
2078.83	11.1644
2077.2	37.2808
2075.57	42.3988
2073.93	37.5164
2072.3	28.6359
2070.66	37.7559
2069.03	51.877
2067.4	19.9985
2065.76	44.1211
2064.12	23.2445
2062.49	50.3698
2060.85	8.49512
2059.21	31.6223
2057.58	14.7506
2055.94	29.8796
2054.3	-13.9899
2052.66	50.1417
2051.02	-4.7251
2049.38	39.4086
2047.74	48.5444
2046.1	-14.3185
2044.46	20.8197
2042.82	-16.0408
2041.18	-12.9
2039.53	3.24219
2037.89	-3.61365
2036.25	-8.46863
2034.61	15.6783
2032.96	26.8268
2031.32	-4.02332
2029.67	-44.8721
2028.03	-25.7185
2026.38	3.43579
2024.74	15.5923
2023.09	33.7496
2021.44	7.90918
2019.8	11.0703
2018.15	14.2329
2016.5	-6.60205
2014.85	-12.4363
2013.21	-2.26807
2011.56	18.9009
2009.91	-10.9277
2008.26	-13.7549
2006.61	4.41968
2004.96	10.5967
2003.3	-38.2256
2001.65	-2.04614
2000	-7.86426
1998.35	-9.68091
1996.7	-9.49585
1995.04	-13.3091
1993.39	-2.12085
1991.74	18.0698
1990.08	-41.7385
1988.43	-4.54468
1986.77	46.6509
1985.12	3.84717
1983.46	25.0457
1981.8	48.2466
1980.15	-0.551514
1978.49	36.6519
1976.83	21.8574
1975.17	12.0645
1973.51	6.27295
1971.86	5.48315
1970.2	-31.3052
1968.54	34.9077
1966.88	-18.877
1965.22	-22.6611
1963.55	-0.443115
1961.89	-21.2239
1960.23	-19.0032
1958.57	29.2188
1956.91	0.442139
1955.24	10.6675
1953.58	-19.1069
1951.92	11.1206
1950.25	-5.65039
1948.59	-0.42041
1946.92	-12.1895
1945.26	-7.95679
1943.59	42.2764
1941.92	6.51123
1940.26	8.74609
1938.59	-2.01733
1936.92	5.22021
1935.25	19.4585
1933.59	-27.3018
1931.92	-25.062
1930.25	-3.82178
1928.58	3.41992
1926.91	-42.3376
1925.24	-25.0947
1923.57	35.1484
1921.9	15.3921
1920.22	23.637
1918.55	25.8813
1916.88	10.1267
1915.21	-44.6279
1913.53	-35.3823
1911.86	23.8633
1910.18	-11.8911
1908.51	7.35522
1906.83	-9.39941
1905.16	-3.15356
1903.48	-2.90771
1901.81	16.3376
1900.13	-0.417725
1898.45	49.8267
1896.78	0.0712891
1895.1	11.3147
1893.42	66.5579
1891.74	-29.1997
1890.06	-6.95801
1888.38	47.2825
1886.7	10.522
1885.02	38.7612
1883.34	-8.00146
1881.66	20.2351
1879.98	30.4705
1878.3	39.7046
1876.61	6.93677
1874.93	10.1675
1873.25	13.3972
1871.56	5.62427
1869.88	15.8503
1868.19	-3.92578
1866.51	65.2961
1864.82	41.5159
1863.14	36.7332
1861.45	84.9487
1859.76	40.1614
1858.08	-11.6282
1856.39	-4.42017
1854.7	23.7849
1853.01	6.98706
1851.32	10.1868
1849.63	-32.6172
1847.95	-12.4236
1846.25	-7.23413
1844.56	-6.04761
1842.87	-17.8645
1841.18	-5.68433
1839.49	-4.50879
1837.8	58.6628
1836.11	40.8313
1834.41	45.9956
1832.72	5.15527
1831.03	-57.689
1829.33	33.4619
1827.64	-18.3909
1825.94	-33.2493
1824.25	13.8882
1822.55	21.0198
1820.85	-71.8528
1819.16	37.2703
1817.46	-13.6133
1815.76	1.49805
1814.06	-32.3958
1812.36	38.7039
1810.67	-22.2017
1808.97	21.887
1807.27	-8.03076
1805.57	-41.9539
1803.87	-52.8843
1802.17	27.1794
1800.46	-1.7644
1798.76	58.2859
1797.06	16.3291
1795.36	6.36597
1793.65	1.39453
1791.95	-16.584
1790.25	-21.5693
1788.54	56.4375
1786.84	26.4365
1785.13	-2.57251
1783.43	11.4104
1781.72	65.385
1780.01	15.3521
1778.31	7.30957
1776.6	28.2595
1774.89	24.2004
1773.18	26.1323
1771.47	14.0549
1769.77	64.9692
1768.06	59.8733
1766.35	38.7686
1764.64	34.6541
1762.92	101.53
1761.21	48.395
1759.5	48.2505
1757.79	47.0962
1756.08	75.9307
1754.36	37.7554
1752.65	56.5691
1750.94	75.3721
1749.22	53.1638
1747.51	80.9453
1745.79	54.7144
1744.08	116.473
1742.36	125.219
1740.65	76.9543
1738.93	75.6772
1737.21	119.388
1735.49	139.086
1733.78	25.7729
1732.06	150.447
1730.34	113.107
1728.62	81.7556
1726.9	112.392
1725.18	10.0139
1723.46	123.623
1721.74	89.2185
1720.02	102.801
1718.3	106.369
1716.57	113.924
1714.85	91.4639
1713.13	46.9895
1711.41	92.5022
1709.68	150.999
1707.96	51.4819
1706.23	96.9502
1704.51	145.403
1702.78	80.842
1701.05	109.264
1699.33	93.6724
1697.6	115.064
1695.87	182.44
1694.15	110.801
1692.42	137.145
1690.69	142.475
1688.96	219.786
1687.23	142.083
1685.5	146.363
1683.77	168.625
1682.04	173.871
1680.31	221.1
1678.58	224.312
1676.85	193.507
1675.11	286.685
1673.38	249.845
1671.65	243.987
1669.91	262.111
1668.18	291.218
1666.44	302.307
1664.71	338.377
1662.97	290.429
1661.24	315.463
1659.5	374.478
1657.76	438.474
1656.03	421.453
1654.29	497.411
1652.55	496.352
1650.81	474.272
1649.07	481.174
1647.33	519.056
1645.59	534.918
1643.85	532.761
1642.11	550.584
1640.37	602.387
1638.63	743.171
1636.89	765.934
1635.15	914.678
1633.4	1132.4
1631.66	1366.1
1629.92	1720.78
1628.17	2092.45
1626.43	2317.09
1624.68	2668.71
1622.94	2807.31
1621.19	2856.88
1619.45	2747.44
1617.7	2489.98
1615.95	2215.49
1614.21	1956.98
1612.46	1714.46
1610.71	1393.91
1608.96	1221.33
1607.21	1063.74
1605.46	901.127
1603.71	779.49
1601.96	705.831
1600.21	751.15
1598.46	678.448
1596.71	609.722
1594.95	642.976
1593.2	682.207
1591.45	600.415
1589.7	538.602
1587.94	537.765
1586.19	462.907
1584.43	516.026
1582.68	443.123
1580.92	466.197
1579.16	442.247
1577.41	452.275
1575.65	405.281
1573.89	406.264
1572.13	454.223
1570.38	410.16
1568.62	381.076
1566.86	354.966
1565.1	421.834
1563.34	349.68
1561.58	315.503
1559.82	346.303
1558.06	353.079
1556.29	366.832
1554.53	340.564
1552.77	393.27
1551.01	355.956
1549.24	381.617
1547.48	388.256
1545.71	326.871
1543.95	436.465
1542.18	380.033
1540.42	374.581
1538.65	369.105
1536.89	416.606
1535.12	371.083
1533.35	424.537
1531.58	374.971
1529.82	346.381
1528.05	359.766
1526.28	448.13
1524.51	428.472
1522.74	431.791
1520.97	417.085
1519.2	449.36
1517.42	532.611
1515.65	610.839
1513.88	578.045
1512.11	616.228
1510.33	655.389
1508.56	688.529
1506.79	739.646
1505.01	806.742
1503.24	938.815
1501.46	911.865
1499.69	993.894
1497.91	1008.9
1496.13	887.887
1494.36	859.851
1492.58	847.794
1490.8	787.716
1489.02	838.617
1487.24	793.496
1485.46	943.354
1483.68	888.192
1481.9	1004.01
1480.12	1000.8
1478.34	1063.58
1476.56	1105.33
1474.78	1059.07
1473	1088.78
1471.21	1182.48
1469.43	1151.15
1467.65	1156.8
1465.86	1123.44
1464.08	1109.05
1462.29	1117.65
1460.51	1203.23
1458.72	1222.79
1456.93	1255.32
1455.15	1269.85
1453.36	1201.35
1451.57	1240.83
1449.79	1230.29
1448	1287.74
1446.21	1266.17
1444.42	1266.58
1442.63	1359.98
1440.84	1349.35
1439.05	1297.71
1437.26	1276.06
1435.46	1241.38
1433.67	1132.69
1431.88	1048.98
1430.09	982.258
1428.29	928.519
1426.5	865.764
1424.71	794.993
1422.91	716.206
1421.12	749.406
1419.32	713.591
1417.52	787.758
1415.73	786.914
1413.93	843.054
1412.13	806.182
1410.34	977.294
1408.54	999.395
1406.74	1248.48
1404.94	1369.55
1403.14	1681.61
1401.34	1820.66
1399.54	2050.7
1397.74	2201.72
1395.94	2225.73
1394.14	2096.73
1392.33	1896.72
1390.53	1806.7
1388.73	1533.66
1386.92	1370.62
1385.12	1008.57
1383.32	1005.5
1381.51	893.43
1379.7	756.346
1377.9	697.252
1376.09	603.152
1374.29	533.043
1372.48	463.925
1370.67	489.798
1368.86	501.664
1367.05	461.521
1365.25	433.373
1363.44	429.215
1361.63	429.052
1359.82	433.883
1358.01	428.71
1356.19	427.528
1354.38	490.343
1352.57	371.15
1350.76	430.953
1348.95	402.752
1347.13	377.546
1345.32	455.338
1343.5	431.123
1341.69	483.907
1339.87	422.688
1338.06	468.465
1336.24	540.24
1334.43	561.011
1332.61	606.783
1330.79	596.553
1328.97	728.321
1327.16	673.087
1325.34	716.853
1323.52	714.617
1321.7	824.385
1319.88	751.148
1318.06	803.915
1316.24	836.682
1314.41	894.45
1312.59	860.221
1310.77	906.991
1308.95	897.766
1307.12	955.542
1305.3	939.32
1303.48	1017.1
1301.65	1006.89
1299.83	957.675
1298	817.468
1296.18	768.262
1294.35	698.065
1292.52	555.871
1290.69	463.68
1288.87	460.498
1287.04	395.318
1285.21	339.146
1283.38	330.98
1281.55	235.821
1279.72	232.67
1277.89	233.523
1276.06	158.386
1274.23	115.257
1272.4	118.135
1270.57	56.0205
1268.73	88.9143
1266.9	66.8193
1265.07	53.7329
1263.23	54.6555
1261.4	-15.4126
1259.56	-8.47095
1257.73	11.4802
1255.89	24.4438
1254.06	-38.5818
1252.22	57.4006
1250.38	-3.60376
1248.54	-12.5942
1246.71	-7.57593
1244.87	22.4563
1243.03	7.4978
1241.19	-50.4456
1239.35	26.623
1237.51	15.707
1235.67	-4.19873
1233.83	-8.08911
1231.98	70.0315
1230.14	33.168
1228.3	47.3184
1226.46	2.48511
1224.61	91.6636
1222.77	145.859
1220.92	60.0664
1219.08	42.291
1217.23	187.531
1215.39	16.7883
1213.54	77.0583
1211.7	79.3469
1209.85	11.6506
1208	31.9707
1206.15	65.3064
1204.3	20.6584
1202.45	85.0271
1200.61	100.415
1198.76	101.819
1196.91	192.24
1195.05	240.678
1193.2	278.134
1191.35	261.608
1189.5	421.098
1187.65	505.608
1185.79	679.135
1183.94	767.68
1182.09	838.246
1180.23	781.826
1178.38	691.427
1176.52	677.047
1174.67	626.684
1172.81	515.34
1170.95	501.013
1169.1	404.708
1167.24	475.421
1165.38	389.152
1163.52	446.902
1161.66	413.671
1159.8	438.458
1157.94	523.265
1156.08	552.092
1154.22	461.935
1152.36	490.798
1150.5	498.682
1148.64	484.583
1146.77	350.504
1144.91	363.444
1143.05	261.4
1141.18	318.379
1139.32	365.374
1137.45	285.387
1135.59	223.421
1133.72	242.474
1131.86	206.544
1129.99	161.632
1128.12	162.737
1126.25	87.863
1124.39	119.005
1122.52	52.1655
1120.65	135.344
1118.78	171.54
1116.91	115.754
1115.04	144.984
1113.17	149.233
1111.3	168.498
1109.42	46.7798
1107.55	30.0774
1105.68	108.394
1103.81	90.7236
1101.93	-69.929
1100.06	-51.5657
1098.18	-42.1877
1096.31	-58.7944
1094.43	-132.385
1092.56	-92.9624
1090.68	-113.524
1088.8	-99.0718
1086.93	-169.606
1085.05	-131.126
1083.17	-199.632
1081.29	-180.127
1079.41	-134.607
1077.53	-150.076
1075.65	-91.5327
1073.77	-181.977
1071.89	-130.411
1070.01	-195.832
1068.13	-115.244
1066.24	-98.645
1064.36	-38.0366
1062.48	-114.417
1060.59	13.2085
1058.71	24.8447
1056.83	195.489
1054.94	347.141
1053.05	628.799
1051.17	854.466
1049.28	1158.14
1047.39	1187.82
1045.51	1141.5
1043.62	1072.19
1041.73	902.883
1039.84	616.582
1037.95	369.284
1036.06	189.987
1034.17	176.696
1032.28	108.404
1030.39	57.1138
1028.5	30.8257
1026.61	-110.464
1024.71	-5.75293
1022.82	-38.043
1020.93	-105.333
1019.03	-8.62646
1017.14	-67.9214
1015.24	-45.2217
1013.35	22.4756
1011.45	72.168
1009.56	-5.14307
1007.66	50.5381
1005.76	62.2144
1003.86	69.8833
1001.97	2.54395
1000.07	57.1963
998.167	12.8394
996.268	-37.5259
994.368	-83.9019
992.466	-33.2915
990.565	-56.6909
988.664	-49.1011
986.762	-90.5269
984.86	-71.9653
982.957	55.5815
981.053	-42.8892
979.15	-33.3726
977.245	54.1245
975.34	104.604
973.435	80.0669
971.53	134.51
969.624	70.9331
967.717	112.335
965.809	171.715
963.902	149.075
961.994	307.411
960.086	323.723
958.177	366.011
956.267	409.272
954.357	455.507
952.447	635.716
950.536	541.898
948.625	620.05
946.713	501.173
944.8	448.265
942.888	477.328
940.974	420.356
939.061	324.353
937.147	272.316
935.233	359.248
933.317	295.14
931.402	251.999
929.485	125.818
927.569	282.602
925.652	255.346
923.735	183.053
921.817	182.717
919.899	252.341
917.98	325.924
916.061	275.463
914.141	288.958
912.22	317.408
910.3	233.815
908.378	299.173
906.456	311.485
904.534	304.75
902.612	317.968
900.689	337.134
898.766	321.251
896.841	412.314
894.916	317.327
892.991	359.287
891.066	425.196
889.14	444.047
887.214	572.845
885.287	513.586
883.36	491.27
881.432	492.896
879.504	401.465
877.575	435.973
875.646	361.422
873.716	350.81
871.786	346.136
869.855	372.399
867.924	398.602
865.992	473.736
864.06	418.809
862.128	416.816
860.194	349.756
858.261	359.632
856.327	289.437
854.393	88.1763
852.458	158.846
850.522	97.4453
848.586	38.9731
846.65	55.4336
844.714	10.8218
842.776	58.1333
840.838	77.3745
838.901	30.5454
836.961	12.6377
835.023	-44.3413
833.082	-20.4004
831.142	0.467285
829.202	1.25781
827.261	-64.0254
825.319	-5.39063
823.377	-61.8311
821.434	-75.355
819.491	-53.9546
817.548	-4.63086
815.604	-34.3916
813.66	-35.2305
811.715	21.8457
809.769	3.84277
807.823	29.7578
805.878	-4.40625
803.93	-43.6577
801.983	-63.9893
800.035	-67.4087
798.087	-47.9087
796.139	-81.4897
794.189	-52.1597
792.24	70.0894
790.289	17.248
788.339	20.3252
786.387	152.316
784.436	133.225
782.484	435.043
780.532	513.779
778.578	719.423
776.624	903.985
774.671	871.464
772.716	910.851
770.762	834.156
768.806	723.368
766.85	430.498
764.893	286.54
762.937	64.4995
760.979	-19.6338
759.022	-128.849
757.064	-67.1509
755.105	-105.541
753.145	-58.0181
751.185	-24.5815
749.226	84.7729
747.264	-71.9648
745.303	-57.7832
743.341	12.3125
741.38	-81.6733
739.417	-86.7495
737.454	-83.9063
735.49	2.85254
733.526	-52.4736
731.562	-111.884
729.596	-74.3789
727.631	4.04883
725.665	-22.6069
723.699	8.65479
721.732	14.8345
719.764	-47.0674
717.797	-113.044
715.828	-161.108
713.859	-154.246
711.889	-97.4634
709.919	-173.76
707.949	-193.127
705.978	-244.58
704.007	-208.102
702.035	-162.7
700.063	-41.374
698.091	-178.116
696.117	-122.938
694.143	-207.826
692.169	-132.787
690.194	-74.8188
688.219	-164.921
686.244	-80.0864
684.267	-32.3267
682.291	-11.6279
680.314	76.0039
678.336	107.57
676.358	302.078
674.379	238.516
672.4	203.898
670.421	284.218
668.441	254.479
666.46	13.6792
664.479	24.8276
662.497	-142.087
660.516	-124.051
658.533	-108.069
656.55	-180.142
654.567	-134.26
652.583	-185.436
650.598	-92.6548
648.614	-73.9229
646.628	-58.2388
644.643	-110.593
642.656	-106
640.669	-99.4429
638.682	-53.9287
636.694	-82.4561
634.706	-90.0225
632.717	-105.62
630.728	17.7378
628.738	16.0669
626.748	-13.6382
624.757	76.6235
622.766	14.8604
620.774	74.0596
618.782	149.237
616.789	174.386
614.796	257.51
612.802	162.608
610.808	196.689
608.814	181.749
606.818	94.7793
604.822	135.797
602.827	240.805
600.83	285.788
598.833	351.761
596.836	458.72
594.838	346.667
592.839	355.6
590.84	277.522
588.841	156.443
586.84	82.3472
584.84	36.2515
582.838	38.1489
580.838	95.0493
578.835	-65.062
576.833	15.8306
574.83	56.7212
572.827	51.6108
570.822	-14.4995
568.818	1.39063
566.813	46.29
564.808	104.191
562.802	64.0957
560.795	149.005
558.788	174.917
556.781	56.8438
554.773	223.775
552.765	105.713
550.756	168.658
548.747	207.61
546.737	212.576
544.726	241.544
542.716	202.526
540.704	374.517
538.692	233.516
536.68	202.531
534.667	396.546
532.654	325.576
530.64	441.614
528.626	436.659
526.611	485.718
524.596	604.777
522.58	484.848
520.564	728.925
518.547	921.005
516.529	1031.09
514.512	1375.18
512.494	1633.28
510.476	1929.37
508.456	2261.46
506.436	2396.55
504.416	2564.63
502.395	2487.72
500.374	2279.79
498.353	2035.85
496.33	1850.91
494.307	1768.94
492.284	1704.97
490.261	1682.97
488.237	1604.95
486.212	1493.91
484.187	1528.83
482.161	1628.73
480.134	1679.59
478.108	1712.41
476.081	1719.19
474.054	1971.92
472.025	2029.6
469.997	2197.23
467.968	2298.8
465.938	2668.3
463.908	3067.73
461.877	3490.08
459.846	4101.35
457.814	4525.54
455.782	5009.64
453.75	5648.63
451.716	5981.52
449.683	5838.3
447.649	5624.96
445.614	4952.49
443.579	3990.88
441.543	3082.14
439.508	2293.24
437.47	1641.18
435.433	1408.96
433.396	1160.57
431.358	1156.99
429.319	946.208
427.28	854.228
425.241	826.031
423.201	737.607
421.16	565.945
419.118	474.033
417.077	474.87
415.035	420.433
412.993	316.71
410.949	285.69
408.905	352.359
406.862	235.712
404.816	186.718
402.771	168.381
400.727	102.687
398.68	165.601
396.633	173.116
394.586	9.22852
392.539	-97.0884
390.491	-102.852
388.442	-173.079
386.393	-149.777
384.344	-173.973
382.293	-187.7
380.242	-94.9521
378.192	-217.748
376.14	-251.134
374.088	-197.104
372.035	-226.69
369.982	-246.918
367.928	-288.808
365.874	-225.382
363.82	-191.648
361.765	-226.647
359.709	-189.4
357.653	-319.935
355.596	-191.275
353.539	-266.431
351.481	-288.461
349.423	-213.359
347.364	-232.172
345.305	-249.907
343.245	-99.6318
341.185	-146.338
339.125	-74.0742
337.063	-99.8701
335.001	-79.7607
332.94	-96.7559
330.876	-85.9287
328.813	52.7266
326.749	14.1572
324.685	130.326
322.621	186.224
320.555	77.7637
318.489	166.957
316.423	315.743
314.356	372.083
312.29	402.963
310.221	560.29
308.153	650.079
306.084	697.259
304.015	772.787
301.946	868.652
299.875	1026.75
297.804	1128.09
295.733	1196.61
293.661	1429.25
291.588	1777.96
289.516	1961.74
287.443	2195.51
285.369	2413.2
283.295	2806.77
281.22	3286.17
279.144	3770.34
277.068	4388.28
274.992	5168.88
272.915	6104.09
270.837	7180.86
268.76	8473.17
266.681	10091.9
264.602	12019
262.523	14052.5
260.443	16320.2
258.362	19075.2
256.282	21423.3
254.2	23941.4
252.118	26045.6
250.036	27673.7
247.952	28968.7
245.869	29063.6
243.784	29227.1
241.7	28753.4
239.616	27924.3
237.53	26754.7
235.443	25633.5
233.357	24105.8
231.27	22956.4
229.182	21660.2
227.094	20318.2
225.005	19028.2
222.916	17943.3
220.827	16850.3
218.737	15680.1
216.646	14458.7
214.555	13573
212.462	12471.8
210.37	11493.2
208.278	10486
206.185	9385.19
204.091	8352.51
201.997	7446.07
199.902	6654.67
197.807	5581.22
195.711	4866.63
193.615	3765.91
191.517	3186.74
189.42	2660.26
187.322	2013.24
185.224	1465.59
183.125	1029.33
181.025	610.125
178.926	235.104
176.825	56.0449
174.724	24.8418
172.623	-113.477
170.521	25.7148
168.418	-29.4238
166.315	130.863
164.212	-185.533
162.108	15.4238
160.003	35.3184
157.898	58.3418
155.793	-146.768
153.686	-398.133
151.58	-264.705
149.473	-313.93
147.365	-477.594
145.257	-668.984
143.148	-582.227
141.039	-649.438
138.929	-562.561
136.819	-550.893
134.709	-409.574
132.597	-225.719
130.485	-113.463
128.373	-32.7246
126.26	-208.047
124.147	-110.141
122.033	-103.348
119.919	-200.572
117.804	-453.398
115.688	-239.504
113.573	8.75391
111.456	-208.768
109.339	150.801
107.222	271.568
105.103	667.902
102.985	1170.17
100.866	819.977
98.7467	783.461
96.6262	802.938
