3502.52	5.31764
3501.25	1.34997
3499.98	4.28099
3498.71	7.41358
3497.44	7.18951
3496.17	7.48983
3494.9	8.11472
3493.62	9.87354
3492.35	10.672
3491.08	4.50459
3489.8	-2.6633
3488.53	-3.36033
3487.26	-1.06588
3485.98	1.21749
3484.71	4.87462
3483.43	1.33606
3482.16	1.40859
3480.88	0.807366
3479.6	3.48657
3478.33	1.96646
3477.05	5.53498
3475.77	-3.33443
3474.5	-8.68493
3473.22	-13.4198
3471.94	-8.92327
3470.66	-8.62708
3469.38	-2.1042
3468.1	-8.67607
3466.82	-12.3055
3465.54	-14.5563
3464.26	-11.055
3462.98	-9.22396
3461.7	-6.78525
3460.42	-8.54111
3459.14	-9.10961
3457.86	-9.25826
3456.57	-5.55381
3455.29	-3.2884
3454.01	-5.02805
3452.73	-3.00722
3451.44	-4.14193
3450.16	1.77319
3448.87	5.24796
3447.59	1.954
3446.3	-2.38703
3445.02	-7.97872
3443.73	-13.7099
3442.45	-12.5042
3441.16	-10.5358
3439.88	-7.66895
3438.59	-2.24176
3437.3	-1.29114
3436.01	0.222384
3434.73	-3.07406
3433.44	-4.37959
3432.15	-8.02546
3430.86	-1.67049
3429.57	1.05704
3428.28	-0.460768
3426.99	0.636903
3425.7	-0.0292474
3424.41	-4.22447
3423.12	-3.29158
3421.83	-6.1656
3420.54	-11.1372
3419.24	-8.30429
3417.95	-5.57702
3416.66	1.48119
3415.37	2.96365
3414.07	3.10614
3412.78	0.294207
3411.48	-2.33481
3410.19	-1.72253
3408.9	-2.17234
3407.6	-2.28885
3406.31	-1.50478
3405.01	-3.39348
3403.72	-5.14249
3402.42	1.62603
3401.12	2.39665
3399.82	0.392193
3398.53	1.9585
3397.23	-0.717718
3395.93	3.89336
3394.63	6.82365
3393.33	3.98642
3392.04	-0.843482
3390.74	-1.68268
3389.44	-2.99754
3388.14	-4.08887
3386.84	-5.70274
3385.53	-3.78982
3384.23	-0.987592
3382.93	2.24135
3381.63	11.5678
3380.33	8.50742
3379.03	5.67897
3377.72	6.41637
3376.42	-0.941432
3375.12	-9.5398
3373.81	-5.19308
3372.51	-1.51458
3371.2	7.06887
3369.9	14.9764
3368.59	10.447
3367.29	2.15848
3365.98	4.25244
3364.68	3.29121
3363.37	7.31916
3362.06	8.53841
3360.76	5.23968
3359.45	0.0698098
3358.14	0.848274
3356.83	2.9644
3355.52	7.4588
3354.22	5.08429
3352.91	5.27672
3351.6	5.81124
3350.29	3.95962
3348.98	2.61793
3347.67	1.75107
3346.36	2.65571
3345.04	-1.26113
3343.73	-1.56998
3342.42	3.60603
3341.11	1.06459
3339.8	0.0887167
3338.48	11.6772
3337.17	7.26554
3335.86	2.61722
3334.54	6.15094
3333.23	5.63817
3331.91	7.0756
3330.6	9.74158
3329.28	7.3623
3327.97	5.78738
3326.65	8.73891
3325.34	8.68208
3324.02	12.1472
3322.7	14.1357
3321.38	10.8809
3320.07	6.71869
3318.75	9.83936
3317.43	7.67685
3316.11	5.31442
3314.79	6.66496
3313.47	3.25581
3312.15	2.65058
3310.83	7.99634
3309.51	6.71638
3308.19	3.62891
3306.87	3.29888
3305.55	2.96885
3304.23	-1.89194
3302.9	3.916
3301.58	-1.04262
3300.26	-1.86013
3298.94	-2.87097
3297.61	-4.31414
3296.29	-6.27565
3294.96	-0.867633
3293.64	-3.2688
3292.31	3.52155
3290.99	3.21108
3289.66	-0.721467
3288.34	-1.94205
3287.01	-1.77923
3285.68	4.24392
3284.36	1.81692
3283.03	-3.5055
3281.7	-10.4012
3280.37	-12.9596
3279.05	-7.0983
3277.72	6.51977
3276.39	2.56926
3275.06	-0.675053
3273.73	-4.58141
3272.4	-3.25014
3271.07	2.74477
3269.74	7.58612
3268.41	9.90875
3267.08	8.80293
3265.74	3.07265
3264.41	0.435367
3263.08	5.98976
3261.75	1.15731
3260.41	2.99156
3259.08	2.63319
3257.75	-2.77055
3256.41	-1.55731
3255.08	5.07532
3253.74	3.71259
3252.41	8.91573
3251.07	8.49979
3249.74	9.13161
3248.4	8.99556
3247.06	8.28928
3245.73	10.2508
3244.39	4.72846
3243.05	-2.65264
3241.71	-3.88826
3240.37	-3.50335
3239.04	1.87605
3237.7	6.96047
3236.36	7.1482
3235.02	5.71464
3233.68	4.27656
3232.34	1.26501
3231	-0.460856
3229.66	-0.754742
3228.31	5.23081
3226.97	12.9746
3225.63	13.6696
3224.29	7.40968
3222.94	2.44239
3221.6	-5.58245
3220.26	-8.17544
3218.91	-3.05559
3217.57	0.824403
3216.23	7.27398
3214.88	13.0988
3213.53	5.06851
3212.19	0.227582
3210.84	0.57902
3209.5	3.3097
3208.15	6.26895
3206.8	8.23075
3205.46	5.19439
3204.11	4.54049
3202.76	6.44998
3201.41	11.2635
3200.06	13.7002
3198.71	12.9402
3197.36	14.4658
3196.01	9.03677
3194.66	-0.486858
3193.31	-4.58335
3191.96	-1.63045
3190.61	5.704
3189.26	10.5003
3187.91	9.684
3186.56	7.91667
3185.2	4.19644
3183.85	7.76175
3182.5	12.2241
3181.14	9.92822
3179.79	9.39197
3178.44	11.0452
3177.08	6.79166
3175.73	10.4912
3174.37	4.61742
3173.01	0.885094
3171.66	0.772998
3170.3	5.04074
3168.95	6.78419
3167.59	5.80192
3166.23	0.829516
3164.87	-0.000189292
3163.51	3.26215
3162.16	-1.00826
3160.8	3.2046
3159.44	4.61149
3158.08	7.43865
3156.72	6.64435
3155.36	7.27814
3154	1.39936
3152.64	2.69921
3151.28	3.66234
3149.91	6.15429
3148.55	2.59834
3147.19	-0.295531
3145.83	3.47777
3144.46	1.39373
3143.1	-3.40523
3141.74	-2.06453
3140.37	-1.33927
3139.01	-0.423086
3137.64	7.00808
3136.28	5.29626
3134.91	7.59069
3133.55	2.02183
3132.18	5.12348
3130.81	4.65143
3129.45	4.79551
3128.08	2.2797
3126.71	-2.44407
3125.34	-12.6304
3123.98	-7.91633
3122.61	-2.48324
3121.24	2.79816
3119.87	11.6465
3118.5	5.93135
3117.13	6.74367
3115.76	0.875809
3114.39	-1.27273
3113.02	-2.32205
3111.64	-0.947868
3110.27	-1.3821
3108.9	7.17924
3107.53	3.26686
3106.15	2.5447
3104.78	8.4881
3103.41	11.2904
3102.03	11.7093
3100.66	7.78508
3099.29	-1.2711
3097.91	-0.323404
3096.53	2.28211
3095.16	8.31388
3093.78	5.24524
3092.41	0.327792
3091.03	-2.20425
3089.65	7.16442
3088.27	5.14814
3086.9	5.79432
3085.52	-2.84288
3084.14	-3.85608
3082.76	-3.92106
3081.38	-1.46494
3080	0.614437
3078.62	4.88171
3077.24	5.86261
3075.86	8.41213
3074.48	1.38811
3073.1	1.61275
3071.72	0.734148
3070.33	-0.574853
3068.95	-4.07397
3067.57	2.90861
3066.19	-5.44836
3064.8	0.0969866
3063.42	-2.02126
3062.03	-3.37552
3060.65	-1.20647
3059.26	5.66832
3057.88	-0.973994
3056.49	-2.56976
3055.11	-8.21489
3053.72	-6.09492
3052.33	0.78141
3050.95	6.80636
3049.56	12.2552
3048.17	12.2746
3046.78	2.86282
3045.4	-6.02202
3044.01	-8.75875
3042.62	-8.78675
3041.23	-1.38561
3039.84	6.86932
3038.45	6.45881
3037.06	0.953747
3035.67	0.828789
3034.28	-1.67246
3032.88	-4.22841
3031.49	-4.40391
3030.1	-5.43173
3028.71	-7.03166
3027.31	-7.49234
3025.92	-2.42789
3024.52	-3.3627
3023.13	-3.01349
3021.74	-3.33398
3020.34	-0.649568
3018.95	1.79879
3017.55	4.14573
3016.16	5.54084
3014.76	6.12828
3013.36	3.90713
3011.96	9.06427
3010.57	10.1735
3009.17	5.42556
3007.77	2.72673
3006.37	-5.06796
3004.97	-8.05391
3003.57	-3.41903
3002.17	-5.07346
3000.77	-0.0114714
2999.37	5.81234
2997.97	4.73326
2996.57	2.41012
2995.17	-0.198429
2993.77	-4.22698
2992.37	5.50106
2990.97	9.41614
2989.56	16.9061
2988.16	15.6316
2986.76	17.2212
2985.35	16.5682
2983.95	21.3396
2982.54	13.8767
2981.14	16.1759
2979.73	10.2836
2978.33	17.3458
2976.92	20.2173
2975.51	24.4176
2974.11	19.1922
2972.7	22.6803
2971.29	20.7928
2969.89	26.8983
2968.48	30.9075
2967.07	40.8771
2965.66	40.8897
2964.25	40.9931
2962.84	37.8144
2961.43	37.2592
2960.02	37.6574
2958.61	45.6162
2957.2	50.5826
2955.79	53.3594
2954.38	49.9421
2952.96	47.7639
2951.55	37.7246
2950.14	38.457
2948.73	47.8535
2947.31	57.1995
2945.9	64.3052
2944.48	69.5066
2943.07	66.048
2941.65	64.4384
2940.24	68.7864
2938.82	68.277
2937.41	72.291
2935.99	72.1109
2934.57	71.3128
2933.16	67.9507
2931.74	64.8648
2930.32	66.6426
2928.9	72.7045
2927.48	77.1492
2926.06	75.3973
2924.64	82.3167
2923.22	81.0967
2921.8	83.5367
2920.38	81.0692
2918.96	89.8487
2917.54	86.438
2916.12	96.3581
2914.7	101.18
2913.28	96.002
2911.85	92.1176
2910.43	92.6055
2909.01	81.2391
2907.58	86.8283
2906.16	88.6061
2904.74	82.3351
2903.31	88.3962
2901.88	91.2719
2900.46	81.67
2899.03	82.2994
2897.61	82.936
2896.18	83.9586
2894.75	88.5908
2893.33	89.6012
2891.9	87.6224
2890.47	86.739
2889.04	86.3735
2887.61	87.4805
2886.18	95.6934
2884.75	91.1871
2883.32	93.1056
2881.89	104.842
2880.46	103.004
2879.03	95.4015
2877.6	88.9817
2876.17	76.6275
2874.74	72.4588
2873.3	87.5249
2871.87	92.4451
2870.44	94.3655
2869.01	91.4839
2867.57	88.2159
2866.14	85.951
2864.7	93.306
2863.27	86.9895
2861.83	84.8677
2860.4	81.3611
2858.96	80.7669
2857.52	81.4551
2856.09	89.4726
2854.65	83.1127
2853.21	79.3231
2851.77	70.489
2850.34	61.414
2848.9	46.4324
2847.46	43.2667
2846.02	39.6732
2844.58	38.5509
2843.14	40.5216
2841.7	38.545
2840.26	30.9513
2838.82	29.9715
2837.37	23.6117
2835.93	21.5919
2834.49	19.9479
2833.05	14.9197
2831.6	10.3231
2830.16	13.0164
2828.72	13.6625
2827.27	20.1133
2825.83	17.1791
2824.38	7.63395
2822.94	1.08979
2821.49	3.73446
2820.05	6.56866
2818.6	7.92398
2817.15	5.18721
2815.71	5.02442
2814.26	0.572223
2812.81	2.59845
2811.36	0.478868
2809.91	1.8876
2808.47	10.6328
2807.02	14.6054
2805.57	15.5384
2804.12	14.5158
2802.67	2.96915
2801.22	-3.52442
2799.76	-3.54604
2798.31	-3.89611
2796.86	1.55764
2795.41	0.770863
2793.96	5.13411
2792.5	8.54521
2791.05	8.66707
2789.6	13.0745
2788.14	10.1969
2786.69	9.42245
2785.23	5.82325
2783.78	7.47227
2782.32	7.07575
2780.86	8.6752
2779.41	3.84597
2777.95	3.77535
2776.5	-1.33294
2775.04	5.50746
2773.58	9.39186
2772.12	15.5151
2770.66	10.6382
2769.2	6.81309
2767.74	2.8406
2766.29	-3.22757
2764.83	1.57094
2763.36	8.02677
2761.9	15.2019
2760.44	23.991
2758.98	23.2588
2757.52	6.04798
2756.06	4.41139
2754.59	0.352035
2753.13	8.05164
2751.67	19.9858
2750.2	29.9645
2748.74	21.6147
2747.28	19.3107
2745.81	15.8194
2744.35	17.8535
2742.88	20.5497
2741.41	21.0527
2739.95	17.9899
2738.48	17.9752
2737.01	22.1517
2735.55	28.894
2734.08	30.0663
2732.61	34.5791
2731.14	27.0809
2729.67	19.6362
2728.2	17.0502
2726.73	10.7008
2725.26	3.73376
2723.79	5.0933
2722.32	-2.34902
2720.85	-2.60138
2719.38	6.7648
2717.91	1.45538
2716.44	3.77497
2714.96	4.18832
2713.49	6.50752
2712.02	7.8222
2710.54	17.7572
2709.07	12.8875
2707.59	7.67389
2706.12	3.13558
2704.64	-2.45357
2703.17	-4.46509
2701.69	5.94568
2700.22	19.3106
2698.74	9.52563
2697.26	11.9373
2695.78	3.87526
2694.31	1.09864
2692.83	5.08332
2691.35	10.8209
2689.87	5.90458
2688.39	5.83328
2686.91	5.05775
2685.43	2.23061
2683.95	1.83078
2682.47	0.575762
2680.99	-0.874349
2679.51	-5.03325
2678.03	8.28507
2676.54	7.36005
2675.06	7.19545
2673.58	12.2254
2672.09	8.4464
2670.61	-0.574349
2669.13	5.69004
2667.64	-2.89788
2666.16	-12.6798
2664.67	-11.0817
2663.18	-12.244
2661.7	-13.4513
2660.21	5.05318
2658.72	1.50094
2657.24	1.62405
2655.75	11.0853
2654.26	10.2542
2652.77	5.75428
2651.28	2.53214
2649.8	-12.2431
2648.31	-9.92594
2646.82	6.19335
2645.33	11.5944
2643.84	11.2349
2642.34	7.88382
2640.85	0.239077
2639.36	-2.73523
2637.87	-2.95051
2636.38	-8.78378
2634.88	-14.4763
2633.39	-6.02233
2631.9	-1.66368
2630.4	6.9741
2628.91	10.7559
2627.41	14.6842
2625.92	7.51559
2624.42	11.8701
2622.93	11.9372
2621.43	8.24101
2619.93	7.97786
2618.44	10.0422
2616.94	10.4476
2615.44	15.0355
2613.94	14.816
2612.44	2.9743
2610.95	-5.7252
2609.45	-5.60444
2607.95	-9.44886
2606.45	-4.47863
2604.95	7.77591
2603.44	11.6513
2601.94	12.714
2600.44	14.576
2598.94	1.78606
2597.44	4.09246
2595.93	5.2944
2594.43	-1.27242
2592.93	3.83981
2591.42	7.42921
2589.92	3.81906
2588.42	12.8752
2586.91	10.4099
2585.4	5.80629
2583.9	14.2423
2582.39	27.0614
2580.89	24.1668
2579.38	18.5494
2577.87	4.27142
2576.36	-0.668946
2574.86	-1.46534
2573.35	2.72399
2571.84	5.96632
2570.33	8.40419
2568.82	6.74381
2567.31	1.55146
2565.8	-4.21022
2564.29	-1.76996
2562.78	4.85524
2561.27	14.2819
2559.75	13.3229
2558.24	2.80203
2556.73	-4.66837
2555.22	-0.00299798
2553.7	3.42388
2552.19	11.9931
2550.68	13.706
2549.16	10.367
2547.65	11.6494
2546.13	12.696
2544.61	11.7396
2543.1	16.017
2541.58	12.0084
2540.07	7.86365
2538.55	7.3317
2537.03	5.65395
2535.51	8.21936
2533.99	10.8753
2532.48	13.4881
2530.96	5.89773
2529.44	-2.16196
2527.92	-6.64345
2526.4	-12.3737
2524.88	-10.1469
2523.36	7.45711
2521.83	6.34971
2520.31	6.23541
2518.79	5.54707
2517.27	-4.6068
2515.74	-8.48029
2514.22	1.49768
2512.7	10.1964
2511.17	9.55363
2509.65	9.15144
2508.12	1.45929
2506.6	-2.08169
2505.07	-2.67577
2503.55	2.53621
2502.02	-4.2522
2500.49	-3.13579
2498.97	-2.06164
2497.44	11.4353
2495.91	13.4991
2494.38	12.0367
2492.85	2.96229
2491.32	-2.73258
2489.8	-6.71672
2488.27	-0.655684
2486.74	0.740914
2485.2	8.47216
2483.67	14.7683
2482.14	15.2066
2480.61	8.26517
2479.08	5.41984
2477.55	0.860545
2476.01	-1.134
2474.48	-4.55698
2472.95	-0.592773
2471.41	1.22156
2469.88	14.4196
2468.34	17.6578
2466.81	11.9442
2465.27	2.75777
2463.74	1.23685
2462.2	-6.85555
2460.66	-3.19385
2459.12	-4.8143
2457.59	0.949001
2456.05	4.1361
2454.51	12.4153
2452.97	13.3168
2451.43	3.78123
2449.89	0.0175132
2448.35	3.82023
2446.81	6.57724
2445.27	7.03746
2443.73	6.78403
2442.19	3.06519
2440.65	10.389
2439.11	12.1328
2437.56	13.7334
2436.02	7.77031
2434.48	-4.29577
2432.93	-5.73974
2431.39	-2.90182
2429.84	-1.77702
2428.3	5.15577
2426.75	10.3675
2425.21	11.3985
2423.66	10.7552
2422.12	0.725834
2420.57	-9.87028
2419.02	-15.7984
2417.47	-17.4875
2415.93	-16.9988
2414.38	-6.40767
2412.83	-3.77026
2411.28	2.62862
2409.73	0.541636
2408.18	5.65237
2406.63	-1.61586
2405.08	4.06086
2403.53	5.93146
2401.98	8.70098
2400.42	3.8094
2398.87	4.33544
2397.32	3.20243
2395.77	4.92313
2394.21	7.06991
2392.66	8.7411
2391.1	9.45684
2389.55	4.4119
2387.99	8.27179
2386.44	6.79371
2384.88	0.885826
2383.33	2.02724
2381.77	4.97917
2380.21	6.88138
2378.66	11.2527
2377.1	1.9559
2375.54	-6.85799
2373.98	-5.19665
2372.42	8.22751
2370.86	16.9734
2369.3	13.191
2367.74	6.51626
2366.18	-4.87866
2364.62	-1.12434
2363.06	6.71359
2361.5	6.97977
2359.94	-5.37304
2358.37	-2.81819
2356.81	-7.68902
2355.25	-6.47868
2353.68	-7.40778
2352.12	-8.52644
2350.56	-13.8324
2348.99	-2.52477
2347.43	7.16196
2345.86	6.70485
2344.29	6.24578
2342.73	6.40829
2341.16	7.5251
2339.59	12.8244
2338.03	11.3581
2336.46	7.99121
2334.89	2.10187
2333.32	1.44698
2331.75	8.64909
2330.18	13.4196
2328.61	18.8098
2327.04	25.1491
2325.47	23.8226
2323.9	19.2091
2322.33	12.3523
2320.76	2.31095
2319.18	6.55547
2317.61	5.07786
2316.04	0.931489
2314.47	2.59769
2312.89	7.60036
2311.32	11.0286
2309.74	15.3489
2308.17	18.1095
2306.59	13.2018
2305.02	11.5287
2303.44	8.08716
2301.86	2.36366
2300.29	-9.7847
2298.71	-8.03604
2297.13	-5.47568
2295.55	0.225604
2293.97	11.8812
2292.4	22.8163
2290.82	16.6068
2289.24	11.9217
2287.66	4.61975
2286.08	-5.82441
2284.49	-6.13328
2282.91	-6.01355
2281.33	-8.98349
2279.75	-0.814519
2278.17	6.68337
2276.58	5.84618
2275	8.86906
2273.42	7.74781
2271.83	3.38642
2270.25	3.35646
2268.66	0.849411
2267.08	-3.60774
2265.49	4.74351
2263.91	9.32915
2262.32	3.67175
2260.73	3.11312
2259.14	7.65537
2257.56	8.38228
2255.97	9.19702
2254.38	-4.32429
2252.79	-12.977
2251.2	-10.2938
2249.61	2.23485
2248.02	2.94736
2246.43	-0.0993022
2244.84	-6.13399
2243.25	0.154009
2241.66	13.1126
2240.07	20.2015
2238.47	10.4869
2236.88	6.34637
2235.29	4.20249
2233.69	4.77523
2232.1	3.19359
2230.5	7.52531
2228.91	7.334
2227.31	6.37139
2225.72	5.88856
2224.12	4.45012
2222.53	3.26119
2220.93	9.05927
2219.33	4.18387
2217.73	2.08292
2216.14	0.548482
2214.54	-2.7962
2212.94	4.80696
2211.34	13.033
2209.74	13.3555
2208.14	15.3331
2206.54	10.0288
2204.94	4.06236
2203.34	1.99877
2201.74	12.2682
2200.13	21.9133
2198.53	22.128
2196.93	29.5878
2195.33	23.4188
2193.72	16.9708
2192.12	9.41935
2190.51	0.0615289
2188.91	-8.95847
2187.3	6.35401
2185.7	0.37245
2184.09	8.48551
2182.48	4.26426
2180.88	5.52597
2179.27	0.973265
2177.66	11.083
2176.05	2.57811
2174.45	11.2137
2172.84	14.6639
2171.23	13.0516
2169.62	10.1163
2168.01	14.3701
2166.4	9.767
2164.79	15.3956
2163.18	17.592
2161.56	10.5138
2159.95	11.572
2158.34	16.4395
2156.73	10.9701
2155.11	10.0734
2153.5	9.70362
2151.89	7.23253
2150.27	12.4328
2148.66	22.4379
2147.04	17.6808
2145.43	17.0182
2143.81	19.3091
2142.19	9.83814
2140.58	16.7496
2138.96	14.6042
2137.34	4.60527
2135.72	6.75505
2134.1	1.46587
2132.48	5.70668
2130.86	15.8467
2129.25	19.5634
2127.63	17.7989
2126	20.6502
2124.38	17.7999
2122.76	22.746
2121.14	18.3606
2119.52	12.9707
2117.9	9.92689
2116.27	3.49279
2114.65	11.9644
2113.03	13.0986
2111.4	16.806
2109.78	20.2799
2108.15	24.2674
2106.53	15.6414
2104.9	7.48442
2103.27	4.48433
2101.65	5.28537
2100.02	19.0876
2098.39	18.311
2096.77	9.86826
2095.14	-0.0449445
2093.51	5.32671
2091.88	5.79438
2090.25	10.586
2088.62	5.525
2086.99	2.42178
2085.36	-2.63843
2083.73	-4.13339
2082.1	-3.86163
2080.46	-5.73064
2078.83	-4.36556
2077.2	10.6675
2075.57	21.5565
2073.93	24.9208
2072.3	21.6598
2070.66	20.2661
2069.03	14.4433
2067.4	17.7093
2065.76	26.9299
2064.12	23.812
2062.49	12.6035
2060.85	9.62962
2059.21	8.94727
2057.58	13.3585
2055.94	15.6649
2054.3	16.0729
2052.66	13.2439
2051.02	16.8922
2049.38	22.4405
2047.74	16.1712
2046.1	7.72589
2044.46	7.37211
2042.82	1.34899
2041.18	6.65726
2039.53	7.10501
2037.89	6.13371
2036.25	14.1096
2034.61	20.3681
2032.96	9.91189
2031.32	0.11995
2029.67	-13.3781
2028.03	-13.7349
2026.38	5.19653
2024.74	15.4487
2023.09	12.4154
2021.44	11.3413
2019.8	6.79517
2018.15	-4.04375
2016.5	-2.74711
2014.85	-6.7714
2013.21	-14.9905
2011.56	-6.82809
2009.91	2.56829
2008.26	-2.41726
2006.61	-3.25657
2004.96	-2.00422
2003.3	-3.22118
2001.65	5.31897
2000	11.8539
1998.35	3.43837
1996.7	-2.07268
1995.04	-1.57479
1993.39	0.15385
1991.74	-5.21973
1990.08	-7.02006
1988.43	-7.47705
1986.77	-0.365838
1985.12	11.4067
1983.46	13.7901
1981.8	4.33027
1980.15	-3.32401
1978.49	-12.2703
1976.83	-2.35004
1975.17	6.28009
1973.51	7.95289
1971.86	8.76786
1970.2	6.39445
1968.54	-5.21041
1966.88	-6.06414
1965.22	-2.62729
1963.55	-4.04804
1961.89	-1.94687
1960.23	6.346
1958.57	3.39406
1956.91	-6.60071
1955.24	-5.07121
1953.58	-3.58631
1951.92	0.847423
1950.25	9.55864
1948.59	3.55879
1946.92	-5.24644
1945.26	-7.76771
1943.59	0.381116
1941.92	2.52024
1940.26	12.4254
1938.59	18.4743
1936.92	17.424
1935.25	7.32405
1933.59	0.938484
1931.92	-7.72383
1930.25	-5.15319
1928.58	-0.35162
1926.91	9.21573
1925.24	9.63971
1923.57	14.6387
1921.9	12.2931
1920.22	10.4291
1918.55	11.4273
1916.88	7.03207
1915.21	6.93189
1913.53	12.5409
1911.86	2.34157
1910.18	-6.19603
1908.51	-3.77861
1906.83	-11.7853
1905.16	-9.56181
1903.48	-2.81644
1901.81	2.83748
1900.13	7.97105
1898.45	13.9028
1896.78	12.9317
1895.1	7.91603
1893.42	3.37553
1891.74	2.59547
1890.06	2.19149
1888.38	7.12857
1886.7	10.9642
1885.02	12.986
1883.34	19.8708
1881.66	13.2232
1879.98	1.67646
1878.3	-4.1623
1876.61	1.2508
1874.93	-2.54013
1873.25	1.70906
1871.56	-5.74973
1869.88	-8.01392
1868.19	-16.5679
1866.51	-1.74619
1864.82	-1.49295
1863.14	5.04535
1861.45	13.7742
1859.76	9.25283
1858.08	-2.59253
1856.39	4.56206
1854.7	7.2429
1853.01	8.33907
1851.32	8.95285
1849.63	2.25184
1847.95	-0.169052
1846.25	9.11583
1844.56	13.3025
1842.87	5.06198
1841.18	-2.50807
1839.49	0.395057
1837.8	0.534226
1836.11	1.2863
1834.41	-1.67505
1832.72	-8.06521
1831.03	4.65119
1829.33	4.63149
1827.64	6.56775
1825.94	5.45837
1824.25	-1.69928
1822.55	-6.76091
1820.85	-2.40757
1819.16	-9.61158
1817.46	0.324158
1815.76	4.96444
1814.06	2.98239
1812.36	0.0475341
1810.67	1.16793
1808.97	2.85354
1807.27	10.1993
1805.57	18.9307
1803.87	18.1348
1802.17	5.95486
1800.46	-4.66355
1798.76	-14.7472
1797.06	-20.1627
1795.36	-8.35281
1793.65	-3.78515
1791.95	3.6001
1790.25	-7.54849
1788.54	-8.26671
1786.84	-7.6496
1785.13	-6.51682
1783.43	-4.90411
1781.72	5.93472
1780.01	6.4971
1778.31	10.3363
1776.6	17.0313
1774.89	17.4415
1773.18	14.2268
1771.47	3.24767
1769.77	-0.0632623
1768.06	-7.66182
1766.35	-3.45345
1764.64	6.17848
1762.92	13.5233
1761.21	15.4862
1759.5	11.4875
1757.79	10.4022
1756.08	6.59402
1754.36	7.40383
1752.65	10.6386
1750.94	10.5828
1749.22	9.15189
1747.51	17.0433
1745.79	22.7024
1744.08	20.4435
1742.36	21.568
1740.65	18.2649
1738.93	19.2431
1737.21	18.8838
1735.49	18.3719
1733.78	14.1095
1732.06	9.12123
1730.34	8.41855
1728.62	9.28301
1726.9	7.43029
1725.18	3.57388
1723.46	15.4808
1721.74	15.8114
1720.02	17.1345
1718.3	12.3606
1716.57	-1.5573
1714.85	-10.7098
1713.13	-4.34768
1711.41	-2.84754
1709.68	-2.92395
1707.96	8.71654
1706.23	14.7847
1704.51	14.6984
1702.78	21.6581
1701.05	19.095
1699.33	14.3893
1697.6	20.241
1695.87	21.7586
1694.15	14.183
1692.42	24.9367
1690.69	28.0643
1688.96	34.3325
1687.23	38.5009
1685.5	40.3819
1683.77	36.7355
1682.04	50.4667
1680.31	50.0508
1678.58	46.1511
1676.85	38.9637
1675.11	48.0693
1673.38	52.8812
1671.65	65.7244
1669.91	60.6567
1668.18	60.6018
1666.44	57.399
1664.71	77.7126
1662.97	89.9695
1661.24	103.748
1659.5	106.005
1657.76	104.294
1656.03	96.4914
1654.29	103.308
1652.55	109.025
1650.81	122.489
1649.07	138.478
1647.33	141.894
1645.59	141.591
1643.85	147.231
1642.11	156.162
1640.37	159.984
1638.63	184.094
1636.89	219.963
1635.15	278.629
1633.4	355.971
1631.66	465.758
1629.92	575.06
1628.17	691.031
1626.43	811.873
1624.68	916.435
1622.94	974.585
1621.19	978.253
1619.45	938.316
1617.7	839.897
1615.95	739.898
1614.21	639.336
1612.46	532.892
1610.71	429.394
1608.96	365.49
1607.21	300.187
1605.46	259.539
1603.71	239.219
1601.96	203.508
1600.21	195.764
1598.46	185.051
1596.71	173.665
1594.95	168.473
1593.2	155.309
1591.45	135.68
1589.7	132.94
1587.94	112.293
1586.19	108.172
1584.43	106.369
1582.68	100.474
1580.92	101.136
1579.16	93.5089
1577.41	97.6543
1575.65	106.539
1573.89	110.615
1572.13	111.68
1570.38	99.1687
1568.62	83.9052
1566.86	86.1498
1565.1	79.3408
1563.34	87.1956
1561.58	90.804
1559.82	97.3179
1558.06	104.537
1556.29	110.175
1554.53	101.862
1552.77	98.7766
1551.01	91.2643
1549.24	90.4556
1547.48	90.2617
1545.71	90.1561
1543.95	94.3353
1542.18	95.9815
1540.42	101.195
1538.65	102.259
1536.89	98.078
1535.12	96.6106
1533.35	107.235
1531.58	96.9388
1529.82	106.309
1528.05	112.011
1526.28	106.989
1524.51	110.248
1522.74	104.208
1520.97	87.7489
1519.2	112.477
1517.42	129.187
1515.65	133.887
1513.88	157.779
1512.11	152.621
1510.33	158.224
1508.56	187.857
1506.79	203.822
1505.01	230.605
1503.24	263.358
1501.46	270.256
1499.69	287.586
1497.91	289.711
1496.13	278.883
1494.36	273.902
1492.58	251.347
1490.8	230.123
1489.02	233.128
1487.24	237.752
1485.46	249.648
1483.68	271.065
1481.9	282.19
1480.12	290.117
1478.34	311.429
1476.56	333.631
1474.78	344.307
1473	365.166
1471.21	364.4
1469.43	360.97
1467.65	354.331
1465.86	341.835
1464.08	320.905
1462.29	323.878
1460.51	327.133
1458.72	341.566
1456.93	348.708
1455.15	351.654
1453.36	348.696
1451.57	354.492
1449.79	345.61
1448	333.154
1446.21	321.312
1444.42	323.712
1442.63	328.098
1440.84	347.621
1439.05	355.474
1437.26	354.797
1435.46	340.157
1433.67	339.663
1431.88	318.169
1430.09	294.459
1428.29	261.469
1426.5	227.195
1424.71	197.342
1422.91	190.382
1421.12	187.849
1419.32	206.364
1417.52	209.388
1415.73	225.268
1413.93	246.715
1412.13	266.487
1410.34	283.974
1408.54	325.396
1406.74	368.693
1404.94	440.783
1403.14	535.768
1401.34	637.848
1399.54	727.266
1397.74	795.561
1395.94	828.193
1394.14	794.629
1392.33	717.923
1390.53	618.119
1388.73	515.346
1386.92	434.694
1385.12	372.347
1383.32	311.707
1381.51	269.549
1379.7	230.474
1377.9	189.298
1376.09	171.225
1374.29	149.569
1372.48	127.619
1370.67	130.907
1368.86	126.955
1367.05	110.993
1365.25	109.453
1363.44	114.111
1361.63	117.338
1359.82	133.545
1358.01	134.414
1356.19	120.434
1354.38	125.885
1352.57	148.425
1350.76	149.994
1348.95	148.701
1347.13	138.559
1345.32	118.891
1343.5	133.221
1341.69	146.011
1339.87	136.708
1338.06	129.493
1336.24	124.609
1334.43	138.699
1332.61	177.998
1330.79	202.766
1328.97	207.674
1327.16	198.967
1325.34	203.661
1323.52	216.231
1321.7	224.696
1319.88	225.64
1318.06	222.209
1316.24	214.11
1314.41	232.81
1312.59	230.883
1310.77	245.352
1308.95	252.566
1307.12	274.971
1305.3	300.239
1303.48	319.11
1301.65	319.223
1299.83	302.756
1298	270.398
1296.18	231.869
1294.35	203.366
1292.52	169.417
1290.69	145.269
1288.87	118.05
1287.04	106.994
1285.21	82.2321
1283.38	72.2774
1281.55	57.9371
1279.72	48.1268
1277.89	38.9688
1276.06	28.8594
1274.23	27.5752
1272.4	28.797
1270.57	31.6417
1268.73	30.2381
1266.9	10.7427
1265.07	1.9233
1263.23	14.5272
1261.4	14.6021
1259.56	23.4322
1257.73	24.6452
1255.89	8.00824
1254.06	4.60614
1252.22	-5.66694
1250.38	-11.6845
1248.54	-23.2833
1246.71	-17.0688
1244.87	-12.0907
1243.03	-1.78728
1241.19	-10.3412
1239.35	-10.0876
1237.51	-15.8672
1235.67	-3.56032
1233.83	7.21973
1231.98	4.99069
1230.14	4.58455
1228.3	7.13356
1226.46	30.3015
1224.61	47.0775
1222.77	56.0873
1220.92	53.5429
1219.08	59.9482
1217.23	50.0633
1215.39	41.4127
1213.54	26.3887
1211.7	11.9408
1209.85	16.923
1208	25.1802
1206.15	18.1039
1204.3	21.5638
1202.45	33.3573
1200.61	41.6238
1198.76	58.6936
1196.91	62.0985
1195.05	76.0023
1193.2	113.469
1191.35	161.588
1189.5	210.394
1187.65	240.23
1185.79	253.413
1183.94	276.507
1182.09	280.689
1180.23	281.54
1178.38	276.963
1176.52	245.679
1174.67	222.254
1172.81	203.107
1170.95	200.839
1169.1	192.557
1167.24	188.417
1165.38	167.045
1163.52	152.583
1161.66	130.984
1159.8	142.906
1157.94	150.931
1156.08	171.141
1154.22	178.118
1152.36	166.133
1150.5	154.506
1148.64	142.776
1146.77	132.91
1144.91	116.459
1143.05	103.35
1141.18	66.9758
1139.32	59.351
1137.45	65.547
1135.59	75.7381
1133.72	62.9273
1131.86	54.1185
1129.99	29.1852
1128.12	15.3472
1126.25	16.7917
1124.39	24.1408
1122.52	24.8798
1120.65	33.0985
1118.78	34.743
1116.91	28.8192
1115.04	30.0492
1113.17	25.6599
1111.3	20.1281
1109.42	11.783
1107.55	14.6974
1105.68	3.94291
1103.81	-8.58886
1101.93	-11.5733
1100.06	-18.649
1098.18	-45.2575
1096.31	-42.5304
1094.43	-64.0293
1092.56	-88.9999
1090.68	-80.3487
1088.8	-72.0339
1086.93	-77.8056
1085.05	-71.9192
1083.17	-73.0161
1081.29	-74.3946
1079.41	-69.8742
1077.53	-67.5397
1075.65	-66.1501
1073.77	-58.4204
1071.89	-50.1234
1070.01	-40.5354
1068.13	-49.9478
1066.24	-54.6837
1064.36	-70.3272
1062.48	-59.3898
1060.59	-52.6403
1058.71	-27.7527
1056.83	1.38101
1054.94	47.8549
1053.05	86.6696
1051.17	151.796
1049.28	216.871
1047.39	248.388
1045.51	259.105
1043.62	236.64
1041.73	173.594
1039.84	113.343
1037.95	87.0387
1036.06	30.7571
1034.17	1.46327
1032.28	-33.5241
1030.39	-57.3437
1028.5	-73.0165
1026.61	-60.0361
1024.71	-69.6168
1022.82	-64.4371
1020.93	-72.2473
1019.03	-61.8733
1017.14	-60.5383
1015.24	-52.9702
1013.35	-54.159
1011.45	-46.5822
1009.56	-34.1429
1007.66	-30.3774
1005.76	-35.8987
1003.86	-46.0789
1001.97	-36.0049
1000.07	-38.3276
998.167	-32.5133
996.268	-42.2113
994.368	-72.9072
992.466	-83.4048
990.565	-70.9638
988.664	-66.4649
986.762	-54.7819
984.86	-48.387
982.957	-49.2112
981.053	-44.9566
979.15	-46.6513
977.245	-33.8653
975.34	-30.0329
973.435	-23.0582
971.53	-17.14
969.624	-25.4067
967.717	-21.5239
965.809	6.26557
963.902	25.9943
961.994	49.9091
960.086	59.6834
958.177	66.75
956.267	96.1545
954.357	139.79
952.447	165.173
950.536	168.6
948.625	157.757
946.713	124.523
944.8	104.003
942.888	84.4822
940.974	57.3766
939.061	51.2408
937.147	58.419
935.233	61.7903
933.317	80.63
931.402	63.7896
929.485	40.3909
927.569	33.8405
925.652	36.584
923.735	53.4083
921.817	75.6938
919.899	67.3655
917.98	46.8807
916.061	27.9258
914.141	29.3046
912.22	45.7214
910.3	72.983
908.378	86.4271
906.456	69.6227
904.534	59.4456
902.612	48.9745
900.689	54.6413
898.766	74.7213
896.841	82.1745
894.916	86.7224
892.991	98.1632
891.066	95.9299
889.14	107.074
887.214	104.769
885.287	111.95
883.36	126.453
881.432	120.454
879.504	108.413
877.575	84.2498
875.646	61.4859
873.716	76.5587
871.786	88.3719
869.855	103.664
867.924	137.225
865.992	129.872
864.06	129.03
862.128	132.985
860.194	108.935
858.261	101.449
856.327	88.4965
854.393	58.7458
852.458	36.0301
850.522	17.9568
848.586	6.74066
846.65	11.3116
844.714	5.91807
842.776	14.1307
840.838	26.5678
838.901	24.7026
836.961	33.1111
835.023	27.2138
833.082	16.3094
831.142	3.57547
829.202	2.16115
827.261	-4.02688
825.319	3.33324
823.377	-5.55988
821.434	-6.37622
819.491	-13.7281
817.548	-13.9087
815.604	-9.39137
813.66	3.53597
811.715	-2.74754
809.769	-12.6741
807.823	-15.9393
805.878	-32.3275
803.93	-23.201
801.983	4.04282
800.035	12.5026
798.087	18.2311
796.139	23.6902
794.189	11.72
792.24	36.8221
790.289	59.367
788.339	86.5679
786.387	102.21
784.436	131.314
782.484	165.885
780.532	243.595
778.578	316.471
776.624	397.096
774.671	460.56
772.716	482.436
770.762	467.067
768.806	396.962
766.85	293.759
764.893	181.931
762.937	117.515
760.979	51.3326
759.022	26.0323
757.064	-21.9062
755.105	-31.5336
753.145	-36.8932
751.185	-5.90748
749.226	17.9977
747.264	39.885
745.303	34.6983
743.341	37.1441
741.38	15.5705
739.417	24.7875
737.454	11.1549
735.49	-4.08246
733.526	-6.33444
731.562	-4.47007
729.596	0.181575
727.631	24.6848
725.665	19.8406
723.699	17.5496
721.732	14.6914
719.764	1.71135
717.797	-7.81914
715.828	-13.6609
713.859	-8.81563
711.889	14.1354
709.919	19.7701
707.949	14.5647
705.978	11.2901
704.007	0.556327
702.035	-18.9816
700.063	-24.399
698.091	-31.6485
696.117	-34.9803
694.143	-24.3523
692.169	-0.460895
690.194	9.59619
688.219	21.0356
686.244	25.4914
684.267	16.6379
682.291	43.431
680.314	97.854
678.336	154.96
676.358	199.637
674.379	201.189
672.4	174.967
670.421	150.18
668.441	121.844
666.46	90.8458
664.479	72.9676
662.497	44.7696
660.516	19.5358
658.533	-1.29349
656.55	11.2766
654.567	18.1978
652.583	25.0227
650.598	27.6803
648.614	1.69088
646.628	-17.6102
644.643	5.15314
642.656	29.9345
640.669	31.7616
638.682	49.8981
636.694	42.1542
634.706	34.6702
632.717	36.5203
630.728	37.0109
628.738	45.298
626.748	65.2963
624.757	82.5588
622.766	96.4473
620.774	99.416
618.782	104.165
616.789	116.2
614.796	123.888
612.802	135.828
610.808	136.925
608.814	145.046
606.818	137.745
604.822	132.386
602.827	150.133
600.83	178.482
598.833	220.135
596.836	252.206
594.838	260.707
592.839	254.316
590.84	210.886
588.841	161.641
586.84	128.115
584.84	105.348
582.838	106.154
580.838	110.785
578.835	116.459
576.833	118.671
574.83	109.945
572.827	108.054
570.822	107.675
568.818	89.1682
566.813	84.2981
564.808	66.9797
562.802	45.4978
560.795	66.3911
558.788	96.1001
556.781	120.928
554.773	139.304
552.765	134.33
550.756	133.163
548.747	126.797
546.737	138.011
544.726	149.145
542.716	168.304
540.704	195.979
538.692	230.004
536.68	226.112
534.667	235.9
532.654	245.122
530.64	261.47
528.626	271.211
526.611	275.595
524.596	282.605
522.58	299.364
520.564	341.075
518.547	413.501
516.529	499.793
514.512	601.413
512.494	765.659
510.476	936.415
508.456	1088.29
506.436	1212.82
504.416	1258.41
502.395	1204.04
500.374	1121.33
498.353	1001.82
496.33	903.139
494.307	832.197
492.284	788.832
490.261	750.35
488.237	711.748
486.212	669.42
484.187	655.953
482.161	642.656
480.134	676.638
478.108	702.162
476.081	738.309
474.054	791.006
472.025	849.319
469.997	912.279
467.968	1013.97
465.938	1134.15
463.908	1324.56
461.877	1551.69
459.846	1785.5
457.814	2002.41
455.782	2231.77
453.75	2452.27
451.716	2618.01
449.683	2665.89
447.649	2526.52
445.614	2175.8
443.579	1775.35
441.543	1384.39
439.508	1049.75
437.47	821.098
435.433	674.101
433.396	553.023
431.358	488.822
429.319	475.965
427.28	426.947
425.241	370.522
423.201	314.724
421.16	271.983
419.118	240.298
417.077	241.178
415.035	239.286
412.993	202.292
410.949	170.051
408.905	176.426
406.862	173.527
404.816	171.49
402.771	178.821
400.727	151.863
398.68	132.976
396.633	113.414
394.586	82.1923
392.539	66.1105
390.491	48.0613
388.442	61.6781
386.393	55.6424
384.344	40.4942
382.293	37.1032
380.242	49.35
378.192	43.3758
376.14	45.5473
374.088	17.6494
372.035	-16.5568
369.982	-22.297
367.928	-13.5134
365.874	-4.10965
363.82	-2.53121
361.765	-15.4415
359.709	-14.1121
357.653	-28.0581
355.596	-65.4726
353.539	-66.3283
351.481	-47.7361
349.423	-21.6624
347.364	22.3212
345.305	24.499
343.245	3.02775
341.185	13.5744
339.125	40.4145
337.063	77.8471
335.001	118.663
332.94	109.795
330.876	111.841
328.813	127.97
326.749	128.831
324.685	134.079
322.621	156.182
320.555	150.359
318.489	181.51
316.423	222.622
314.356	252.815
312.29	259.091
310.221	275.759
308.153	300.174
306.084	337.842
304.015	353.753
301.946	386.558
299.875	394.181
297.804	400.76
295.733	434.014
293.661	459.882
291.588	465.355
289.516	510.456
287.443	566.421
285.369	627.13
283.295	741.892
281.22	853.66
279.144	958.103
277.068	1092.71
274.992	1263.28
272.915	1474.84
270.837	1747.91
268.76	2066.27
266.681	2491.21
264.602	2952.52
262.523	3512.03
260.443	4093.84
258.362	4673.02
256.282	5238.14
254.2	5840.7
252.118	6348.45
250.036	6824.71
247.952	7106.27
245.869	7214.08
243.784	7114.83
241.7	6944.76
239.616	6692.84
237.53	6459.08
235.443	6223.15
233.357	5951.68
231.27	5642.32
229.182	5346.88
227.094	4994.82
225.005	4697.4
222.916	4468.08
220.827	4217.06
218.737	3989.31
216.646	3735.13
214.555	3455.97
212.462	3207.01
210.37	2984.5
208.278	2748.12
206.185	2489.15
204.091	2212.93
201.997	1960.17
199.902	1742.93
197.807	1562.59
195.711	1368.73
193.615	1167.15
191.517	969.614
189.42	783.151
187.322	631.614
185.224	515.822
183.125	379.357
181.025	278.206
178.926	190.168
176.825	147.277
174.724	126.721
172.623	127.976
170.521	97.9936
168.418	81.1541
166.315	76.9515
164.212	92.0682
162.108	90.6554
160.003	50.0631
157.898	-6.19578
155.793	-54.256
153.686	-82.6034
151.58	-93.7497
149.473	-98.6916
147.365	-136.058
145.257	-156.556
143.148	-212.313
141.039	-249.553
138.929	-231.416
136.819	-185.442
134.709	-166.727
132.597	-118.898
130.485	-126.554
128.373	-139.329
126.26	-141.65
124.147	-187.357
122.033	-258.988
119.919	-323.908
117.804	-367.739
115.688	-397.19
113.573	-388.312
111.456	-384.898
109.339	-389.756
107.222	-405.778
105.103	-377.484
102.985	-345.806
100.866	-340.821
98.7467	-370.704
96.6262	-533.988
