3502.52	15.764
3501.25	13.4905
3499.98	2.40039
3498.71	12.4813
3497.44	26.7386
3496.17	-15.8395
3494.9	5.75171
3493.62	-3.49878
3492.35	1.41321
3491.08	-2.51892
3489.8	-13.3019
3488.53	-27.9324
3487.26	-46.4197
3485.98	-22.761
3484.71	-47.9626
3483.43	-63.0292
3482.16	-50.9596
3480.88	-59.7581
3479.6	-50.4291
3478.33	-67.9764
3477.05	-46.399
3475.77	-31.7017
3474.5	-62.8879
3473.22	-70.9595
3471.94	-75.9196
3470.66	-43.7722
3469.38	-77.5167
3468.1	-75.158
3466.82	-81.6978
3465.54	-89.1393
3464.26	-85.4844
3462.98	-96.7361
3461.7	-83.8966
3460.42	-76.9683
3459.14	-62.9535
3457.86	-95.8547
3456.57	-99.6743
3455.29	-97.4144
3454.01	-76.0768
3452.73	-88.6648
3451.44	-73.1801
3450.16	-85.6248
3448.87	-116.001
3447.59	-79.3108
3446.3	-65.5563
3445.02	-59.7399
3443.73	-95.8632
3442.45	-62.9283
3441.16	-84.9375
3439.88	-59.8923
3438.59	-78.7949
3437.3	-80.6471
3436.01	-91.4507
3434.73	-70.2079
3433.44	-89.9199
3432.15	-72.5891
3430.86	-67.2167
3429.57	-88.8052
3428.28	-63.3553
3426.99	-62.8698
3425.7	-80.3492
3424.41	-84.7961
3423.12	-59.2115
3421.83	-64.5975
3420.54	-85.9557
3419.24	-106.286
3417.95	-87.5929
3416.66	-50.8759
3415.37	-57.1361
3414.07	-73.3763
3412.78	-56.5973
3411.48	-62.7997
3410.19	-77.9866
3408.9	-77.1582
3407.6	-44.3162
3406.31	-71.4617
3405.01	-44.5962
3403.72	-39.7208
3402.42	-38.8367
3401.12	-59.9446
3399.82	-47.0471
3398.53	-61.1445
3397.23	-32.2382
3395.93	-43.3292
3394.63	-53.4186
3393.33	-40.5084
3392.04	-54.5981
3390.74	-73.6896
3389.44	-32.7837
3388.14	-57.8817
3386.84	-32.9845
3385.53	-41.093
3384.23	-40.2091
3382.93	-31.3323
3381.63	-23.4641
3380.33	-22.6055
3379.03	-44.7579
3377.72	-7.92126
3376.42	-33.0967
3375.12	-24.2858
3373.81	-11.4883
3372.51	-26.7062
3371.2	-33.9388
3369.9	-28.1885
3368.59	-13.4546
3367.29	-4.73914
3365.98	-26.0416
3364.68	-37.3639
3363.37	-25.7056
3362.06	-22.0685
3360.76	-21.4526
3359.45	-27.8584
3358.14	-11.2871
3356.83	-9.73914
3355.52	-11.2145
3354.22	-14.7147
3352.91	-4.23999
3351.6	-31.7909
3350.29	17.6322
3348.98	5.02893
3347.67	-0.601929
3346.36	-11.2604
3345.04	-6.94714
3343.73	-8.66248
3342.42	-20.407
3341.11	-3.18115
3339.8	-12.9854
3338.48	-0.819946
3337.17	8.31445
3335.86	-13.5824
3334.54	23.489
3333.23	14.5283
3331.91	10.5352
3330.6	4.50928
3329.28	35.4502
3327.97	-5.64246
3326.65	23.2312
3325.34	7.07068
3324.02	-4.12427
3322.7	-6.354
3321.38	-15.6185
3320.07	7.08142
3318.75	4.74585
3317.43	40.3749
3316.11	6.96753
3314.79	2.52417
3313.47	27.0442
3312.15	19.5278
3310.83	14.9741
3309.51	14.3838
3308.19	39.7563
3306.87	27.0911
3305.55	33.3887
3304.23	22.6486
3302.9	7.87
3301.58	26.054
3300.26	15.2001
3298.94	9.30774
3297.61	47.3765
3296.29	15.4073
3294.96	8.39978
3293.64	-5.64648
3292.31	6.2688
3290.99	19.1453
3289.66	21.9828
3288.34	-8.21851
3287.01	-7.4585
3285.68	-22.7378
3284.36	0.944214
3283.03	13.5872
3281.7	0.190918
3280.37	25.7559
3279.05	13.2826
3277.72	35.7695
3276.39	27.2172
3275.06	13.626
3273.73	-10.0031
3272.4	42.3278
3271.07	52.6196
3269.74	11.874
3268.41	38.0883
3267.08	53.2651
3265.74	52.4019
3264.41	66.5015
3263.08	40.5605
3261.75	10.5831
3260.41	63.5657
3259.08	61.5115
3257.75	71.4171
3256.41	83.2866
3255.08	49.1179
3253.74	86.9095
3252.41	82.6652
3251.07	88.3833
3249.74	97.0637
3248.4	86.7064
3247.06	102.31
3245.73	98.8784
3244.39	118.41
3243.05	112.904
3241.71	126.361
3240.37	120.782
3239.04	148.167
3237.7	132.515
3236.36	125.827
3235.02	119.103
3233.68	137.342
3232.34	135.549
3231	143.718
3229.66	128.852
3228.31	157.95
3226.97	142.016
3225.63	135.044
3224.29	152.038
3222.94	161
3221.6	153.926
3220.26	143.817
3218.91	154.677
3217.57	149.501
3216.23	128.294
3214.88	147.051
3213.53	158.778
3212.19	114.472
3210.84	116.13
3209.5	169.76
3208.15	117.357
3206.8	122.919
3205.46	105.452
3204.11	113.954
3202.76	123.425
3201.41	146.865
3200.06	114.27
3198.71	97.6486
3197.36	123.996
3196.01	116.314
3194.66	104.602
3193.31	83.8596
3191.96	120.089
3190.61	125.288
3189.26	123.461
3187.91	121.603
3186.56	134.716
3185.2	106.801
3183.85	105.858
3182.5	108.891
3181.14	113.893
3179.79	137.867
3178.44	107.818
3177.08	129.738
3175.73	134.632
3174.37	115.503
3173.01	85.3438
3171.66	132.163
3170.3	68.9565
3168.95	96.7212
3167.59	99.4642
3166.23	116.179
3164.87	64.8729
3163.51	107.542
3162.16	95.1865
3160.8	109.805
3159.44	116.402
3158.08	121.976
3156.72	91.5277
3155.36	129.055
3154	87.5607
3152.64	141.044
3151.28	105.505
3149.91	93.9436
3148.55	108.361
3147.19	72.7567
3145.83	115.132
3144.46	79.4852
3143.1	126.819
3141.74	128.135
3140.37	99.4264
3139.01	112.699
3137.64	115.955
3136.28	103.188
3134.91	137.401
3133.55	82.5996
3132.18	80.7755
3130.81	89.9366
3129.45	121.075
3128.08	114.199
3126.71	124.302
3125.34	130.391
3123.98	96.4617
3122.61	111.512
3121.24	95.5497
3119.87	116.57
3118.5	72.5735
3117.13	65.561
3115.76	60.5277
3114.39	91.4835
3113.02	99.4232
3111.64	71.3472
3110.27	115.256
3108.9	88.1501
3107.53	125.03
3106.15	75.8942
3104.78	79.7485
3103.41	88.5846
3102.03	118.406
3100.66	94.2148
3099.29	83.0131
3097.91	54.7948
3096.53	62.562
3095.16	40.3214
3093.78	40.064
3092.41	55.7936
3091.03	68.5151
3089.65	104.219
3088.27	45.9169
3086.9	45.6022
3085.52	46.2717
3084.14	47.9341
3082.76	39.5848
3081.38	53.2203
3080	86.8494
3078.62	40.4681
3077.24	62.076
3075.86	65.6732
3074.48	59.2599
3073.1	61.8331
3071.72	35.4
3070.33	21.9578
3068.95	20.5057
3067.57	25.0486
3066.19	59.5781
3064.8	45.0983
3063.42	73.6101
3062.03	38.1128
3060.65	61.6115
3059.26	28.0973
3057.88	16.5746
3056.49	18.0482
3055.11	41.5096
3053.72	15.9639
3052.33	14.4139
3050.95	11.8521
3049.56	8.28748
3048.17	-29.2849
3046.78	-0.867676
3045.4	29.5461
3044.01	21.9528
3042.62	9.34924
3041.23	1.74268
3039.84	-52.8698
3038.45	5.51111
3037.06	4.88538
3035.67	-20.7458
3034.28	4.61658
3032.88	-5.02637
3031.49	-24.6763
3030.1	9.66968
3028.71	-37.9912
3027.31	20.343
3025.92	-9.32739
3024.52	-22.0045
3023.13	-5.68103
3021.74	-32.3679
3020.34	-38.0591
3018.95	2.24951
3017.55	-35.4509
3016.16	-58.1523
3014.76	-9.86279
3013.36	2.4281
3011.96	-14.2908
3010.57	-26.0104
3009.17	-32.7374
3007.77	-19.464
3006.37	-10.1949
3004.97	-0.930176
3003.57	-45.6737
3002.17	-48.4163
3000.77	-28.162
2999.37	-4.91174
2997.97	-8.66541
2996.57	-8.42285
2995.17	-14.1832
2993.77	5.05273
2992.37	25.286
2990.97	-23.4844
2989.56	1.7417
2988.16	35.9705
2986.76	31.1897
2985.35	-45.5925
2983.95	-3.37915
2982.54	8.83716
2981.14	-28.9548
2979.73	-30.7439
2978.33	16.4587
2976.92	16.6633
2975.51	1.86108
2974.11	74.0596
2972.7	4.25732
2971.29	56.4458
2969.89	-18.3623
2968.48	43.8269
2967.07	-0.989014
2965.66	-6.80469
2964.25	12.377
2962.84	17.5571
2961.43	-0.268799
2960.02	42.9058
2958.61	-0.919189
2957.2	15.2512
2955.79	41.4189
2954.38	13.5852
2952.96	27.7507
2951.55	46.9119
2950.14	28.0735
2948.73	14.2327
2947.31	-50.6128
2945.9	49.5425
2944.48	-19.3047
2943.07	19.8455
2941.65	27.9944
2940.24	-10.8594
2938.82	-5.71436
2937.41	48.4302
2935.99	35.5703
2934.57	2.71094
2933.16	29.8474
2931.74	-14.0168
2930.32	24.1177
2928.9	70.2478
2927.48	45.3774
2926.06	37.5056
2924.64	24.6316
2923.22	66.7549
2921.8	62.8799
2920.38	57.9995
2918.96	57.1165
2917.54	43.2341
2916.12	61.3474
2914.7	-21.5391
2913.28	21.5723
2911.85	-32.3213
2910.43	25.7849
2909.01	9.88965
2907.58	37.9917
2906.16	42.094
2904.74	22.1919
2903.31	70.2883
2901.88	75.3809
2900.46	20.4739
2899.03	-24.4348
2897.61	-5.34912
2896.18	43.7368
2894.75	43.821
2893.33	-1.09863
2891.9	21.9812
2890.47	16.0569
2889.04	52.1311
2887.61	39.2021
2886.18	-20.7295
2884.75	74.3389
2883.32	-3.5979
2881.89	67.4646
2880.46	17.5251
2879.03	62.5806
2877.6	75.6348
2876.17	39.6873
2874.74	43.7363
2873.3	65.7834
2871.87	55.8262
2870.44	54.8699
2869.01	25.9072
2867.57	22.9412
2866.14	64.9761
2864.7	85.0063
2863.27	24.0325
2861.83	38.0571
2860.4	38.0784
2858.96	14.0969
2857.52	13.1123
2856.09	105.124
2854.65	57.1328
2853.21	60.1404
2851.77	25.1421
2850.34	30.1431
2848.9	33.1384
2847.46	8.13306
2846.02	72.1228
2844.58	36.1099
2843.14	15.094
2841.7	4.073
2840.26	100.049
2838.82	21.0215
2837.37	75.9907
2835.93	16.9578
2834.49	45.9189
2833.05	40.8789
2831.6	26.8315
2830.16	44.7842
2828.72	-25.2686
2827.27	99.6755
2825.83	2.61548
2824.38	0.551758
2822.94	34.4829
2821.49	-13.5896
2820.05	3.33667
2818.6	-15.7446
2817.15	24.1726
2815.71	-21.9158
2814.26	-35.0078
2812.81	-10.1035
2811.36	9.79736
2809.91	-23.3076
2808.47	-25.4163
2807.02	14.4702
2805.57	58.3552
2804.12	29.2332
2802.67	13.1052
2801.22	16.9766
2799.76	63.8428
2798.31	46.7021
2796.86	31.5586
2795.41	-25.5891
2793.96	-28.7417
2792.5	33.1006
2791.05	15.9377
2789.6	-25.2261
2788.14	9.60181
2786.69	-11.5735
2785.23	30.2451
2783.78	109.06
2782.32	6.87036
2780.86	39.6741
2779.41	27.4746
2777.95	73.2698
2776.5	14.0625
2775.04	31.8479
2773.58	60.6279
2772.12	127.406
2770.66	57.1746
2769.2	70.9412
2767.74	70.7002
2766.29	117.457
2764.83	42.208
2763.36	17.9536
2761.9	7.69458
2760.44	64.4299
2758.98	82.1599
2757.52	13.886
2756.06	116.605
2754.59	56.3215
2753.13	95.0298
2751.67	116.735
2750.2	33.4353
2748.74	122.13
2747.28	98.8181
2745.81	76.5017
2744.35	104.18
2742.88	99.8542
2741.41	72.5217
2739.95	92.1855
2738.48	89.8416
2737.01	88.4939
2735.55	23.1414
2734.08	151.783
2732.61	122.42
2731.14	132.05
2729.67	68.6758
2728.2	52.2952
2726.73	59.9089
2725.26	59.52
2723.79	49.1233
2722.32	64.7227
2720.85	93.3174
2719.38	67.9063
2717.91	116.489
2716.44	120.067
2714.96	40.6392
2713.49	87.2058
2712.02	55.769
2710.54	124.324
2709.07	34.8745
2707.59	40.4214
2706.12	83.9636
2704.64	69.499
2703.17	22.0295
2701.69	42.5544
2700.22	158.075
2698.74	80.5884
2697.26	98.0974
2695.78	24.6028
2694.31	72.1013
2692.83	88.5967
2691.35	80.0862
2689.87	125.57
2688.39	110.047
2686.91	90.5205
2685.43	114.992
2683.95	57.4551
2682.47	108.912
2680.99	96.3674
2679.51	106.815
2678.03	58.2605
2676.54	65.6973
2675.06	4.13184
2673.58	16.561
2672.09	64.9861
2670.61	87.4058
2669.13	63.8225
2667.64	119.232
2666.16	90.6357
2664.67	95.0381
2663.18	121.433
2661.7	27.8247
2660.21	108.213
2658.72	40.5957
2657.24	51.9736
2655.75	99.3464
2654.26	117.716
2652.77	42.082
2651.28	47.4414
2649.8	29.7981
2648.31	92.1489
2646.82	35.4973
2645.33	36.8408
2643.84	58.1797
2642.34	41.5151
2640.85	97.845
2639.36	-5.82861
2637.87	125.496
2636.38	76.8137
2634.88	87.1313
2633.39	103.44
2631.9	78.7485
2630.4	55.052
2628.91	15.3523
2627.41	54.6484
2625.92	95.9414
2624.42	114.233
2622.93	122.517
2621.43	135.801
2619.93	56.0779
2618.44	127.353
2616.94	80.626
2615.44	59.895
2613.94	-4.83862
2612.44	51.4229
2610.95	99.6819
2609.45	24.9375
2607.95	19.1917
2606.45	49.4402
2604.95	86.6887
2603.44	114.934
2601.94	80.1768
2600.44	96.4153
2598.94	69.6519
2597.44	116.885
2595.93	78.1155
2594.43	51.3452
2592.93	37.5706
2591.42	26.7954
2589.92	195.014
2588.42	36.2344
2586.91	103.452
2585.4	105.666
2583.9	110.878
2582.39	93.0881
2580.89	102.299
2579.38	58.5046
2577.87	108.711
2576.36	71.9119
2574.86	115.113
2573.35	78.3135
2571.84	75.5117
2570.33	102.708
2568.82	142.902
2567.31	123.097
2565.8	103.289
2564.29	122.48
2562.78	114.668
2561.27	175.856
2559.75	124.044
2558.24	149.23
2556.73	129.415
2555.22	163.598
2553.7	54.7808
2552.19	143.965
2550.68	137.145
2549.16	145.326
2547.65	103.507
2546.13	93.6841
2544.61	54.863
2543.1	122.041
2541.58	132.218
2540.07	84.3977
2538.55	71.5745
2537.03	40.7524
2535.51	50.9275
2533.99	79.1042
2532.48	133.281
2530.96	69.4583
2529.44	90.6345
2527.92	70.8105
2526.4	46.9861
2524.88	85.1624
2523.36	81.3406
2521.83	40.5166
2520.31	47.6946
2518.79	41.8735
2517.27	46.0527
2515.74	54.2319
2514.22	58.4111
2512.7	62.5903
2511.17	38.77
2509.65	50.9526
2508.12	22.1343
2506.6	30.3179
2505.07	-8.49707
2503.55	41.6875
2502.02	74.8735
2500.49	-18.9395
2498.97	51.248
2497.44	40.439
2495.91	68.6279
2494.38	59.8203
2492.85	29.0117
2491.32	-4.79395
2489.8	90.4023
2488.27	56.5981
2486.74	12.7964
2485.2	17.9956
2483.67	12.1992
2482.14	-37.5996
2480.61	31.605
2479.08	-77.1904
2477.55	6.01758
2476.01	45.2266
2474.48	57.437
2472.95	-33.3501
2471.41	-49.1333
2469.88	29.082
2468.34	55.2993
2466.81	53.5195
2465.27	-69.2573
2463.74	-16.0327
2462.2	-20.8062
2460.66	-44.5786
2459.12	-7.34912
2457.59	-18.1182
2456.05	-24.8848
2454.51	-58.6475
2452.97	-7.4082
2451.43	19.8306
2449.89	-42.9258
2448.35	-55.6816
2446.81	-34.4346
2445.27	-16.186
2443.73	-61.9331
2442.19	5.31934
2440.65	-54.4229
2439.11	-55.167
2437.56	-38.9048
2436.02	-99.6416
2434.48	-33.377
2432.93	-60.1099
2431.39	2.15967
2429.84	-35.5669
2428.3	-31.2935
2426.75	-75.0156
2425.21	-25.7354
2423.66	-42.4561
2422.12	-0.172852
2420.57	-39.8867
2419.02	-60.5957
2417.47	-57.3062
2415.93	-75.0142
2414.38	2.28271
2412.83	-22.4219
2411.28	3.87842
2409.73	16.1812
2408.18	-52.5137
2406.63	26.792
2405.08	-6.8999
2403.53	87.4136
2401.98	49.7251
2400.42	8.04199
2398.87	34.3569
2397.32	-77.3223
2395.77	44
2394.21	30.3228
2392.66	-12.3516
2391.1	43.979
2389.55	-23.6924
2387.99	-18.3589
2386.44	-72.0269
2384.88	-58.6909
2383.33	55.647
2381.77	-15.0137
2380.21	12.3271
2378.66	-26.3301
2377.1	57.0132
2375.54	1.36084
2373.98	58.707
2372.42	-12.9429
2370.86	-75.5918
2369.3	60.7612
2367.74	85.1143
2366.18	52.4692
2364.62	-0.175293
2363.06	13.1836
2361.5	-16.459
2359.94	48.9014
2358.37	-8.73682
2356.81	31.626
2355.25	62.9888
2353.68	48.3516
2352.12	83.7153
2350.56	4.08252
2348.99	0.447266
2347.43	100.815
2345.86	-11.8203
2344.29	64.5479
2342.73	-20.084
2341.16	-67.7163
2339.59	113.654
2338.03	74.0229
2336.46	40.3901
2334.89	68.7598
2333.32	-17.8711
2331.75	105.498
2330.18	117.864
2328.61	108.234
2327.04	46.6001
2325.47	173.967
2323.9	78.334
2322.33	109.697
2320.76	109.063
2319.18	155.427
2317.61	157.787
2316.04	164.151
2314.47	56.5112
2312.89	178.869
2311.32	135.225
2309.74	112.582
2308.17	246.938
2306.59	135.288
2305.02	189.638
2303.44	203.987
2301.86	119.332
2300.29	141.679
2298.71	158.02
2297.13	218.359
2295.55	185.695
2293.97	224.03
2292.4	204.36
2290.82	240.689
2289.24	228.014
2287.66	232.335
2286.08	217.655
2284.49	110.969
2282.91	291.282
2281.33	95.5894
2279.75	224.894
2278.17	208.194
2276.58	201.49
2275	233.781
2273.42	263.067
2271.83	296.351
2270.25	286.63
2268.66	253.901
2267.08	216.169
2265.49	245.432
2263.91	260.689
2262.32	262.944
2260.73	157.19
2259.14	236.432
2257.56	221.666
2255.97	297.896
2254.38	258.12
2252.79	199.336
2251.2	225.546
2249.61	272.749
2248.02	247.948
2246.43	206.137
2244.84	331.32
2243.25	207.497
2241.66	285.663
2240.07	219.824
2238.47	250.979
2236.88	340.124
2235.29	265.26
2233.69	216.39
2232.1	342.508
2230.5	160.622
2228.91	301.725
2227.31	292.819
2225.72	362.904
2224.12	451.982
2222.53	222.048
2220.93	303.106
2219.33	265.152
2217.73	234.19
2216.14	181.218
2214.54	245.235
2212.94	172.242
2211.34	179.24
2209.74	294.225
2208.14	226.201
2206.54	215.162
2204.94	301.116
2203.34	265.056
2201.74	264.985
2200.13	288.902
2198.53	313.81
2196.93	221.702
2195.33	221.584
2193.72	216.453
2192.12	234.307
2190.51	225.15
2188.91	293.983
2187.3	239.799
2185.7	283.601
2184.09	393.392
2182.48	239.166
2180.88	329.929
2179.27	382.678
2177.66	381.412
2176.05	330.13
2174.45	389.834
2172.84	313.525
2171.23	324.199
2169.62	333.86
2168.01	382.504
2166.4	358.134
2164.79	394.747
2163.18	350.343
2161.56	306.924
2159.95	295.49
2158.34	318.037
2156.73	504.569
2155.11	252.085
2153.5	282.584
2151.89	317.064
2150.27	412.527
2148.66	295.976
2147.04	278.404
2145.43	249.816
2143.81	377.21
2142.19	314.585
2140.58	300.941
2138.96	350.279
2137.34	349.597
2135.72	223.896
2134.1	330.18
2132.48	341.444
2130.86	352.685
2129.25	411.908
2127.63	283.115
2126	298.298
2124.38	374.462
2122.76	323.608
2121.14	333.729
2119.52	320.834
2117.9	340.917
2116.27	420.979
2114.65	399.02
2113.03	374.039
2111.4	378.04
2109.78	290.016
2108.15	253.973
2106.53	326.908
2104.9	275.821
2103.27	325.711
2101.65	395.579
2100.02	303.425
2098.39	310.25
2096.77	312.053
2095.14	276.829
2093.51	405.586
2091.88	207.318
2090.25	353.027
2088.62	369.717
2086.99	399.378
2085.36	412.02
2083.73	400.634
2082.1	323.227
2080.46	440.796
2078.83	323.341
2077.2	455.86
2075.57	391.359
2073.93	432.829
2072.3	395.278
2070.66	379.702
2069.03	436.102
2067.4	445.475
2065.76	395.823
2064.12	440.146
2062.49	376.447
2060.85	491.718
2059.21	359.968
2057.58	357.191
2055.94	388.388
2054.3	456.56
2052.66	461.706
2051.02	412.829
2049.38	440.921
2047.74	387.991
2046.1	396.035
2044.46	376.052
2042.82	273.042
2041.18	318.006
2039.53	334.943
2037.89	400.857
2036.25	303.74
2034.61	313.6
2032.96	213.433
2031.32	337.239
2029.67	382.018
2028.03	396.773
2026.38	362.498
2024.74	318.198
2023.09	304.868
2021.44	294.514
2019.8	245.133
2018.15	269.723
2016.5	272.291
2014.85	290.828
2013.21	351.339
2011.56	363.82
2009.91	293.278
2008.26	267.708
2006.61	304.109
2004.96	309.488
2003.3	278.834
2001.65	354.154
2000	258.449
1998.35	305.716
1996.7	249.956
1995.04	331.168
1993.39	282.354
1991.74	329.515
1990.08	291.644
1988.43	368.75
1986.77	402.828
1985.12	256.874
1983.46	269.897
1981.8	353.896
1980.15	368.865
1978.49	342.805
1976.83	404.722
1975.17	364.612
1973.51	279.475
1971.86	363.31
1970.2	269.118
1968.54	396.898
1966.88	257.657
1965.22	258.384
1963.55	311.087
1961.89	258.765
1960.23	219.415
1958.57	188.038
1956.91	301.635
1955.24	330.21
1953.58	224.753
1951.92	240.274
1950.25	298.77
1948.59	176.239
1946.92	275.681
1945.26	399.103
1943.59	285.493
1941.92	273.863
1940.26	213.202
1938.59	177.52
1936.92	215.813
1935.25	231.08
1933.59	230.327
1931.92	288.543
1930.25	180.735
1928.58	186.907
1926.91	207.054
1925.24	153.176
1923.57	194.274
1921.9	283.348
1920.22	130.402
1918.55	211.428
1916.88	174.434
1915.21	197.417
1913.53	212.376
1911.86	152.313
1910.18	113.225
1908.51	43.1206
1906.83	90.9873
1905.16	158.836
1903.48	163.664
1901.81	70.4688
1900.13	129.251
1898.45	58.0122
1896.78	61.7568
1895.1	112.475
1893.42	132.177
1891.74	133.857
1890.06	26.5176
1888.38	55.1563
1886.7	12.7754
1885.02	112.379
1883.34	-28.0415
1881.66	96.5225
1879.98	19.0669
1878.3	51.5928
1876.61	50.0991
1874.93	7.5874
1873.25	-17.939
1871.56	-54.4873
1869.88	77.9502
1868.19	-32.6294
1866.51	-67.2261
1864.82	-73.8408
1863.14	47.5288
1861.45	-68.1147
1859.76	-198.779
1858.08	-90.4546
1856.39	-63.146
1854.7	-48.8525
1853.01	-30.5752
1851.32	-61.3076
1849.63	-147.06
1847.95	6.17871
1846.25	-124.602
1844.56	-11.3916
1842.87	-78.1943
1841.18	-51.0059
1839.49	-52.8354
1837.8	-69.6782
1836.11	-83.5273
1834.41	-198.389
1832.72	-37.2627
1831.03	-172.147
1829.33	-78.0435
1827.64	-224.946
1825.94	-130.863
1824.25	-201.785
1822.55	-161.724
1820.85	-158.665
1819.16	-155.611
1817.46	-164.572
1815.76	-174.541
1814.06	-162.513
1812.36	-226.499
1810.67	-231.485
1808.97	-283.48
1807.27	-166.482
1805.57	-144.485
1803.87	-184.5
1802.17	-253.515
1800.46	-235.542
1798.76	-196.568
1797.06	-177.599
1795.36	-159.629
1793.65	-202.669
1791.95	-283.712
1790.25	-235.755
1788.54	-218.8
1786.84	-139.848
1785.13	-274.898
1783.43	-167.95
1781.72	-138.005
1780.01	-175.056
1778.31	-192.112
1776.6	-147.164
1774.89	-258.216
1773.18	-215.269
1771.47	-87.3208
1769.77	-256.367
1768.06	-205.417
1766.35	-89.46
1764.64	-61.5015
1762.92	-93.5405
1761.21	-104.578
1759.5	-36.6113
1757.79	-20.6372
1756.08	-62.6641
1754.36	-22.6816
1752.65	-0.695313
1750.94	123.296
1749.22	31.2925
1747.51	100.299
1745.79	84.3071
1744.08	41.3252
1742.36	-44.6494
1740.65	3.38281
1738.93	50.4229
1737.21	86.4697
1735.49	40.5244
1733.78	-48.4072
1732.06	13.6699
1730.34	-106.249
1728.62	-14.1543
1726.9	62.9561
1725.18	40.0703
1723.46	-0.803711
1721.74	67.3369
1720.02	143.489
1718.3	14.6523
1716.57	90.8271
1714.85	-10.9854
1713.13	63.2139
1711.41	-12.5674
1709.68	102.657
1707.96	2.90137
1706.23	-47.8418
1704.51	-40.5693
1702.78	-52.2783
1701.05	28.0215
1699.33	-69.6582
1697.6	24.6729
1695.87	15.0244
1694.15	-38.6084
1692.42	35.7754
1690.69	27.1807
1688.96	30.5977
1687.23	76.0371
1685.5	75.4932
1683.77	70.9668
1682.04	178.459
1680.31	92.9707
1678.58	29.499
1676.85	212.052
1675.11	313.624
1673.38	330.215
1671.65	379.826
1669.91	426.457
1668.18	460.108
1666.44	436.784
1664.71	545.477
1662.97	481.194
1661.24	656.934
1659.5	779.693
1657.76	834.476
1656.03	1059.29
1654.29	1152.11
1652.55	1083.96
1650.81	1215.84
1649.07	1345.74
1647.33	1492.66
1645.59	1615.6
1643.85	1632.58
1642.11	1800.57
1640.37	1794.59
1638.63	1974.63
1636.89	2092.7
1635.15	2217.8
1633.4	2211.91
1631.66	2258.06
1629.92	2448.23
1628.17	2634.42
1626.43	2733.64
1624.68	2834.89
1622.94	3023.16
1621.19	2986.46
1619.45	3236.79
1617.7	3409.14
1615.95	3476.52
1614.21	3330.92
1612.46	3263.35
1610.71	3349.8
1608.96	3278.29
1607.21	3202.8
1605.46	3103.34
1603.71	3055.91
1601.96	3070.5
1600.21	2997.12
1598.46	2958.77
1596.71	2919.44
1594.95	2951.14
1593.2	2908.87
1591.45	2921.63
1589.7	3009.41
1587.94	2944.22
1586.19	3001.06
1584.43	3154.93
1582.68	3352.82
1580.92	3365.74
1579.16	3495.69
1577.41	3325.66
1575.65	3371.66
1573.89	3285.69
1572.13	3286.74
1570.38	3200.83
1568.62	3028.94
1566.86	2999.07
1565.1	2879.23
1563.34	2765.43
1561.58	2875.64
1559.82	2730.88
1558.06	2627.15
1556.29	2668.44
1554.53	2430.77
1552.77	2519.11
1551.01	2333.48
1549.24	2516.88
1547.48	2527.3
1545.71	2635.75
1543.95	2569.22
1542.18	2677.72
1540.42	2620.24
1538.65	2654.79
1536.89	2588.35
1535.12	2670.95
1533.35	2788.56
1531.58	2831.21
1529.82	2795.87
1528.05	2811.55
1526.28	2884.26
1524.51	2816.99
1522.74	2963.75
1520.97	3099.52
1519.2	3236.31
1517.42	3108.13
1515.65	3193.97
1513.88	3116.83
1512.11	3248.7
1510.33	3398.6
1508.56	3495.52
1506.79	3492.45
1505.01	3675.41
1503.24	3776.38
1501.46	3641.37
1499.69	3689.37
1497.91	3923.4
1496.13	3986.43
1494.36	4034.49
1492.58	4342.56
1490.8	4151.65
1489.02	4322.75
1487.24	4335.87
1485.46	4299
1483.68	4523.14
1481.9	4409.3
1480.12	4400.47
1478.34	4244.64
1476.56	4169.84
1474.78	4207.04
1473	4174.25
1471.21	4089.47
1469.43	4298.7
1467.65	4138.94
1465.86	4135.19
1464.08	4214.44
1462.29	4265.71
1460.51	4187.97
1458.72	4358.25
1456.93	4167.53
1455.15	4130.81
1453.36	4164.1
1451.57	4125.39
1449.79	3927.68
1448	4135.98
1446.21	4281.27
1444.42	4111.57
1442.63	4065.86
1440.84	3981.16
1439.05	3936.46
1437.26	3952.75
1435.46	3894.04
1433.67	3866.32
1431.88	3967.6
1430.09	4118.88
1428.29	4007.15
1426.5	4043.41
1424.71	4252.67
1422.91	4144.92
1421.12	4280.16
1419.32	4270.39
1417.52	4299.61
1415.73	4405.82
1413.93	4350.02
1412.13	4249.21
1410.34	4363.38
1408.54	4301.54
1406.74	4400.68
1404.94	4295.81
1403.14	4340.92
1401.34	4298.01
1399.54	4140.08
1397.74	4343.14
1395.94	4256.18
1394.14	4220.2
1392.33	4094.19
1390.53	4095.16
1388.73	4048.11
1386.92	4022.03
1385.12	4094.93
1383.32	4021.81
1381.51	3947.65
1379.7	3875.47
1377.9	3837.26
1376.09	3829.02
1374.29	3925.75
1372.48	3946.45
1370.67	4029.12
1368.86	3945.75
1367.05	3908.35
1365.25	3965.92
1363.44	3981.44
1361.63	4005.94
1359.82	3999.39
1358.01	4127.81
1356.19	4174.19
1354.38	4212.52
1352.57	4343.82
1350.76	4286.07
1348.95	4473.28
1347.13	4477.44
1345.32	4675.57
1343.5	4779.64
1341.69	5139.67
1339.87	5488.65
1338.06	5725.58
1336.24	5811.46
1334.43	6356.29
1332.61	6651.07
1330.79	7009.8
1328.97	7203.47
1327.16	7079.09
1325.34	7259.65
1323.52	7120.16
1321.7	7067.61
1319.88	6721
1318.06	6391.33
1316.24	6298.6
1314.41	6084.81
1312.59	5806.96
1310.77	5664.04
1308.95	5428.07
1307.12	5202.03
1305.3	4862.92
1303.48	4892.74
1301.65	4757.5
1299.83	4723.19
1298	4546.81
1296.18	4901.35
1294.35	4965.84
1292.52	4764.24
1290.69	4851.57
1288.87	5154.84
1287.04	5230.02
1285.21	5374.13
1283.38	5401.16
1281.55	5461.11
1279.72	5727.99
1277.89	5959.79
1276.06	6223.51
1274.23	6492.14
1272.4	6635.7
1270.57	6781.17
1268.73	6770.56
1266.9	6993.86
1265.07	7029.09
1263.23	7078.22
1261.4	7114.27
1259.56	7144.23
1257.73	7169.1
1255.89	7157.88
1254.06	7101.58
1252.22	7121.17
1250.38	6916.68
1248.54	6846.11
1246.71	6753.43
1244.87	7124.67
1243.03	6898.8
1241.19	6795.84
1239.35	6734.79
1237.51	6561.65
1235.67	6307.4
1233.83	6021.06
1231.98	5818.61
1230.14	5394.07
1228.3	5138.43
1226.46	4747.7
1224.61	4646.85
1222.77	4387.91
1220.92	4153.86
1219.08	3833.72
1217.23	3850.47
1215.39	3698.12
1213.54	3678.66
1211.7	3654.1
1209.85	3457.43
1208	3401.65
1206.15	3447.77
1204.3	3397.78
1202.45	3204.68
1200.61	3330.48
1198.76	3302.17
1196.91	3230.75
1195.05	3079.22
1193.2	3021.58
1191.35	3083.84
1189.5	2980.98
1187.65	2941.01
1185.79	2987.93
1183.94	3174.74
1182.09	3296.45
1180.23	3500.03
1178.38	3783.51
1176.52	4109.87
1174.67	4306.12
1172.81	4725.26
1170.95	5102.28
1169.1	5348.2
1167.24	5622
1165.38	5870.69
1163.52	5991.26
1161.66	5929.72
1159.8	5935.06
1157.94	5762.29
1156.08	5791.41
1154.22	5623.41
1152.36	5503.3
1150.5	5340.08
1148.64	5359.74
1146.77	5098.3
1144.91	4919.73
1143.05	4878.05
1141.18	4610.26
1139.32	4393.36
1137.45	4300.33
1135.59	4275.21
1133.72	4229.97
1131.86	3951.61
1129.99	3906.14
1128.12	3711.55
1126.25	3607.87
1124.39	3729.05
1122.52	3751.14
1120.65	3603.11
1118.78	3970.97
1116.91	4052.73
1115.04	4186.36
1113.17	4061.9
1111.3	4011.32
1109.42	3593.63
1107.55	3347.83
1105.68	2926.93
1103.81	2407.92
1101.93	2112.8
1100.06	1888.58
1098.18	1806.24
1096.31	1406.8
1094.43	1405.27
1092.56	1308.62
1090.68	1236.87
1088.8	1118.02
1086.93	1048.06
1085.05	1014.01
1083.17	969.854
1081.29	795.592
1079.41	972.238
1077.53	921.783
1075.65	680.23
1073.77	656.587
1071.89	786.837
1070.01	629.001
1068.13	476.066
1066.24	673.038
1064.36	700.916
1062.48	591.709
1060.59	722.4
1058.71	707.009
1056.83	591.529
1054.94	524.957
1053.05	645.299
1051.17	494.563
1049.28	477.729
1047.39	441.822
1045.51	289.83
1043.62	410.753
1041.73	332.597
1039.84	241.368
1037.95	173.06
1036.06	73.6631
1034.17	209.211
1032.28	147.67
1030.39	-4.94434
1028.5	33.3779
1026.61	-127.384
1024.71	-124.205
1022.82	-20.0977
1020.93	121.954
1019.03	17.9268
1017.14	-41.1553
1015.24	28.6855
1013.35	37.4756
1011.45	87.2041
1009.56	-160.117
1007.66	-20.5098
1005.76	23.0527
1003.86	35.5576
1001.97	-68.9912
1000.07	210.406
998.167	224.752
996.268	113.059
994.368	79.3164
992.466	-34.4854
990.565	97.6787
988.664	73.8105
986.762	31.8877
984.86	-36.0654
982.957	-7.05762
981.053	47.8994
979.15	117.845
977.245	5.74121
975.34	-40.3945
973.435	88.4492
971.53	46.2627
969.624	14.0469
967.717	-108.195
965.809	-8.46289
963.902	-33.7432
961.994	100.954
960.086	-98.3691
958.177	-13.7109
956.267	82.9287
954.357	-11.4463
952.447	-111.823
950.536	-285.214
948.625	-266.615
946.713	-258.025
944.8	-203.444
942.888	-352.856
940.974	-245.285
939.061	-201.705
937.147	-349.126
935.233	-277.534
933.317	-165.952
931.402	-330.354
929.485	-255.764
927.569	-277.154
925.652	-401.536
923.735	-432.896
921.817	-269.256
919.899	-479.591
917.98	-373.911
916.061	-159.215
914.141	-300.5
912.22	-336.768
910.3	-275
908.378	-244.224
906.456	-490.41
904.534	-300.572
902.612	-155.695
900.689	-210.801
898.766	-236.866
896.841	-176.911
894.916	-161.911
892.991	-208.877
891.066	68.2031
889.14	-13.6904
887.214	56.4658
885.287	102.662
883.36	69.8975
881.432	185.177
879.504	319.511
877.575	598.877
875.646	819.302
873.716	1193.77
871.786	1626.29
869.855	2183.86
867.924	2752.5
865.992	3334.17
864.06	3665.9
862.128	3979.69
860.194	3627.54
858.261	3582.45
856.327	3482.41
854.393	3415.43
852.458	3243.52
850.522	3082.66
848.586	2935.87
846.65	2753.15
844.714	2612.49
842.776	2687.88
840.838	2359.34
838.901	2306.89
836.961	2379.48
835.023	2354.15
833.082	2615.88
831.142	2538.68
829.202	2558.56
827.261	2702.51
825.319	2859.51
823.377	2993.6
821.434	3006.74
819.491	3032.97
817.548	3370.27
815.604	3428.64
813.66	3482.08
811.715	3314.58
809.769	3277.17
807.823	3261.82
805.878	3021.55
803.93	2966.35
801.983	3140.22
800.035	2700.16
798.087	2564.17
796.139	2562.27
794.189	2287.42
792.24	2062.65
790.289	1806.94
788.339	1681.31
786.387	1832.75
784.436	1579.27
782.484	1617.84
780.532	1448.49
778.578	1354.19
776.624	1595.97
774.671	1317.82
772.716	1293.73
770.762	1385.71
768.806	1177.74
766.85	934.838
764.893	821
762.937	715.23
760.979	682.508
759.022	576.852
757.064	590.252
755.105	494.707
753.145	516.213
751.185	564.771
749.226	375.391
747.264	327.049
745.303	149.764
743.341	-26.4746
741.38	201.34
739.417	147.186
737.454	46.084
735.49	31.0215
733.526	243.994
731.562	273.004
729.596	251.049
727.631	137.133
725.665	7.24609
723.699	124.389
721.732	180.557
719.764	124.746
717.797	12.9688
715.828	91.1992
713.859	244.457
711.889	327.729
709.919	195.012
707.949	86.3164
705.978	102.615
704.007	162.93
702.035	231.246
700.063	246.563
698.091	148.887
696.117	250.193
694.143	-42.498
692.169	74.7988
690.194	58.0801
688.219	-15.6523
686.244	-0.396484
684.267	-29.1738
682.291	-29.9668
680.314	-254.789
678.336	-166.643
676.358	25.4805
674.379	-15.4473
672.4	132.596
670.421	-56.4043
668.441	80.5469
666.46	47.4473
664.479	129.303
662.497	238.094
660.516	482.832
658.533	587.508
656.55	996.117
654.567	1755.67
652.583	2258.13
650.598	2911.53
648.614	3321.84
646.628	3451.08
644.643	3159.23
642.656	2950.29
640.669	2563.26
638.682	2051.13
636.694	1821.9
634.706	1531.57
632.717	1325.14
630.728	1643.59
628.738	1419.93
626.748	1457.15
624.757	1503.25
622.766	1350.24
620.774	1413.09
618.782	1504.81
616.789	1130.4
614.796	1202.85
612.802	1256.16
610.808	1326.33
608.814	1271.35
606.818	1593.2
604.822	1360.92
602.827	1698.48
600.83	1791.87
598.833	1861.1
596.836	2003.16
594.838	2071.05
592.839	2204.77
590.84	2219.3
588.841	2490.67
586.84	2547.84
584.84	2855.83
582.838	2522.62
580.838	2499.24
578.835	2204.65
576.833	2038.87
574.83	1904.88
572.827	1661.69
570.822	1637.29
568.818	1762.68
566.813	1762.87
564.808	1864.85
562.802	2054.6
560.795	1979.13
558.788	2126.44
556.781	2154.54
554.773	2368.41
552.765	2395.05
550.756	2407.46
548.747	2461.63
546.737	2713.58
544.726	2718.28
542.716	2594.76
540.704	2930.99
538.692	3310.98
536.68	3630.74
534.667	3838.24
532.654	4121.51
530.64	4542.53
528.626	4811.31
526.611	4939.84
524.596	5034.12
522.58	5014.15
520.564	4680.93
518.547	4793.46
516.529	4385.73
514.512	4664.77
512.494	4924.55
510.476	4775.08
508.456	5337.35
506.436	5644.37
504.416	6083.13
502.395	6422.65
500.374	7102.92
498.353	7408.93
496.33	7964.69
494.307	8371.2
492.284	8581.46
490.261	8639.48
488.237	8617.25
486.212	8416.76
484.187	8160.03
482.161	7743.06
480.134	7221.83
478.108	6654.37
476.081	6099.67
474.054	5580.74
472.025	5391.55
469.997	5018.13
467.968	4677.48
465.938	4443.59
463.908	4086.46
461.877	4223.1
459.846	4008.52
457.814	3884.71
455.782	3840.68
453.75	3990.42
451.716	4370.93
449.683	4585.23
447.649	5029.32
445.614	5627.18
443.579	6111.83
441.543	6738.26
439.508	7300.5
437.47	7934.5
435.433	8446.31
433.396	8747.92
431.358	8846.33
429.319	8464.52
427.28	8462.53
425.241	8357.33
423.201	8032.93
421.16	7435.33
419.118	7154.53
417.077	6542.56
415.035	5934.38
412.993	5566.01
410.949	5063.43
408.905	4611.67
406.862	4333.72
404.816	3881.55
402.771	3653.21
400.727	3413.69
398.68	3186.95
396.633	3052
394.586	3038.87
392.539	3000.54
390.491	2653.99
388.442	2593.23
386.393	2729.28
384.344	2419.1
382.293	2018.68
380.242	1966.04
378.192	1790.2
376.14	1271.09
374.088	1083.75
372.035	1118.15
369.982	925.291
367.928	615.152
365.874	497.732
363.82	381.039
361.765	178.037
359.709	86.7188
357.653	-223.932
355.596	-157.93
353.539	-169.266
351.481	-257.002
349.423	-222.111
347.364	-289.633
345.305	38.4375
343.245	10.0273
341.185	-82.832
339.125	109.807
337.063	41.9238
335.001	238.488
332.94	353.5
330.876	380.877
328.813	507.643
326.749	410.734
324.685	273.121
322.621	613.791
320.555	1310.65
318.489	990.723
316.423	1302.93
314.356	1389.23
312.29	1810.6
310.221	1965.94
308.153	2261.26
306.084	2492.47
304.015	2442.51
301.946	2832.37
299.875	2952.91
297.804	3175.14
295.733	3281.95
293.661	3145.27
291.588	3443.04
289.516	3558.21
287.443	3280.67
285.369	3284.33
283.295	3079.11
281.22	2975.92
279.144	2583.65
277.068	2572.27
274.992	2298.62
272.915	2206.6
270.837	2302.1
268.76	2665.04
266.681	2293.23
264.602	2552.63
262.523	2779.06
260.443	2907.44
258.362	2937.54
256.282	3410.3
254.2	3494.49
252.118	3960.04
250.036	4174.81
247.952	4219.52
245.869	4477.1
243.784	4365.26
241.7	4193.94
239.616	4626.96
237.53	4386.97
235.443	4072.85
233.357	4085.45
231.27	3880.48
229.182	3689.71
227.094	3594
225.005	3448.93
222.916	3111.42
220.827	2823.13
218.737	2559.79
216.646	2289.12
214.555	2391.94
212.462	2021.74
210.37	1615.43
208.278	1376.59
206.185	1207.01
204.091	713.117
201.997	550.813
199.902	254.611
197.807	50.1484
195.711	22.0352
193.615	-272.969
191.517	-562.566
189.42	-293.871
187.322	-494.469
185.224	-687.801
183.125	-349.148
181.025	-785.336
178.926	-608.488
176.825	-392.285
174.724	-182.246
172.623	117.313
170.521	554.426
168.418	799.953
166.315	1179.11
164.212	1448.29
162.108	1730.14
160.003	2607.53
157.898	2688.31
155.793	2947.56
153.686	3391.61
151.58	3389.02
149.473	3539.49
147.365	2990.88
145.257	2857.11
143.148	2307.39
141.039	2322.91
138.929	1989.2
136.819	1747.05
134.709	1344.57
132.597	799.871
130.485	942
128.373	517.441
126.26	332.355
124.147	-369.395
122.033	-555.277
119.919	-1331.86
117.804	-1307.22
115.688	-1463.47
113.573	-1784.27
111.456	-1731.79
109.339	-2134.26
107.222	-2223.32
105.103	-2726.43
102.985	-3236.7
100.866	-4123.06
98.7467	-5200.22
96.6262	-7979.95
