3502.52	8.99292
3501.25	6.60278
3499.98	15.2299
3498.71	3.87317
3497.44	-7.46716
3496.17	-6.79211
3494.9	-20.1013
3493.62	8.604
3492.35	6.3241
3491.08	-0.94165
3489.8	-11.1938
3488.53	0.567505
3487.26	14.3416
3485.98	-24.8716
3484.71	3.92761
3483.43	0.738403
3482.16	-7.43933
3480.88	11.3942
3479.6	-20.7616
3478.33	-1.90723
3477.05	-16.0427
3475.77	1.8313
3474.5	-10.2853
3473.22	5.60693
3471.94	-7.49231
3470.66	-16.5835
3469.38	2.33325
3468.1	-19.7426
3466.82	-11.8112
3465.54	-1.87305
3464.26	-26.9285
3462.98	-20.9779
3461.7	-16.0216
3460.42	-10.0598
3459.14	-1.09302
3457.86	-16.1215
3456.57	6.85449
3455.29	-0.165405
3454.01	-3.18164
3452.73	-13.1945
3451.44	1.79578
3450.16	-7.21118
3448.87	-6.2157
3447.59	-20.218
3446.3	-17.2185
3445.02	0.782471
3443.73	21.7845
3442.45	4.78772
3441.16	-12.2087
3439.88	-1.20471
3438.59	-0.200928
3437.3	-25.1973
3436.01	-18.1943
3434.73	7.80774
3433.44	0.808594
3432.15	-20.1921
3430.86	-17.1946
3429.57	18.8009
3428.28	-10.2059
3426.99	-4.21545
3425.7	-14.2279
3424.41	-13.2435
3423.12	-7.26257
3421.83	-1.28552
3420.54	5.68762
3419.24	12.6565
3417.95	0.620728
3416.66	11.5802
3415.37	-7.46533
3414.07	-23.5164
3412.78	-10.5729
3411.48	17.3646
3410.19	5.29614
3408.9	-44.7788
3407.6	-14.8604
3406.31	-9.94873
3405.01	27.9558
3403.72	-16.1471
3402.42	-1.25757
3401.12	-4.37585
3399.82	3.4978
3398.53	-9.63696
3397.23	-19.7802
3395.93	8.06787
3394.63	7.90686
3393.33	-24.2633
3392.04	3.55701
3390.74	-11.6323
3389.44	26.1685
3388.14	13.959
3386.84	3.73926
3385.53	-4.49109
3384.23	17.2681
3382.93	8.01599
3381.63	15.7528
3380.33	24.4781
3379.03	38.1921
3377.72	8.89417
3376.42	4.58411
3375.12	6.26208
3373.81	-2.07251
3372.51	8.58057
3371.2	-3.77942
3369.9	19.8479
3368.59	12.4618
3367.29	4.06262
3365.98	-11.3503
3364.68	-13.7767
3363.37	-6.21741
3362.06	0.328247
3360.76	33.8596
3359.45	1.37634
3358.14	23.8787
3356.83	-10.6337
3355.52	6.83862
3354.22	-4.70374
3352.91	-13.2612
3351.6	1.16577
3350.29	5.57715
3348.98	-10.0277
3347.67	-7.64795
3346.36	11.7157
3345.04	12.0632
3343.73	24.3944
3342.42	13.7091
3341.11	13.0071
3339.8	-3.71167
3338.48	19.5526
3337.17	7.7998
3335.86	14.0298
3334.54	-6.75757
3333.23	4.43762
3331.91	3.61584
3330.6	42.7756
3329.28	-4.08264
3327.97	3.04126
3326.65	4.14709
3325.34	-8.76477
3324.02	4.3042
3322.7	0.354858
3321.38	-0.612427
3320.07	-10.5991
3318.75	-1.60486
3317.43	28.3715
3316.11	-8.67224
3314.79	-19.7344
3313.47	-14.8164
3312.15	7.08289
3310.83	-7.03833
3309.51	-6.1781
3308.19	3.66248
3306.87	7.4823
3305.55	6.2832
3304.23	4.06409
3302.9	-4.17615
3301.58	-17.4355
3300.26	-4.71509
3298.94	-34.015
3297.61	-5.33655
3296.29	19.3225
3294.96	-12.0392
3293.64	-20.4214
3292.31	-17.8242
3290.99	-0.247925
3289.66	-16.6927
3288.34	-15.1584
3287.01	-9.64502
3285.68	-7.15308
3284.36	-19.682
3283.03	-22.2323
3281.7	-18.804
3280.37	-12.397
3279.05	-18.0104
3277.72	-1.64624
3276.39	2.69604
3275.06	-18.983
3273.73	7.31726
3272.4	-10.4053
3271.07	12.8502
3269.74	0.0853271
3268.41	-3.70288
3267.08	26.4885
3265.74	26.6564
3264.41	31.8038
3263.08	-0.0726318
3261.75	27.0306
3260.41	17.1101
3259.08	48.1692
3257.75	20.204
3256.41	29.2185
3255.08	41.2106
3253.74	35.1787
3252.41	52.1262
3251.07	71.0515
3249.74	67.9543
3248.4	64.8345
3247.06	68.6904
3245.73	114.526
3244.39	62.339
3243.05	74.1293
3241.71	60.8967
3240.37	119.642
3239.04	103.365
3237.7	82.0651
3236.36	102.743
3235.02	101.398
3233.68	101.03
3232.34	105.641
3231	110.229
3229.66	96.7933
3228.31	99.3351
3226.97	107.856
3225.63	104.353
3224.29	115.827
3222.94	87.2799
3221.6	103.709
3220.26	112.114
3218.91	103.5
3217.57	71.8607
3216.23	108.201
3214.88	106.516
3213.53	63.8116
3212.19	74.0842
3210.84	106.332
3209.5	99.5594
3208.15	120.765
3206.8	91.9448
3205.46	68.1046
3204.11	90.2423
3202.76	115.357
3201.41	82.4502
3200.06	60.5178
3198.71	57.5659
3197.36	100.592
3196.01	89.5946
3194.66	111.576
3193.31	79.5342
3191.96	110.471
3190.61	90.3849
3189.26	71.2795
3187.91	120.149
3186.56	56.9971
3185.2	90.8229
3183.85	78.6265
3182.5	105.411
3181.14	80.171
3179.79	84.9086
3178.44	86.6276
3177.08	76.3215
3175.73	103.994
3174.37	109.648
3173.01	76.2761
3171.66	97.8865
3170.3	64.475
3168.95	113.039
3167.59	89.5847
3166.23	97.1061
3164.87	96.609
3163.51	76.0903
3162.16	98.55
3160.8	68.9863
3159.44	128.404
3158.08	38.8005
3156.72	110.177
3155.36	91.5308
3154	82.8644
3152.64	77.1775
3151.28	108.47
3149.91	79.7406
3148.55	78.9913
3147.19	146.221
3145.83	77.4309
3144.46	107.62
3143.1	90.7887
3141.74	84.9398
3140.37	90.0675
3139.01	136.175
3137.64	115.266
3136.28	98.3335
3134.91	95.3811
3133.55	72.412
3132.18	117.42
3130.81	98.4113
3129.45	104.379
3128.08	92.3314
3126.71	61.2601
3125.34	63.1736
3123.98	134.067
3122.61	74.9377
3121.24	84.793
3119.87	116.629
3118.5	117.445
3117.13	107.243
3115.76	77.0184
3114.39	99.7788
3113.02	127.52
3111.64	104.243
3110.27	104.947
3108.9	115.633
3107.53	92.3
3106.15	97.9491
3104.78	86.5834
3103.41	70.1962
3102.03	81.7906
3100.66	71.3676
3099.29	79.9296
3097.91	102.471
3096.53	71.9937
3095.16	63.5032
3093.78	59.9918
3092.41	67.4626
3091.03	62.9198
3089.65	65.3555
3088.27	62.7784
3086.9	70.1842
3085.52	47.5695
3084.14	62.9415
3082.76	36.2966
3081.38	60.6313
3080	89.9535
3078.62	72.2595
3077.24	81.549
3075.86	95.8218
3074.48	69.0782
3073.1	87.3157
3071.72	104.54
3070.33	72.7494
3068.95	70.9425
3067.57	95.1238
3066.19	62.2859
3064.8	60.4321
3063.42	31.5636
3062.03	32.6794
3060.65	35.7842
3059.26	42.87
3057.88	75.9406
3056.49	63.0004
3055.11	49.0415
3053.72	54.0686
3052.33	75.0842
3050.95	-0.918335
3049.56	28.0688
3048.17	82.0414
3046.78	53.9969
3045.4	61.9415
3044.01	33.8721
3042.62	-4.21436
3041.23	41.6888
3039.84	27.579
3038.45	-9.5448
3037.06	6.31787
3035.67	18.1677
3034.28	57.004
3032.88	10.8279
3031.49	31.6376
3030.1	27.4359
3028.71	-25.7799
3027.31	8.99231
3025.92	3.75269
3024.52	-8.50085
3023.13	-5.76135
3021.74	14.9609
3020.34	-30.3284
3018.95	16.3748
3017.55	-59.9382
3016.16	-1.25952
3014.76	6.40344
3013.36	-18.9398
3011.96	-0.299683
3010.57	22.3325
3009.17	0.950317
3007.77	10.5614
3006.37	-20.839
3004.97	-0.25061
3003.57	-13.6771
3002.17	34.8899
3000.77	-1.55298
2999.37	17.9933
2997.97	51.5289
2996.57	-7.94617
2995.17	-0.430786
2993.77	3.0741
2992.37	-6.4303
2990.97	-1.94495
2989.56	-0.469604
2988.16	-29.9985
2986.76	29.4568
2985.35	-16.0956
2983.95	25.3413
2982.54	-29.2256
2981.14	13.1934
2979.73	10.6086
2978.33	-14.9901
2976.92	4.40674
2975.51	60.7908
2974.11	41.1697
2972.7	26.5417
2971.29	76.8993
2969.89	6.25403
2968.48	37.6002
2967.07	12.936
2965.66	-3.73364
2964.25	18.5886
2962.84	18.9038
2961.43	51.208
2960.02	46.5071
2958.61	56.8015
2957.2	71.0862
2955.79	30.3633
2954.38	45.6338
2952.96	-5.10107
2951.55	19.155
2950.14	-2.59351
2948.73	31.6511
2947.31	4.88672
2945.9	34.1184
2944.48	55.3433
2943.07	7.56128
2941.65	-6.22607
2940.24	41.98
2938.82	35.1807
2937.41	-0.623047
2935.99	30.5649
2934.57	20.75
2933.16	47.927
2931.74	25.0999
2930.32	34.2681
2928.9	29.4285
2927.48	29.5854
2926.06	17.7375
2924.64	1.88428
2923.22	39.0259
2921.8	62.166
2920.38	39.2979
2918.96	78.4248
2917.54	43.5498
2916.12	22.6677
2914.7	51.7839
2913.28	8.89526
2911.85	14.0002
2910.43	29.1023
2909.01	38.2012
2907.58	51.2957
2906.16	79.3889
2904.74	18.4758
2903.31	1.55957
2901.88	30.6384
2900.46	86.7163
2899.03	-22.2087
2897.61	-38.1404
2896.18	-5.073
2894.75	23.9919
2893.33	39.0525
2891.9	12.1113
2890.47	-16.834
2889.04	20.2183
2887.61	-17.7324
2886.18	-7.68652
2884.75	46.3596
2883.32	24.4004
2881.89	32.4407
2880.46	-5.521
2879.03	16.5125
2877.6	60.5454
2876.17	76.5769
2874.74	67.6057
2873.3	55.6331
2871.87	23.6572
2870.44	28.6829
2869.01	-18.2966
2867.57	23.7219
2866.14	60.7422
2864.7	19.7595
2863.27	91.7739
2861.83	2.78857
2860.4	38.8013
2858.96	40.8132
2857.52	38.8237
2856.09	-10.1675
2854.65	2.84058
2853.21	77.8494
2851.77	3.85474
2850.34	31.8618
2848.9	25.8657
2847.46	27.8713
2846.02	-22.1252
2844.58	29.8779
2843.14	54.8813
2841.7	24.8826
2840.26	-9.11597
2838.82	-39.1152
2837.37	-8.1145
2835.93	11.8875
2834.49	25.887
2833.05	-38.1113
2831.6	-50.1133
2830.16	9.88843
2828.72	-31.1113
2827.27	-27.1106
2825.83	-10.1101
2824.38	-19.1091
2822.94	-40.1091
2821.49	4.89136
2820.05	-0.10498
2818.6	-9.10474
2817.15	1.89844
2815.71	-40.0991
2814.26	-28.0959
2812.81	-36.0916
2811.36	-19.0859
2809.91	-61.0813
2808.47	-53.0754
2807.02	-54.0693
2805.57	-25.0601
2804.12	22.9478
2802.67	4.95483
2801.22	-78.0337
2799.76	-28.0217
2798.31	-20.0115
2796.86	-26.9985
2795.41	-56.9839
2793.96	-21.969
2792.5	-35.9531
2791.05	-68.9368
2789.6	-40.9158
2788.14	-60.897
2786.69	-76.8755
2785.23	-42.8542
2783.78	-59.8301
2782.32	-46.8052
2780.86	-49.7803
2779.41	-24.7527
2777.95	-16.7239
2776.5	-42.6914
2775.04	27.3403
2773.58	-41.6272
2772.12	0.409424
2770.66	73.4441
2769.2	65.4829
2767.74	25.5208
2766.29	-14.4373
2764.83	17.606
2763.36	-20.3499
2761.9	-63.3035
2760.44	13.7441
2758.98	-5.20703
2757.52	17.845
2756.06	-2.10254
2754.59	-11.0471
2753.13	17.0078
2751.67	12.0669
2750.2	-46.8728
2748.74	28.189
2747.28	26.252
2745.81	-12.6826
2744.35	-5.61597
2742.88	49.4541
2741.41	36.5247
2739.95	2.59839
2738.48	-2.32837
2737.01	-19.252
2735.55	-11.1731
2734.08	17.9072
2732.61	-48.01
2731.14	-3.927
2729.67	61.1584
2728.2	22.2454
2726.73	49.3337
2725.26	15.4263
2723.79	-75.4817
2722.32	8.61377
2720.85	5.71167
2719.38	40.8108
2717.91	-39.0884
2716.44	14.0137
2714.96	51.1179
2713.49	21.2239
2712.02	-8.66724
2710.54	-19.5586
2709.07	-1.44775
2707.59	59.6665
2706.12	-22.217
2704.64	47.8999
2703.17	36.019
2701.69	-11.8606
2700.22	-8.73779
2698.74	29.3853
2697.26	53.5107
2695.78	2.63916
2694.31	3.76807
2692.83	34.9001
2691.35	29.0334
2689.87	-25.8323
2688.39	-6.69849
2686.91	-22.5608
2685.43	43.5811
2683.95	49.7212
2682.47	85.8623
2680.99	66.0076
2679.51	59.1519
2678.03	-4.69995
2676.54	9.44653
2675.06	50.5967
2673.58	-4.25195
2672.09	1.90137
2670.61	17.0554
2669.13	25.2124
2667.64	28.3684
2666.16	48.5254
2664.67	22.6858
2663.18	-27.1548
2661.7	-47.9927
2660.21	35.1714
2658.72	88.3359
2657.24	66.5012
2655.75	-19.333
2654.26	16.8345
2652.77	34.0046
2651.28	-38.8267
2649.8	-40.6555
2648.31	55.5151
2646.82	76.6882
2645.33	78.8618
2643.84	47.0356
2642.34	-12.7891
2640.85	28.3855
2639.36	46.5615
2637.87	30.7405
2636.38	25.9167
2634.88	27.0972
2633.39	14.2739
2631.9	62.4546
2630.4	27.6343
2628.91	62.8149
2627.41	139.996
2625.92	-24.8228
2624.42	-33.6394
2622.93	73.541
2621.43	52.7251
2619.93	29.9063
2618.44	37.0889
2616.94	57.2722
2615.44	12.4551
2613.94	78.6387
2612.44	60.8208
2610.95	71.0034
2609.45	12.1855
2607.95	71.3689
2606.45	131.55
2604.95	77.7329
2603.44	59.9153
2601.94	-2.9021
2600.44	22.2786
2598.94	53.4595
2597.44	15.6396
2595.93	69.8186
2594.43	70.9988
2592.93	49.1768
2591.42	93.3555
2589.92	35.5303
2588.42	75.7078
2586.91	45.884
2585.4	46.0579
2583.9	91.2314
2582.39	67.4036
2580.89	88.5771
2579.38	64.7473
2577.87	169.918
2576.36	117.085
2574.86	138.252
2573.35	82.4187
2571.84	105.583
2570.33	66.7463
2568.82	83.9072
2567.31	91.0693
2565.8	36.2273
2564.29	101.385
2562.78	98.5393
2561.27	140.693
2559.75	126.845
2558.24	126.996
2556.73	146.144
2555.22	74.2893
2553.7	90.4336
2552.19	74.5771
2550.68	83.7161
2549.16	103.854
2547.65	80.9915
2546.13	158.123
2544.61	81.2539
2543.1	65.3823
2541.58	94.5081
2540.07	65.6335
2538.55	-16.2456
2537.03	-6.12622
2535.51	84.9885
2533.99	93.1018
2532.48	101.213
2530.96	109.321
2529.44	-0.574951
2527.92	106.526
2526.4	73.624
2524.88	6.71899
2523.36	-4.1875
2521.83	-0.0993652
2520.31	117.987
2518.79	-0.929932
2517.27	26.1499
2515.74	72.2256
2514.22	27.2976
2512.7	-10.6343
2511.17	32.4297
2509.65	111.492
2508.12	45.5491
2506.6	-0.396484
2505.07	67.6548
2503.55	76.7007
2502.02	32.7434
2500.49	52.7815
2498.97	-31.1848
2497.44	-4.15283
2495.91	27.8716
2494.38	-49.1055
2492.85	53.9106
2491.32	60.9241
2489.8	6.93359
2488.27	53.9373
2486.74	60.937
2485.2	108.932
2483.67	31.9243
2482.14	-6.09106
2480.61	1.89038
2479.08	-19.1345
2477.55	-62.1626
2476.01	35.804
2474.48	77.7654
2472.95	24.7222
2471.41	-58.3247
2469.88	22.6211
2468.34	-81.4387
2466.81	48.4978
2465.27	-22.5703
2463.74	-23.6443
2462.2	-21.7241
2460.66	-18.8098
2459.12	-56.9014
2457.59	-7.99878
2456.05	-111.101
2454.51	-45.208
2452.97	-71.3208
2451.43	-47.4414
2449.89	22.4346
2448.35	29.3032
2446.81	-60.8335
2445.27	-28.9766
2443.73	-16.1245
2442.19	-8.28027
2440.65	-49.4399
2439.11	-31.6089
2437.56	-34.7808
2436.02	-9.95996
2434.48	-3.146
2432.93	-32.3389
2431.39	-0.537598
2429.84	-21.7412
2428.3	-23.9536
2426.75	23.8291
2425.21	-13.3945
2423.66	-58.6279
2422.12	-42.8667
2420.57	-49.1113
2419.02	-100.36
2417.47	2.38086
2415.93	4.11475
2414.38	-5.15625
2412.83	-41.437
2411.28	-17.7222
2409.73	23.9849
2408.18	-8.31445
2406.63	-37.6221
2405.08	-42.9375
2403.53	-52.2568
2401.98	-28.5874
2400.42	4.07861
2398.87	65.7324
2397.32	6.38281
2395.77	-31.9746
2394.21	-21.3408
2392.66	84.2856
2391.1	43.9077
2389.55	-37.4814
2387.99	-75.8755
2386.44	46.7197
2384.88	8.30957
2383.33	-23.1084
2381.77	-49.5347
2380.21	-21.9692
2378.66	44.5894
2377.1	-19.8613
2375.54	-3.31738
2373.98	-49.7837
2372.42	4.74365
2370.86	1.2627
2369.3	51.7744
2367.74	32.2769
2366.18	63.772
2364.62	12.2588
2363.06	22.7388
2361.5	-44.792
2359.94	-0.328613
2358.37	-41.873
2356.81	21.5737
2355.25	57.0122
2353.68	58.4409
2352.12	0.861816
2350.56	37.2773
2348.99	-66.3188
2347.43	-11.9209
2345.86	7.46533
2344.29	-43.1538
2342.73	4.21777
2341.16	38.5811
2339.59	12.938
2338.03	31.2847
2336.46	0.621094
2334.89	26.9517
2333.32	-43.7261
2331.75	18.5869
2330.18	57.8887
2328.61	69.187
2327.04	-0.526855
2325.47	74.7515
2323.9	78.0225
2322.33	78.2817
2320.76	38.5361
2319.18	-13.2192
2317.61	77.0137
2316.04	201.243
2314.47	43.4619
2312.89	-57.3301
2311.32	22.8701
2309.74	9.06348
2308.17	63.2485
2306.59	33.4219
2305.02	149.588
2303.44	67.7456
2301.86	141.894
2300.29	139.037
2298.71	67.1675
2297.13	117.291
2295.55	77.4033
2293.97	104.51
2292.4	215.606
2290.82	136.695
2289.24	153.774
2287.66	146.844
2286.08	138.908
2284.49	166.959
2282.91	156.006
2281.33	71.0415
2279.75	148.07
2278.17	106.088
2276.58	191.098
2275	136.099
2273.42	150.09
2271.83	155.075
2270.25	116.052
2268.66	171.017
2267.08	105.975
2265.49	97.9238
2263.91	72.8643
2262.32	105.799
2260.73	169.722
2259.14	125.638
2257.56	99.5425
2255.97	225.441
2254.38	192.332
2252.79	103.212
2251.2	121.083
2249.61	126.947
2248.02	171.805
2246.43	135.65
2244.84	121.489
2243.25	81.3203
2241.66	20.1392
2240.07	168.953
2238.47	147.76
2236.88	164.556
2235.29	201.343
2233.69	243.124
2232.1	101.894
2230.5	227.659
2228.91	212.413
2227.31	123.161
2225.72	185.899
2224.12	123.632
2222.53	113.353
2220.93	202.068
2219.33	179.773
2217.73	63.4712
2216.14	74.1621
2214.54	129.844
2212.94	128.518
2211.34	111.186
2209.74	187.843
2208.14	87.4946
2206.54	111.135
2204.94	114.771
2203.34	118.397
2201.74	133.016
2200.13	137.627
2198.53	127.233
2196.93	77.8267
2195.33	77.4165
2193.72	212.998
2192.12	169.569
2190.51	171.134
2188.91	198.695
2187.3	300.245
2185.7	222.787
2184.09	135.325
2182.48	153.851
2180.88	180.373
2179.27	238.887
2177.66	188.394
2176.05	164.893
2174.45	256.384
2172.84	269.87
2171.23	195.346
2169.62	146.818
2168.01	257.282
2166.4	182.74
2164.79	202.189
2163.18	206.631
2161.56	243.067
2159.95	222.498
2158.34	156.918
2156.73	223.335
2155.11	189.744
2153.5	110.147
2151.89	109.542
2150.27	140.93
2148.66	148.315
2147.04	187.69
2145.43	252.061
2143.81	226.425
2142.19	217.783
2140.58	284.133
2138.96	253.477
2137.34	141.813
2135.72	141.144
2134.1	183.472
2132.48	184.793
2130.86	209.104
2129.25	165.412
2127.63	175.717
2126	159.011
2124.38	149.301
2122.76	175.586
2121.14	249.862
2119.52	159.137
2117.9	197.404
2116.27	106.665
2114.65	167.92
2113.03	191.169
2111.4	77.4165
2109.78	88.6538
2108.15	137.889
2106.53	168.119
2104.9	78.3428
2103.27	165.56
2101.65	124.772
2100.02	187.979
2098.39	157.183
2096.77	234.382
2095.14	225.572
2093.51	115.76
2091.88	122.943
2090.25	226.12
2088.62	128.295
2086.99	164.461
2085.36	263.626
2083.73	200.783
2082.1	184.938
2080.46	206.087
2078.83	194.232
2077.2	203.371
2075.57	244.509
2073.93	214.639
2072.3	216.768
2070.66	164.891
2069.03	260.01
2067.4	300.124
2065.76	263.233
2064.12	298.338
2062.49	266.442
2060.85	218.538
2059.21	228.632
2057.58	237.723
2055.94	183.808
2054.3	319.89
2052.66	203.967
2051.02	169.043
2049.38	167.111
2047.74	160.179
2046.1	252.243
2044.46	118.303
2042.82	199.358
2041.18	34.4097
2039.53	166.458
2037.89	228.504
2036.25	183.544
2034.61	64.583
2032.96	201.619
2031.32	87.6504
2029.67	182.678
2028.03	310.706
2026.38	98.7261
2024.74	151.747
2023.09	138.759
2021.44	69.7725
2019.8	107.782
2018.15	189.788
2016.5	170.794
2014.85	141.793
2013.21	243.792
2011.56	140.784
2009.91	121.777
2008.26	121.766
2006.61	111.751
2004.96	142.737
2003.3	188.717
2001.65	159.693
2000	177.669
1998.35	134.642
1996.7	149.612
1995.04	156.58
1993.39	98.5435
1991.74	263.508
1990.08	161.465
1988.43	133.424
1986.77	160.379
1985.12	219.329
1983.46	212.278
1981.8	95.228
1980.15	135.171
1978.49	198.112
1976.83	194.054
1975.17	281.992
1973.51	215.928
1971.86	125.861
1970.2	186.792
1968.54	74.7183
1966.88	196.646
1965.22	147.569
1963.55	102.491
1961.89	189.412
1960.23	185.329
1958.57	224.243
1956.91	223.155
1955.24	137.068
1953.58	183.974
1951.92	161.882
1950.25	233.786
1948.59	164.688
1946.92	195.588
1945.26	145.488
1943.59	158.382
1941.92	116.277
1940.26	139.166
1938.59	103.056
1936.92	211.943
1935.25	117.827
1933.59	206.712
1931.92	44.5908
1930.25	112.467
1928.58	76.3447
1926.91	145.22
1925.24	120.091
1923.57	114.96
1921.9	138.827
1920.22	82.6943
1918.55	88.5557
1916.88	128.417
1915.21	-48.7241
1913.53	5.13281
1911.86	42.9863
1910.18	157.837
1908.51	43.6885
1906.83	89.5332
1905.16	98.3789
1903.48	93.2217
1901.81	0.0620117
1900.13	114.899
1898.45	107.733
1896.78	162.567
1895.1	31.396
1893.42	-90.7754
1891.74	24.0498
1890.06	40.8726
1888.38	29.6919
1886.7	118.508
1885.02	111.324
1883.34	30.1343
1881.66	58.9443
1879.98	22.751
1878.3	-26.4453
1876.61	-18.6455
1874.93	51.1519
1873.25	-63.0522
1871.56	32.7378
1869.88	-51.4727
1868.19	8.31348
1866.51	-78.9038
1864.82	37.875
1863.14	-58.3491
1861.45	-74.5747
1859.76	51.1929
1858.08	-105.04
1856.39	3.72363
1854.7	-12.5171
1853.01	-8.76172
1851.32	-20.0068
1849.63	-32.2598
1847.95	-66.5132
1846.25	-98.7739
1844.56	-5.03662
1842.87	-44.3027
1841.18	-52.5703
1839.49	-129.846
1837.8	-36.126
1836.11	-5.40625
1834.41	-65.6919
1832.72	-55.9829
1831.03	-46.2778
1829.33	-59.5781
1827.64	-72.8799
1825.94	-49.1899
1824.25	-62.502
1822.55	-17.8228
1820.85	-70.145
1819.16	-127.469
1817.46	-97.8022
1815.76	-122.141
1814.06	-56.4814
1812.36	-12.8315
1810.67	-167.184
1808.97	-156.542
1807.27	-26.9048
1805.57	-58.2715
1803.87	-30.6475
1802.17	19.9741
1800.46	-47.4146
1798.76	-48.8057
1797.06	-38.2031
1795.36	-86.604
1793.65	-74.0151
1791.95	-51.4326
1790.25	-90.8535
1788.54	-93.2813
1786.84	18.2842
1785.13	-104.158
1783.43	-28.6069
1781.72	-69.064
1780.01	11.4756
1778.31	63.0039
1776.6	-54.4712
1774.89	27.0454
1773.18	8.5542
1771.47	31.0552
1769.77	172.551
1768.06	37.0361
1766.35	93.5156
1764.64	113.987
1762.92	105.451
1761.21	109.905
1759.5	131.351
1757.79	125.791
1756.08	87.2188
1754.36	198.641
1752.65	237.054
1750.94	207.458
1749.22	245.853
1747.51	336.241
1745.79	225.616
1744.08	200.985
1742.36	131.344
1740.65	202.693
1738.93	237.032
1737.21	235.36
1735.49	208.678
1733.78	209.99
1732.06	193.29
1730.34	255.576
1728.62	164.855
1726.9	117.126
1725.18	205.383
1723.46	212.628
1721.74	208.865
1720.02	355.091
1718.3	193.305
1716.57	170.507
1714.85	155.698
1713.13	203.875
1711.41	250.046
1709.68	287.199
1707.96	235.343
1706.23	201.475
1704.51	110.595
1702.78	231.705
1701.05	257.797
1699.33	192.881
1697.6	97.9473
1695.87	164.004
1694.15	196.047
1692.42	258.077
1690.69	337.096
1688.96	339.097
1687.23	356.088
1685.5	429.064
1683.77	368.026
1682.04	332.973
1680.31	438.906
1678.58	506.824
1676.85	508.73
1675.11	463.621
1673.38	557.497
1671.65	648.357
1669.91	535.202
1668.18	746.031
1666.44	640.847
1664.71	772.644
1662.97	937.428
1661.24	858.196
1659.5	1028.95
1657.76	973.682
1656.03	1041.4
1654.29	1045.11
1652.55	1344.79
1650.81	1417.46
1649.07	1569.12
1647.33	1521.75
1645.59	1699.37
1643.85	1781.97
1642.11	1921.56
1640.37	2013.12
1638.63	2164.67
1636.89	2128.2
1635.15	2220.72
1633.4	2294.21
1631.66	2452.69
1629.92	2570.15
1628.17	2624.59
1626.43	2760.01
1624.68	2972.41
1622.94	2952.8
1621.19	3174.16
1619.45	3196.51
1617.7	3375.84
1615.95	3353.14
1614.21	3552.43
1612.46	3453.7
1610.71	3343.94
1608.96	3455.17
1607.21	3322.38
1605.46	3257.57
1603.71	3324.73
1601.96	3176.88
1600.21	3168
1598.46	3008.11
1596.71	3057.19
1594.95	3061.25
1593.2	2886.29
1591.45	2981.31
1589.7	3026.31
1587.94	3011.28
1586.19	3172.24
1584.43	3196.17
1582.68	3186.08
1580.92	3365.97
1579.16	3392.83
1577.41	3382.67
1575.65	3293.5
1573.89	3351.3
1572.13	3184.07
1570.38	3121.82
1568.62	2997.55
1566.86	3012.26
1565.1	2919.94
1563.34	2828.6
1561.58	2734.23
1559.82	2796.85
1558.06	2687.43
1556.29	2744
1554.53	2708.54
1552.77	2596.05
1551.01	2578.55
1549.24	2618.02
1547.48	2515.46
1545.71	2567.88
1543.95	2558.28
1542.18	2630.64
1540.42	2624.99
1538.65	2574.31
1536.89	2736.61
1535.12	2728.88
1533.35	2709.12
1531.58	2747.34
1529.82	2842.54
1528.05	2843.7
1526.28	2886.84
1524.51	2936.97
1522.74	2915.06
1520.97	3009.12
1519.2	3104.16
1517.42	3072.18
1515.65	3105.17
1513.88	3169.13
1512.11	3228.07
1510.33	3303.97
1508.56	3310.86
1506.79	3399.72
1505.01	3449.55
1503.24	3615.35
1501.46	3636.13
1499.69	3643.88
1497.91	3642.61
1496.13	3793.3
1494.36	3758.97
1492.58	3905.62
1490.8	4049.23
1489.02	3954.82
1487.24	3972.38
1485.46	4053.92
1483.68	4097.43
1481.9	4250.91
1480.12	4258.37
1478.34	4056.79
1476.56	3972.2
1474.78	3981.57
1473	3994.91
1471.21	3932.23
1469.43	3899.52
1467.65	3969.78
1465.86	3814.02
1464.08	3995.23
1462.29	4191.41
1460.51	3957.56
1458.72	3984.69
1456.93	3826.78
1455.15	3878.86
1453.36	3994.9
1451.57	3831.91
1449.79	3827.9
1448	3800.86
1446.21	3800.79
1444.42	3648.7
1442.63	3834.58
1440.84	3682.43
1439.05	3747.25
1437.26	3673.05
1435.46	3654.81
1433.67	3649.55
1431.88	3565.27
1430.09	3652.95
1428.29	3853.61
1426.5	3840.24
1424.71	3739.84
1422.91	3765.42
1421.12	3914.97
1419.32	3906.49
1417.52	4055.98
1415.73	3993.44
1413.93	3993.88
1412.13	3990.3
1410.34	4033.68
1408.54	3944.04
1406.74	4078.37
1404.94	4129.68
1403.14	4125.96
1401.34	3849.2
1399.54	3923.42
1397.74	3882.62
1395.94	3779.8
1394.14	3794.94
1392.33	3652.06
1390.53	3685.15
1388.73	3732.21
1386.92	3536.25
1385.12	3515.26
1383.32	3499.25
1381.51	3653.21
1379.7	3372.14
1377.9	3395.05
1376.09	3529.93
1374.29	3411.79
1372.48	3435.62
1370.67	3408.42
1368.86	3365.2
1367.05	3453.96
1365.25	3340.69
1363.44	3389.39
1361.63	3439.07
1359.82	3442.72
1358.01	3620.36
1356.19	3632.96
1354.38	3708.54
1352.57	3861.09
1350.76	3967.63
1348.95	3926.13
1347.13	4113.61
1345.32	4146.08
1343.5	4455.51
1341.69	4483.92
1339.87	4798.31
1338.06	5101.68
1336.24	5215.02
1334.43	5616.33
1332.61	5767.63
1330.79	6087.9
1328.97	6339.15
1327.16	6260.38
1325.34	6324.58
1323.52	6298.76
1321.7	6109.92
1319.88	5849.06
1318.06	5608.17
1316.24	5481.27
1314.41	5235.34
1312.59	5014.39
1310.77	4862.42
1308.95	4541.43
1307.12	4298.42
1305.3	4366.38
1303.48	4175.33
1301.65	4108.25
1299.83	3956.15
1298	4042.04
1296.18	4132.9
1294.35	4145.75
1292.52	3993.57
1290.69	4008.37
1288.87	4304.16
1287.04	4311.92
1285.21	4537.67
1283.38	4756.4
1281.55	4662.1
1279.72	4966.8
1277.89	5061.47
1276.06	5215.12
1274.23	5549.76
1272.4	5375.38
1270.57	5487.97
1268.73	5702.55
1266.9	5898.12
1265.07	5883.67
1263.23	5807.2
1261.4	6036.71
1259.56	6014.21
1257.73	5952.68
1255.89	6030.15
1254.06	5966.6
1252.22	5898.02
1250.38	5959.43
1248.54	6017.84
1246.71	5883.22
1244.87	5853.59
1243.03	5737.94
1241.19	5669.27
1239.35	5681.59
1237.51	5474.91
1235.67	5416.2
1233.83	4959.48
1231.98	4985.74
1230.14	4495.99
1228.3	4325.22
1226.46	3988.45
1224.61	3900.65
1222.77	3524.85
1220.92	3424.02
1219.08	3249.19
1217.23	3189.34
1215.39	2986.49
1213.54	2998.62
1211.7	2962.73
1209.85	2747.84
1208	2828.93
1206.15	2752
1204.3	2754.07
1202.45	2753.12
1200.61	2624.16
1198.76	2627.2
1196.91	2651.21
1195.05	2618.22
1193.2	2572.21
1191.35	2354.2
1189.5	2332.17
1187.65	2359.13
1185.79	2315.08
1183.94	2460.02
1182.09	2447.95
1180.23	2916.87
1178.38	3204.78
1176.52	3263.68
1174.67	3470.56
1172.81	3902.44
1170.95	4027.3
1169.1	4476.16
1167.24	4534.01
1165.38	4777.84
1163.52	4857.67
1161.66	5004.48
1159.8	4893.29
1157.94	4849.09
1156.08	4850.87
1154.22	4711.64
1152.36	4455.41
1150.5	4722.17
1148.64	4339.92
1146.77	4319.66
1144.91	4134.39
1143.05	4086.1
1141.18	3887.81
1139.32	3735.51
1137.45	3585.2
1135.59	3392.88
1133.72	3387.55
1131.86	3274.21
1129.99	3164.86
1128.12	3215.5
1126.25	3000.14
1124.39	2955.76
1122.52	3023.37
1120.65	2936.97
1118.78	3358.56
1116.91	3121.15
1115.04	3478.72
1113.17	3323.28
1111.3	3227.84
1109.42	2867.38
1107.55	2654.91
1105.68	2143.43
1103.81	1943.94
1101.93	1546.44
1100.06	1436.93
1098.18	1098.41
1096.31	1106.87
1094.43	839.333
1092.56	818.773
1090.68	892.208
1088.8	755.629
1086.93	596.038
1085.05	686.434
1083.17	569.821
1081.29	445.189
1079.41	576.551
1077.53	464.897
1075.65	536.23
1073.77	384.555
1071.89	417.858
1070.01	360.154
1068.13	416.435
1066.24	379.699
1064.36	471.949
1062.48	539.188
1060.59	440.405
1058.71	318.611
1056.83	387.803
1054.94	381.975
1053.05	340.131
1051.17	352.274
1049.28	223.395
1047.39	244.503
1045.51	323.592
1043.62	270.661
1041.73	176.712
1039.84	79.748
1037.95	44.7646
1036.06	41.7549
1034.17	-6.26367
1032.28	-67.3105
1030.39	-48.3779
1028.5	-225.463
1026.61	-97.5771
1024.71	14.293
1022.82	40.1387
1020.93	76.9678
1019.03	98.7646
1017.14	-55.4561
1015.24	-25.71
1013.35	-0.982422
1011.45	50.7188
1009.56	21.3984
1007.66	72.0439
1005.76	128.669
1003.86	81.2637
1001.97	70.8301
1000.07	259.367
998.167	226.872
996.268	216.354
994.368	232.804
992.466	167.215
990.565	192.599
988.664	141.958
986.762	80.2744
984.86	160.564
982.957	64.8184
981.053	111.029
979.15	25.2178
977.245	38.3613
975.34	121.467
973.435	71.541
971.53	241.575
969.624	226.569
967.717	142.523
965.809	343.435
963.902	217.312
961.994	268.146
960.086	225.935
958.177	300.68
956.267	260.379
954.357	35.0322
952.447	15.6465
950.536	57.2129
948.625	11.7305
946.713	-58.8018
944.8	117.616
942.888	10.9902
940.974	80.3057
939.061	64.5752
937.147	-93.208
935.233	33.9619
933.317	-98.9316
931.402	-34.873
929.485	18.1211
927.569	30.0645
925.652	81.9492
923.735	64.7822
921.817	-46.4521
919.899	74.2588
917.98	-51.0928
916.061	161.493
914.141	82.0146
912.22	8.4707
910.3	99.8701
908.378	169.193
906.456	90.457
904.534	86.6523
902.612	110.785
900.689	130.84
898.766	91.8311
896.841	464.741
894.916	262.586
892.991	403.356
891.066	281.06
889.14	387.678
887.214	490.227
885.287	413.698
883.36	614.09
881.432	626.4
879.504	815.64
877.575	840.786
875.646	1206.86
873.716	1512.85
871.786	1870.75
869.855	2316.57
867.924	2739.31
865.992	3299.95
864.06	3886.51
862.128	4012.98
860.194	3953.36
858.261	3813.66
856.327	3687.85
854.393	3653.96
852.458	3376.98
850.522	3255.9
848.586	3067.72
846.65	2785.45
844.714	2670.09
842.776	2600.61
840.838	2633.05
838.901	2437.39
836.961	2615.62
835.023	2620.75
833.082	2732.78
831.142	2683.7
829.202	2662.52
827.261	2844.25
825.319	2904.85
823.377	3047.36
821.434	3119.74
819.491	3223.03
817.548	3406.21
815.604	3451.27
813.66	3554.23
811.715	3439.07
809.769	3562.79
807.823	3456.41
805.878	3388.92
803.93	3062.3
801.983	3160.57
800.035	2947.71
798.087	2762.75
796.139	2786.67
794.189	2438.47
792.24	2505.15
790.289	2144.7
788.339	2123.14
786.387	1996.46
784.436	1981.66
782.484	2074.73
780.532	2061.68
778.578	1891.49
776.624	1845.19
774.671	1840.78
772.716	1788.22
770.762	1642.55
768.806	1482.74
766.85	1465.82
764.893	1260.76
762.937	1102.58
760.979	1018.27
759.022	998.833
757.064	985.269
755.105	952.572
753.145	927.745
751.185	879.786
749.226	934.709
747.264	683.486
745.303	503.146
743.341	660.672
741.38	339.078
739.417	392.34
737.454	394.481
735.49	295.492
733.526	672.369
731.562	441.115
729.596	440.729
727.631	391.223
725.665	433.584
723.699	318.814
721.732	354.914
719.764	363.882
717.797	389.732
715.828	260.439
713.859	372.027
711.889	378.487
709.919	317.817
707.949	404.032
705.978	350.105
704.007	474.063
702.035	273.894
700.063	484.599
698.091	296.19
696.117	275.645
694.143	303.987
692.169	118.206
690.194	35.3018
688.219	111.275
686.244	75.1426
684.267	225.874
682.291	-55.498
680.314	-52.9883
678.336	-90.5957
676.358	-125.305
674.379	-90.1426
672.4	-15.0801
670.421	11.8691
668.441	-97.291
666.46	-134.561
664.479	-79.9238
662.497	131.592
660.516	348.016
658.533	597.338
656.55	855.557
654.567	1298.69
652.583	1685.71
650.598	2504.65
648.614	3018.49
646.628	2815.24
644.643	2817.91
642.656	2410.48
640.669	1958.98
638.682	1506.39
636.694	1405.71
634.706	1319.96
632.717	1073.14
630.728	1092.23
628.738	1103.26
626.748	945.213
624.757	893.1
622.766	836.936
620.774	716.688
618.782	855.395
616.789	775.039
614.796	1013.63
612.802	664.162
610.808	628.658
608.814	692.104
606.818	662.488
604.822	708.844
602.827	796.172
600.83	973.449
598.833	955.703
596.836	1112.93
594.838	1199.12
592.839	1411.29
590.84	1354.43
588.841	1749.57
586.84	1846.67
584.84	1832.78
582.838	1666.88
580.838	1300.98
578.835	1191.06
576.833	1138.16
574.83	968.26
572.827	925.367
570.822	751.48
568.818	864.609
566.813	914.768
564.808	812.943
562.802	1018.14
560.795	1217.37
558.788	1102.63
556.781	1370.93
554.773	1338.27
552.765	1421.65
550.756	1566.08
548.747	1693.55
546.737	1545.09
544.726	1389.66
542.716	1674.31
540.704	1827.02
538.692	1967.8
536.68	2230.66
534.667	2522.57
532.654	2903.58
530.64	3081.66
528.626	3414.82
526.611	3592.09
524.596	3703.43
522.58	3564.88
520.564	3463.42
518.547	3318.06
516.529	3167.8
514.512	3199.66
512.494	3297.63
510.476	3508.71
508.456	3753.9
506.436	4159.21
504.416	4606.65
502.395	4818.21
500.374	5391.9
498.353	6088.72
496.33	6261.67
494.307	6747.75
492.284	6767.98
490.261	6871.35
488.237	6771.86
486.212	6669.5
484.187	6033.29
482.161	5822.24
480.134	5412.32
478.108	4999.56
476.081	4475.95
474.054	4238.5
472.025	3762.19
469.997	3505.04
467.968	3278.04
465.938	3045.2
463.908	3008.5
461.877	2677.96
459.846	2800.59
457.814	2629.36
455.782	2708.29
453.75	2914.36
451.716	3164.59
449.683	3323.97
447.649	3790.5
445.614	4178.17
443.579	4655.98
441.543	5526.93
439.508	5783.02
437.47	6343.24
435.433	6643.59
433.396	6907.08
431.358	7050.69
429.319	7215.4
427.28	7064.24
425.241	6687.18
423.201	6542.22
421.16	6112.36
419.118	5999.58
417.077	5630.89
415.035	4949.27
412.993	4601.71
410.949	4046.21
408.905	3678.76
406.862	3397.35
404.816	3082.95
402.771	2888.59
400.727	2719.23
398.68	2514.86
396.633	2294.47
394.586	1936.05
392.539	2171.59
390.491	2096.07
388.442	2096.47
386.393	2024.79
384.344	1718
382.293	1378.08
380.242	1480.02
378.192	1298.81
376.14	1000.41
374.088	892.814
372.035	636.998
369.982	550.938
367.928	329.609
365.874	199.988
363.82	291.064
361.765	-42.2012
359.709	-16.834
357.653	-47.8652
355.596	-152.32
353.539	-285.215
351.481	-102.609
349.423	-351.508
347.364	-47.9551
345.305	-233.971
343.245	-66.6211
341.185	-189.912
339.125	134.102
337.063	90.3848
335.001	231.895
332.94	300.607
330.876	424.443
328.813	364.396
326.749	562.398
324.685	662.408
322.621	1009.39
320.555	1027.26
318.489	1233
316.423	1208.54
314.356	1367.83
312.29	1768.82
310.221	1957.42
308.153	2073.62
306.084	2252.31
304.015	2465.45
301.946	2704
299.875	2805.82
297.804	3012.91
295.733	2915.16
293.661	3270.51
291.588	3438.87
289.516	3493.2
287.443	3389.39
285.369	3420.35
283.295	2940.01
281.22	3004.26
279.144	2581.03
277.068	2762.25
274.992	2179.8
272.915	2356.58
270.837	2339.49
268.76	2332.47
266.681	2488.32
264.602	2469.03
262.523	2782.45
260.443	2671.5
258.362	2991.97
256.282	3302.84
254.2	3822.9
252.118	3912.11
250.036	3943.34
247.952	4494.37
245.869	4321.16
243.784	4202.45
241.7	4274.23
239.616	4011.36
237.53	4088.55
235.443	4047.71
233.357	3775.76
231.27	3704.47
229.182	3391.66
227.094	3058.27
225.005	3072.93
222.916	2807.66
220.827	2572.18
218.737	2305.3
216.646	2268.84
214.555	1750.69
212.462	1606.46
210.37	1513.16
208.278	1350.46
206.185	974.268
204.091	834.141
201.997	581.082
199.902	384.75
197.807	-63.0879
195.711	-158.678
193.615	-561.127
191.517	-566.953
189.42	-470.139
187.322	-583.086
185.224	-521.059
183.125	-486.178
181.025	-655.033
178.926	-490.59
176.825	-439.307
174.724	-210.473
172.623	43.7773
170.521	104.777
168.418	378.578
166.315	1015.66
164.212	1046.7
162.108	1515.57
160.003	2169.5
157.898	2351.56
155.793	2864.18
153.686	3240.98
151.58	3443.83
149.473	3358.87
147.365	3201.19
145.257	3026.14
143.148	2583.32
141.039	1985.29
138.929	1860.93
136.819	2045.53
134.709	1970.61
132.597	1575.75
130.485	1218.47
128.373	1195.62
126.26	1223.07
124.147	874.992
122.033	517.551
119.919	385.605
117.804	182.887
115.688	427.625
113.573	481.891
111.456	441.133
109.339	395.773
107.222	271.684
105.103	336.391
102.985	-209.813
100.866	-358.98
98.7467	-1617.25
96.6262	-3537.23
