3502.52	27.4283
3501.25	-14.2311
3499.98	14.1134
3498.71	-10.538
3497.44	-0.185913
3496.17	11.1697
3494.9	6.52795
3493.62	14.8894
3492.35	-12.7469
3491.08	18.6188
3489.8	-0.0130615
3488.53	6.35632
3487.26	4.72754
3485.98	1.09961
3484.71	4.47253
3483.43	-0.153564
3482.16	13.2206
3480.88	-1.40527
3479.6	-7.03101
3478.33	2.34314
3477.05	0.716431
3475.77	-18.911
3474.5	-9.53943
3473.22	7.83081
3471.94	-7.80029
3470.66	-2.43274
3469.38	-2.06738
3468.1	-22.7041
3466.82	17.6569
3465.54	-7.98474
3464.26	-10.629
3462.98	7.72375
3461.7	-8.92651
3460.42	1.41992
3459.14	-11.2372
3457.86	4.10193
3456.57	-4.56274
3455.29	-5.23157
3454.01	-9.90479
3452.73	2.41772
3451.44	-34.2644
3450.16	-17.9512
3448.87	-22.6431
3447.59	-12.3401
3446.3	-6.04248
3445.02	5.24976
3443.73	-2.46362
3442.45	13.817
3441.16	-6.90808
3439.88	0.360596
3438.59	5.62292
3437.3	7.87915
3436.01	-3.87134
3434.73	-5.62866
3433.44	15.6073
3432.15	-5.16394
3430.86	6.05798
3429.57	18.2725
3428.28	-12.5204
3426.99	17.6791
3425.7	11.8711
3424.41	5.05505
3423.12	-6.76868
3421.83	-7.60071
3420.54	-2.4408
3419.24	16.7108
3417.95	14.854
3416.66	-11.0114
3415.37	11.1146
3414.07	9.23181
3412.78	3.34021
3411.48	-1.56042
3410.19	7.52979
3408.9	26.6108
3407.6	11.6825
3406.31	8.74475
3405.01	-18.2024
3403.72	10.8407
3402.42	1.87427
3401.12	-17.1022
3399.82	8.91162
3398.53	19.9154
3397.23	1.90906
3395.93	7.89258
3394.63	17.8657
3393.33	24.8287
3392.04	24.7811
3390.74	3.72302
3389.44	10.6544
3388.14	23.5751
3386.84	2.48499
3385.53	14.384
3384.23	22.2722
3382.93	-10.8506
3381.63	2.0155
3380.33	0.870483
3379.03	36.7144
3377.72	14.5469
3376.42	2.36804
3375.12	24.178
3373.81	39.9763
3372.51	-2.23669
3371.2	20.5385
3369.9	12.3022
3368.59	21.0541
3367.29	12.7943
3365.98	-8.47742
3364.68	26.2393
3363.37	15.9437
3362.06	54.6364
3360.76	14.317
3359.45	10.9855
3358.14	16.6418
3356.83	-0.713867
3355.52	-0.0820313
3354.22	9.53784
3352.91	22.1454
3351.6	8.74048
3350.29	-10.6768
3348.98	29.8933
3347.67	-9.54895
3346.36	-0.00354004
3345.04	-2.47083
3343.73	23.0494
3342.42	25.5569
3341.11	9.05188
3339.8	25.5341
3338.48	18.0035
3337.17	20.4602
3335.86	-14.0958
3334.54	-4.66467
3333.23	2.75354
3331.91	13.1594
3330.6	-10.448
3329.28	19.9314
3327.97	-1.7019
3326.65	5.65173
3325.34	-3.0072
3324.02	-1.67969
3322.7	3.63489
3321.38	7.93689
3320.07	-10.7747
3318.75	8.50049
3317.43	26.7633
3316.11	13.0123
3314.79	11.2487
3313.47	-4.52856
3312.15	32.6815
3310.83	10.8777
3309.51	12.0614
3308.19	8.23193
3306.87	-9.61145
3305.55	8.53259
3304.23	-13.3367
3302.9	-5.21997
3301.58	8.88428
3300.26	18.9752
3298.94	8.05286
3297.61	-15.8835
3296.29	-17.8325
3294.96	-9.79492
3293.64	3.22949
3292.31	3.24072
3290.99	-13.7615
3289.66	3.2229
3288.34	-21.8059
3287.01	-23.848
3285.68	0.0963135
3284.36	-28.9724
3283.03	-11.0544
3281.7	-12.15
3280.37	-10.2588
3279.05	5.61987
3277.72	0.484375
3276.39	4.33557
3275.06	-8.82642
3273.73	-2.00098
3272.4	-9.18958
3271.07	3.6084
3269.74	-0.605835
3268.41	0.165527
3267.08	-1.07532
3265.74	-25.3303
3264.41	20.4023
3263.08	-14.8795
3261.75	14.8267
3260.41	17.5187
3259.08	27.1985
3257.75	6.86377
3256.41	6.51721
3255.08	33.1573
3253.74	39.7832
3252.41	55.397
3251.07	22.9978
3249.74	27.5854
3248.4	50.1598
3247.06	34.72
3245.73	36.2684
3244.39	30.8036
3243.05	38.3258
3241.71	54.8347
3240.37	24.3311
3239.04	30.814
3237.7	35.2841
3236.36	59.7413
3235.02	63.1855
3233.68	75.6167
3232.34	44.0363
3231	63.4419
3229.66	54.8346
3228.31	43.2144
3226.97	64.5825
3225.63	61.9365
3224.29	77.2781
3222.94	53.6078
3221.6	76.9238
3220.26	41.2266
3218.91	56.5184
3217.57	69.7963
3216.23	49.0627
3214.88	67.3149
3213.53	36.5564
3212.19	27.785
3210.84	30.9998
3209.5	44.2034
3208.15	46.3948
3206.8	31.5719
3205.46	80.738
3204.11	62.8918
3202.76	49.0333
3201.41	61.1625
3200.06	50.2776
3198.71	48.3822
3197.36	44.4744
3196.01	44.5541
3194.66	17.6219
3193.31	58.6774
3191.96	50.7208
3190.61	43.752
3189.26	66.7727
3187.91	70.7797
3186.56	43.7745
3185.2	68.7576
3183.85	46.7285
3182.5	56.6895
3181.14	41.6366
3179.79	45.5717
3178.44	22.4968
3177.08	58.4083
3175.73	80.3081
3174.37	62.1979
3173.01	69.074
3171.66	25.9404
3170.3	44.795
3168.95	46.6364
3167.59	40.4679
3166.23	67.2861
3164.87	40.0946
3163.51	50.8915
3162.16	32.6768
3160.8	66.4492
3159.44	10.2118
3158.08	15.9631
3156.72	81.7035
3155.36	29.432
3154	33.1495
3152.64	49.8561
3151.28	57.5513
3149.91	53.2352
3148.55	13.9083
3147.19	84.5702
3145.83	44.2212
3144.46	28.8611
3143.1	49.4904
3141.74	46.1102
3140.37	44.7174
3139.01	17.314
3137.64	39.9016
3136.28	27.4763
3134.91	62.0405
3133.55	66.5961
3132.18	49.139
3130.81	57.6735
3129.45	50.1949
3128.08	55.7084
3126.71	53.2089
3125.34	62.7015
3123.98	50.1831
3122.61	34.6528
3121.24	56.1144
3119.87	37.5654
3118.5	73.0061
3117.13	59.4368
3115.76	44.8549
3114.39	50.2655
3113.02	25.6658
3111.64	50.0559
3110.27	83.4363
3108.9	18.8066
3107.53	24.1672
3106.15	50.5179
3104.78	57.8608
3103.41	33.192
3102.03	31.5133
3100.66	44.8251
3099.29	68.129
3097.91	22.4218
3096.53	38.7042
3095.16	58.9799
3093.78	50.2439
3092.41	30.4983
3091.03	47.7456
3089.65	18.981
3088.27	55.2097
3086.9	39.4291
3085.52	56.6371
3084.14	55.8381
3082.76	12.0299
3081.38	28.2104
3080	25.3843
3078.62	58.5494
3077.24	16.7053
3075.86	52.8523
3074.48	29.9901
3073.1	33.1174
3071.72	-11.7622
3070.33	-12.6501
3068.95	48.453
3067.57	31.5498
3066.19	49.6359
3064.8	25.7131
3063.42	45.7823
3062.03	38.8428
3060.65	4.89722
3059.26	29.9412
3057.88	24.9764
3056.49	39.006
3055.11	2.02502
3053.72	34.0361
3052.33	17.0411
3050.95	35.0356
3049.56	14.0247
3048.17	-3.99463
3046.78	20.9764
3045.4	-17.0585
3044.01	-16.1013
3042.62	25.8461
3041.23	-10.2123
3039.84	28.722
3038.45	19.6484
3037.06	-7.43298
3035.67	-17.5215
3034.28	-15.6179
3032.88	-7.72131
3031.49	34.1671
3030.1	17.049
3028.71	10.9227
3027.31	5.78967
3025.92	-11.3503
3024.52	-4.49829
3023.13	11.3497
3021.74	-18.8123
3020.34	9.01904
3018.95	-25.1542
3017.55	-23.3367
3016.16	-31.524
3014.76	-27.7208
3013.36	6.07886
3011.96	5.86877
3010.57	8.65405
3009.17	19.4307
3007.77	-4.79663
3006.37	-25.0308
3004.97	-37.2716
3003.57	26.4786
3002.17	10.2251
3000.77	12.9655
2999.37	0.699341
2997.97	11.4268
2996.57	17.1478
2995.17	5.86292
2993.77	-24.4282
2992.37	19.2749
2990.97	-35.0283
2989.56	0.662354
2988.16	21.3503
2986.76	-19.9713
2985.35	14.7021
2983.95	-0.630981
2982.54	2.03345
2981.14	4.68909
2979.73	18.3424
2978.33	29.9868
2976.92	-7.37146
2975.51	10.2621
2974.11	11.8925
2972.7	-5.48181
2971.29	21.1349
2969.89	32.7496
2968.48	9.35889
2967.07	30.9615
2965.66	-11.4395
2964.25	-29.8458
2962.84	13.7432
2961.43	-35.6748
2960.02	27.9037
2958.61	-11.5211
2957.2	18.0477
2955.79	-8.38843
2954.38	3.17102
2952.96	-4.27332
2951.55	12.2762
2950.14	20.8226
2948.73	-27.6356
2947.31	7.90002
2945.9	20.4329
2944.48	12.9609
2943.07	19.4844
2941.65	28.0039
2940.24	-14.4811
2938.82	10.0299
2937.41	8.53784
2935.99	46.04
2934.57	12.5398
2933.16	18.0339
2931.74	6.52515
2930.32	2.0127
2928.9	12.495
2927.48	17.9742
2926.06	21.4501
2924.64	27.9219
2923.22	29.3898
2921.8	-17.1439
2920.38	12.3168
2918.96	15.7736
2917.54	3.22852
2916.12	22.6783
2914.7	-16.8737
2913.28	2.5708
2911.85	4.01038
2910.43	16.4475
2909.01	5.88184
2907.58	-43.6873
2906.16	-5.25806
2904.74	-6.83337
2903.31	35.5885
2901.88	-14.9934
2900.46	24.4232
2899.03	13.8373
2897.61	9.24634
2896.18	0.654053
2894.75	-26.9406
2893.33	13.4611
2891.9	-30.1389
2890.47	12.2574
2889.04	-20.3484
2887.61	32.0428
2886.18	-3.5686
2884.75	12.819
2883.32	0.202515
2881.89	4.58472
2880.46	22.9648
2879.03	7.34131
2877.6	37.7163
2876.17	-20.9105
2874.74	21.4602
2873.3	38.8291
2871.87	59.1951
2870.44	-11.4388
2869.01	7.9231
2867.57	5.28271
2866.14	9.6427
2864.7	7.99988
2863.27	-2.64563
2861.83	24.7079
2860.4	12.0594
2858.96	30.4097
2857.52	13.7579
2856.09	42.1042
2854.65	-15.5507
2853.21	29.7938
2851.77	15.1353
2850.34	35.4768
2848.9	-6.18469
2847.46	25.1542
2846.02	7.49072
2844.58	10.8262
2843.14	-10.8391
2841.7	12.4933
2840.26	13.825
2838.82	3.15515
2837.37	-6.5155
2835.93	26.8138
2834.49	-41.8595
2833.05	5.4679
2831.6	-60.208
2830.16	-26.8826
2828.72	16.4412
2827.27	-44.2357
2825.83	24.0863
2824.38	-30.592
2822.94	13.7279
2821.49	10.0475
2820.05	-18.632
2818.6	-4.31421
2817.15	-46.9956
2815.71	-26.6783
2814.26	-12.3613
2812.81	-13.0444
2811.36	-25.7277
2809.91	-20.4121
2808.47	-10.0968
2807.02	-8.78198
2805.57	-7.46594
2804.12	-51.1519
2802.67	19.1614
2801.22	-39.5237
2799.76	9.79077
2798.31	-7.89624
2796.86	-47.5825
2795.41	-16.2686
2793.96	-50.9548
2792.5	-52.6416
2791.05	-51.3286
2789.6	-35.0132
2788.14	13.2998
2786.69	-28.3857
2785.23	-29.0723
2783.78	16.2422
2782.32	12.5569
2780.86	-15.1294
2779.41	-21.8142
2777.95	-16.4993
2776.5	-3.18237
2775.04	-36.8665
2773.58	-4.55078
2772.12	-38.2329
2770.66	-2.91675
2769.2	-40.5986
2767.74	48.7185
2766.29	1.0376
2764.83	22.3572
2763.36	10.6768
2761.9	-2.00269
2760.44	24.3184
2758.98	-1.36035
2757.52	-2.03735
2756.06	52.2854
2754.59	5.60986
2753.13	6.93335
2751.67	-1.74048
2750.2	-7.41406
2748.74	-30.0872
2747.28	20.2405
2745.81	3.56934
2744.35	14.8987
2742.88	-5.77002
2741.41	3.56128
2739.95	26.8945
2738.48	36.2271
2737.01	6.56177
2735.55	21.8977
2734.08	45.2344
2732.61	-1.42749
2731.14	-18.0891
2729.67	-10.7493
2728.2	16.5913
2726.73	-9.06714
2725.26	-42.7229
2723.79	33.6208
2722.32	20.967
2720.85	3.31445
2719.38	34.6631
2717.91	26.0127
2716.44	2.36304
2714.96	-42.2847
2713.49	31.0686
2712.02	9.42407
2710.54	-15.2207
2709.07	-10.8638
2707.59	-0.504395
2706.12	-0.143311
2704.64	37.2183
2703.17	-30.4185
2701.69	19.946
2700.22	45.3125
2698.74	-24.3208
2697.26	14.0481
2695.78	-5.58081
2694.31	45.7908
2692.83	-22.835
2691.35	-17.4595
2689.87	37.9172
2688.39	14.2942
2686.91	-8.32593
2685.43	0.0571289
2683.95	-45.5603
2682.47	-45.1765
2680.99	89.2104
2679.51	-28.4023
2678.03	7.98804
2676.54	19.3779
2675.06	-20.229
2673.58	21.1655
2672.09	-27.438
2670.61	-13.04
2669.13	-22.6396
2667.64	-20.2388
2666.16	-13.8367
2664.67	-9.43115
2663.18	-62.0256
2661.7	-10.6172
2660.21	28.7932
2658.72	-15.7952
2657.24	14.6182
2655.75	20.033
2654.26	32.45
2652.77	75.8694
2651.28	18.2893
2649.8	11.7117
2648.31	46.1353
2646.82	14.5613
2645.33	26.9888
2643.84	-19.582
2642.34	-13.1509
2640.85	-3.71875
2639.36	-19.2844
2637.87	15.1531
2636.38	32.5903
2634.88	4.03149
2633.39	20.4719
2631.9	-25.0837
2630.4	18.3613
2628.91	5.80859
2627.41	-0.742676
2625.92	-34.2917
2624.42	33.1616
2622.93	35.615
2621.43	31.0723
2619.93	2.5293
2618.44	-20.0112
2616.94	-22.5496
2615.44	30.9138
2613.94	49.3789
2612.44	-13.1548
2610.95	26.3135
2609.45	24.7832
2607.95	6.25562
2606.45	75.7285
2604.95	16.2043
2603.44	18.6819
2601.94	-17.8386
2600.44	12.6416
2598.94	44.124
2597.44	22.6079
2595.93	30.0933
2594.43	17.5811
2592.93	13.0698
2591.42	-22.439
2589.92	33.052
2588.42	16.5466
2586.91	5.04272
2585.4	16.5396
2583.9	53.0383
2582.39	41.5386
2580.89	-16.9583
2579.38	83.5452
2577.87	-21.949
2576.36	22.5571
2574.86	59.0657
2573.35	29.5759
2571.84	28.0876
2570.33	89.6006
2568.82	34.115
2567.31	36.6321
2565.8	32.1494
2564.29	55.6689
2562.78	77.1887
2561.27	21.7107
2559.75	77.2346
2558.24	40.7595
2556.73	9.28564
2555.22	5.81299
2553.7	14.3418
2552.19	66.873
2550.68	36.4043
2549.16	-11.0623
2547.65	29.4727
2546.13	58.0071
2544.61	-3.45581
2543.1	14.0823
2541.58	34.6213
2540.07	23.1631
2538.55	21.7046
2537.03	15.2483
2535.51	21.7917
2533.99	66.3372
2532.48	42.884
2530.96	60.4319
2529.44	93.9807
2527.92	17.53
2526.4	38.0803
2524.88	52.6321
2523.36	33.1855
2521.83	-19.2612
2520.31	32.2937
2518.79	-3.1499
2517.27	10.407
2515.74	30.9646
2514.22	35.5229
2512.7	-0.918213
2511.17	-26.3586
2509.65	29.2031
2508.12	13.7644
2506.6	8.32715
2505.07	23.8911
2503.55	45.4551
2502.02	-11.9802
2500.49	-29.4148
2498.97	-9.84912
2497.44	-4.28125
2495.91	67.2852
2494.38	32.8538
2492.85	22.4214
2491.32	53.9907
2489.8	45.5605
2488.27	29.1301
2486.74	6.70068
2485.2	-20.7288
2483.67	5.84375
2482.14	3.41455
2480.61	-8.01318
2479.08	20.5586
2477.55	-48.8687
2476.01	-23.2957
2474.48	-17.7229
2472.95	50.8506
2471.41	61.425
2469.88	48.9985
2468.34	9.57178
2466.81	77.146
2465.27	17.7207
2463.74	7.29492
2462.2	50.8691
2460.66	-36.5566
2459.12	-49.9829
2457.59	16.5903
2456.05	-26.8359
2454.51	-26.2615
2452.97	-57.6875
2451.43	-26.115
2449.89	-12.5413
2448.35	-17.9685
2446.81	-37.3958
2445.27	-26.8235
2443.73	34.7493
2442.19	-25.6797
2440.65	-18.1077
2439.11	-43.5378
2437.56	-45.9666
2436.02	-9.39648
2434.48	-4.82715
2432.93	-17.2585
2431.39	-19.6902
2429.84	-30.1218
2428.3	2.44482
2426.75	-28.9883
2425.21	-15.4219
2423.66	-27.8582
2422.12	-67.2942
2420.57	-0.730713
2419.02	5.83325
2417.47	15.3945
2415.93	-49.0452
2414.38	-26.4846
2412.83	-4.92676
2411.28	32.6316
2409.73	-33.8115
2408.18	-8.25513
2406.63	-32.7007
2405.08	42.8523
2403.53	37.4063
2401.98	74.9565
2400.42	25.5076
2398.87	-37.9451
2397.32	49.603
2395.77	21.1497
2394.21	40.6941
2392.66	58.2373
2391.1	36.7808
2389.55	-27.6792
2387.99	68.8606
2386.44	52.3972
2384.88	25.9338
2383.33	3.46851
2381.77	-10.9988
2380.21	41.5322
2378.66	26.0618
2377.1	16.5889
2375.54	-19.8845
2373.98	106.639
2372.42	7.16187
2370.86	63.6826
2369.3	67.2017
2367.74	33.718
2366.18	29.2327
2364.62	99.7454
2363.06	32.2566
2361.5	71.7646
2359.94	45.2715
2358.37	37.7766
2356.81	45.2793
2355.25	61.7795
2353.68	91.2766
2352.12	-29.228
2350.56	77.2664
2348.99	26.7566
2347.43	43.2461
2345.86	12.731
2344.29	6.21509
2342.73	41.6965
2341.16	73.1753
2339.59	39.6528
2338.03	58.1265
2336.46	67.5967
2334.89	107.066
2333.32	113.532
2331.75	122.996
2330.18	82.4548
2328.61	172.914
2327.04	147.368
2325.47	68.8203
2323.9	121.27
2322.33	109.715
2320.76	119.159
2319.18	74.6001
2317.61	107.036
2316.04	81.4719
2314.47	125.903
2312.89	139.331
2311.32	110.755
2309.74	115.178
2308.17	100.597
2306.59	145.012
2305.02	126.424
2303.44	165.833
2301.86	158.238
2300.29	121.642
2298.71	146.04
2297.13	138.436
2295.55	162.827
2293.97	139.216
2292.4	160.601
2290.82	180.983
2289.24	163.361
2287.66	197.734
2286.08	164.106
2284.49	123.472
2282.91	215.836
2281.33	171.196
2279.75	186.552
2278.17	215.904
2276.58	133.252
2275	81.5957
2273.42	145.936
2271.83	139.272
2270.25	140.606
2268.66	150.933
2267.08	83.2581
2265.49	153.578
2263.91	152.895
2262.32	121.208
2260.73	160.516
2259.14	84.8203
2257.56	194.119
2255.97	170.416
2254.38	160.707
2252.79	161.995
2251.2	188.277
2249.61	167.555
2248.02	125.83
2246.43	113.099
2244.84	153.365
2243.25	122.626
2241.66	146.881
2240.07	150.134
2238.47	175.382
2236.88	129.625
2235.29	186.862
2233.69	105.096
2232.1	174.324
2230.5	93.5496
2228.91	158.769
2227.31	186.984
2225.72	220.194
2224.12	143.401
2222.53	58.6011
2220.93	135.797
2219.33	97.9875
2217.73	180.174
2216.14	138.355
2214.54	57.5315
2212.94	106.703
2211.34	195.87
2209.74	163.031
2208.14	168.188
2206.54	89.3381
2204.94	104.485
2203.34	168.626
2201.74	162.762
2200.13	200.893
2198.53	136.02
2196.93	189.14
2195.33	243.256
2193.72	178.366
2192.12	125.47
2190.51	107.57
2188.91	185.666
2187.3	122.755
2185.7	136.838
2184.09	131.917
2182.48	170.989
2180.88	152.057
2179.27	139.119
2177.66	184.176
2176.05	237.227
2174.45	207.273
2172.84	129.313
2171.23	191.347
2169.62	193.377
2168.01	250.401
2166.4	165.419
2164.79	106.432
2163.18	181.438
2161.56	160.439
2159.95	200.435
2158.34	212.425
2156.73	202.409
2155.11	178.387
2153.5	159.361
2151.89	171.327
2150.27	151.288
2148.66	232.244
2147.04	218.194
2145.43	171.138
2143.81	165.076
2142.19	173.009
2140.58	206.935
2138.96	157.855
2137.34	210.769
2135.72	255.676
2134.1	243.58
2132.48	160.477
2130.86	151.367
2129.25	184.251
2127.63	196.132
2126	162.004
2124.38	202.87
2122.76	201.732
2121.14	130.585
2119.52	106.435
2117.9	195.277
2116.27	201.113
2114.65	104.943
2113.03	178.767
2111.4	100.586
2109.78	187.397
2108.15	200.204
2106.53	186.004
2104.9	170.797
2103.27	173.584
2101.65	100.365
2100.02	149.139
2098.39	131.909
2096.77	159.672
2095.14	153.427
2093.51	142.177
2091.88	84.9207
2090.25	143.658
2088.62	149.39
2086.99	82.114
2085.36	194.833
2083.73	163.544
2082.1	137.25
2080.46	189.95
2078.83	157.644
2077.2	186.33
2075.57	234.012
2073.93	174.685
2072.3	215.353
2070.66	107.015
2069.03	156.671
2067.4	238.319
2065.76	192.961
2064.12	138.596
2062.49	284.227
2060.85	190.849
2059.21	217.466
2057.58	189.077
2055.94	195.68
2054.3	204.277
2052.66	224.868
2051.02	202.453
2049.38	196.03
2047.74	240.602
2046.1	235.168
2044.46	206.726
2042.82	141.278
2041.18	139.823
2039.53	164.362
2037.89	194.895
2036.25	194.42
2034.61	205.94
2032.96	132.454
2031.32	166.96
2029.67	161.46
2028.03	172.955
2026.38	124.441
2024.74	93.9226
2023.09	184.395
2021.44	97.863
2019.8	77.3242
2018.15	166.778
2016.5	117.228
2014.85	165.669
2013.21	184.104
2011.56	185.531
2009.91	105.954
2008.26	203.369
2006.61	152.778
2004.96	164.181
2003.3	140.577
2001.65	169.965
2000	180.348
1998.35	144.725
1996.7	166.094
1995.04	208.458
1993.39	122.814
1991.74	135.165
1990.08	247.508
1988.43	265.845
1986.77	258.176
1985.12	171.499
1983.46	156.816
1981.8	169.128
1980.15	257.432
1978.49	193.729
1976.83	202.021
1975.17	172.306
1973.51	155.585
1971.86	239.857
1970.2	251.122
1968.54	143.38
1966.88	125.633
1965.22	164.878
1963.55	151.118
1961.89	98.3508
1960.23	145.577
1958.57	144.796
1956.91	138.009
1955.24	110.218
1953.58	197.417
1951.92	206.611
1950.25	107.799
1948.59	167.98
1946.92	98.1543
1945.26	119.324
1943.59	111.484
1941.92	159.641
1940.26	52.7881
1938.59	143.931
1936.92	196.067
1935.25	139.196
1933.59	91.3203
1931.92	167.436
1930.25	108.545
1928.58	123.65
1926.91	92.748
1925.24	62.8389
1923.57	89.9233
1921.9	128.001
1920.22	93.0742
1918.55	109.139
1916.88	100.199
1915.21	91.2515
1913.53	119.298
1911.86	157.338
1910.18	107.372
1908.51	62.4004
1906.83	129.42
1905.16	154.436
1903.48	81.4448
1901.81	95.4473
1900.13	92.4429
1898.45	53.4321
1896.78	107.417
1895.1	74.3931
1893.42	51.3643
1891.74	95.3296
1890.06	57.2881
1888.38	141.24
1886.7	-19.8149
1885.02	116.126
1883.34	96.0586
1881.66	41.9868
1879.98	29.9082
1878.3	62.8232
1876.61	83.7314
1874.93	-40.3662
1873.25	87.5313
1871.56	23.4204
1869.88	37.3052
1868.19	45.1836
1866.51	-15.9443
1864.82	57.9209
1863.14	0.780762
1861.45	29.6353
1859.76	34.4814
1858.08	19.3237
1856.39	14.1592
1854.7	44.9888
1853.01	42.8115
1851.32	32.6309
1849.63	50.4409
1847.95	27.2471
1846.25	22.0449
1844.56	45.8384
1842.87	-9.37451
1841.18	38.4087
1839.49	144.184
1837.8	-19.0483
1836.11	-35.2837
1834.41	20.4746
1832.72	-8.77393
1831.03	-44.0278
1829.33	-4.28857
1827.64	10.4468
1825.94	16.1738
1824.25	-35.103
1822.55	30.6113
1820.85	35.3223
1819.16	-3.9707
1817.46	-15.2729
1815.76	-29.5801
1814.06	-25.8921
1812.36	-22.2119
1810.67	-6.53564
1808.97	-0.865723
1807.27	-90.2012
1805.57	-35.541
1803.87	36.1108
1802.17	-95.2412
1800.46	27.3984
1798.76	46.0347
1797.06	-17.335
1795.36	-8.7085
1793.65	-41.0903
1791.95	-12.478
1790.25	42.1304
1788.54	-0.26709
1786.84	-16.6704
1785.13	60.9204
1783.43	48.5049
1781.72	7.08398
1780.01	50.6592
1778.31	46.2261
1776.6	23.79
1774.89	53.3481
1773.18	-20.1001
1771.47	22.4458
1769.77	39.9888
1768.06	73.5234
1766.35	52.0542
1764.64	48.5796
1762.92	7.09961
1761.21	54.6133
1759.5	73.1216
1757.79	29.6265
1756.08	113.123
1754.36	119.617
1752.65	184.104
1750.94	78.5864
1749.22	70.063
1747.51	229.536
1745.79	176.001
1744.08	105.463
1742.36	133.92
1740.65	124.371
1738.93	67.8164
1737.21	202.256
1735.49	119.691
1733.78	131.122
1732.06	75.5479
1730.34	18.9658
1728.62	177.38
1726.9	210.792
1725.18	150.196
1723.46	135.595
1721.74	115.991
1720.02	136.381
1718.3	108.766
1716.57	115.145
1714.85	61.5195
1713.13	102.888
1711.41	120.255
1709.68	135.613
1707.96	69.9683
1706.23	130.319
1704.51	115.664
1702.78	114.006
1701.05	16.3408
1699.33	88.6724
1697.6	77.9971
1695.87	36.3188
1694.15	92.6353
1692.42	72.9468
1690.69	92.2559
1688.96	101.557
1687.23	103.856
1685.5	161.149
1683.77	170.438
1682.04	161.722
1680.31	207
1678.58	203.274
1676.85	147.546
1675.11	208.812
1673.38	120.074
1671.65	221.331
1669.91	246.582
1668.18	261.83
1666.44	268.074
1664.71	298.312
1662.97	338.546
1661.24	367.777
1659.5	379.002
1657.76	373.223
1656.03	383.442
1654.29	438.654
1652.55	389.863
1650.81	445.068
1649.07	425.268
1647.33	529.464
1645.59	519.655
1643.85	590.844
1642.11	607.026
1640.37	642.206
1638.63	675.381
1636.89	667.552
1635.15	744.722
1633.4	859.884
1631.66	880.044
1629.92	944.198
1628.17	1007.35
1626.43	1154.5
1624.68	1029.64
1622.94	1052.78
1621.19	1085.92
1619.45	1198.05
1617.7	1189.18
1615.95	1253.3
1614.21	1322.42
1612.46	1247.54
1610.71	1204.65
1608.96	1233.76
1607.21	1168.87
1605.46	1205.97
1603.71	1188.07
1601.96	1131.16
1600.21	1151.25
1598.46	1217.34
1596.71	1125.43
1594.95	1177.51
1593.2	1095.58
1591.45	1128.66
1589.7	1112.73
1587.94	1227.8
1586.19	1166.86
1584.43	1126.92
1582.68	1180.98
1580.92	1214.03
1579.16	1296.08
1577.41	1173.13
1575.65	1288.18
1573.89	1196.22
1572.13	1105.25
1570.38	1069.29
1568.62	1099.32
1566.86	1051.35
1565.1	1050.38
1563.34	1000.4
1561.58	967.42
1559.82	993.437
1558.06	946.45
1556.29	1016.46
1554.53	974.47
1552.77	969.474
1551.01	879.478
1549.24	914.478
1547.48	814.475
1545.71	916.468
1543.95	1025.46
1542.18	979.449
1540.42	963.437
1538.65	918.42
1536.89	898.402
1535.12	954.38
1533.35	1004.35
1531.58	1007.33
1529.82	1055.3
1528.05	1036.27
1526.28	1071.24
1524.51	1081.2
1522.74	1136.16
1520.97	1033.12
1519.2	1194.08
1517.42	1153.03
1515.65	1142.99
1513.88	1292.94
1512.11	1194.89
1510.33	1261.83
1508.56	1210.78
1506.79	1284.72
1505.01	1378.66
1503.24	1278.6
1501.46	1310.53
1499.69	1424.46
1497.91	1420.4
1496.13	1426.33
1494.36	1473.25
1492.58	1634.18
1490.8	1608.1
1489.02	1505.03
1487.24	1546.95
1485.46	1582.87
1483.68	1678.79
1481.9	1702.7
1480.12	1705.62
1478.34	1669.53
1476.56	1588.44
1474.78	1499.35
1473	1612.26
1471.21	1485.16
1469.43	1484.07
1467.65	1433.97
1465.86	1422.87
1464.08	1307.77
1462.29	1435.67
1460.51	1405.57
1458.72	1475.47
1456.93	1355.36
1455.15	1420.26
1453.36	1469.15
1451.57	1391.04
1449.79	1390.93
1448	1347.82
1446.21	1339.71
1444.42	1438.59
1442.63	1386.48
1440.84	1287.36
1439.05	1269.25
1437.26	1418.13
1435.46	1368.01
1433.67	1440.89
1431.88	1362.77
1430.09	1406.65
1428.29	1451.52
1426.5	1353.4
1424.71	1365.28
1422.91	1377.15
1421.12	1358.02
1419.32	1306.9
1417.52	1360.77
1415.73	1353.64
1413.93	1406.51
1412.13	1370.38
1410.34	1301.25
1408.54	1389.12
1406.74	1448.99
1404.94	1493.85
1403.14	1396.72
1401.34	1385.58
1399.54	1298.45
1397.74	1385.31
1395.94	1350.17
1394.14	1373.04
1392.33	1283.9
1390.53	1291.76
1388.73	1383.62
1386.92	1253.48
1385.12	1279.34
1383.32	1310.2
1381.51	1175.06
1379.7	1153.91
1377.9	1197.77
1376.09	1303.63
1374.29	1229.48
1372.48	1201.34
1370.67	1237.19
1368.86	1234.04
1367.05	1127.9
1365.25	1333.75
1363.44	1236.6
1361.63	1089.45
1359.82	1101.3
1358.01	1221.16
1356.19	1249
1354.38	1302.85
1352.57	1170.7
1350.76	1251.55
1348.95	1242.4
1347.13	1219.24
1345.32	1315.09
1343.5	1349.93
1341.69	1408.78
1339.87	1521.62
1338.06	1594.46
1336.24	1543.3
1334.43	1718.14
1332.61	1703.99
1330.79	1739.83
1328.97	1924.67
1327.16	1992.5
1325.34	1956.34
1323.52	2002.17
1321.7	1949.01
1319.88	1924.84
1318.06	1843.68
1316.24	1880.51
1314.41	1752.34
1312.59	1682.17
1310.77	1723
1308.95	1659.82
1307.12	1580.65
1305.3	1543.47
1303.48	1545.3
1301.65	1541.12
1299.83	1419.94
1298	1409.76
1296.18	1439.57
1294.35	1393.39
1292.52	1390.21
1290.69	1465.02
1288.87	1494.83
1287.04	1594.64
1285.21	1592.44
1283.38	1447.25
1281.55	1554.05
1279.72	1607.85
1277.89	1596.65
1276.06	1760.45
1274.23	1710.24
1272.4	1761.03
1270.57	1712.82
1268.73	1723.61
1266.9	1752.4
1265.07	1742.18
1263.23	1862.96
1261.4	1889.73
1259.56	1897.51
1257.73	1863.28
1255.89	1775.04
1254.06	1903.81
1252.22	1818.57
1250.38	1799.33
1248.54	1849.08
1246.71	1793.83
1244.87	1742.58
1243.03	1775.32
1241.19	1730.06
1239.35	1651.79
1237.51	1595.53
1235.67	1688.25
1233.83	1513.98
1231.98	1435.69
1230.14	1401.41
1228.3	1312.12
1226.46	1159.82
1224.61	1139.52
1222.77	1043.21
1220.92	1002.9
1219.08	926.585
1217.23	1049.26
1215.39	991.938
1213.54	804.603
1211.7	753.265
1209.85	877.919
1208	886.568
1206.15	838.209
1204.3	723.844
1202.45	704.472
1200.61	782.094
1198.76	806.71
1196.91	897.318
1195.05	726.917
1193.2	792.51
1191.35	692.096
1189.5	822.672
1187.65	715.242
1185.79	674.803
1183.94	670.355
1182.09	750.901
1180.23	800.435
1178.38	837.962
1176.52	1002.48
1174.67	1018.99
1172.81	1201.48
1170.95	1142.97
1169.1	1344.45
1167.24	1415.92
1165.38	1482.38
1163.52	1614.83
1161.66	1634.26
1159.8	1597.69
1157.94	1598.1
1156.08	1629.51
1154.22	1534.89
1152.36	1589.27
1150.5	1555.64
1148.64	1519.99
1146.77	1302.34
1144.91	1427.67
1143.05	1305.98
1141.18	1293.28
1139.32	1176.57
1137.45	1247.84
1135.59	1187.1
1133.72	1147.35
1131.86	1009.58
1129.99	1051.8
1128.12	917.998
1126.25	1016.19
1124.39	1012.35
1122.52	982.507
1120.65	855.644
1118.78	929.764
1116.91	832.87
1115.04	985.955
1113.17	929.024
1111.3	978.075
1109.42	854.108
1107.55	694.122
1105.68	685.12
1103.81	411.095
1101.93	494.053
1100.06	455.992
1098.18	514.909
1096.31	484.806
1094.43	237.685
1092.56	273.54
1090.68	299.375
1088.8	273.189
1086.93	181.98
1085.05	364.749
1083.17	153.497
1081.29	152.219
1079.41	217.92
1077.53	296.597
1075.65	250.25
1073.77	322.88
1071.89	224.483
1070.01	271.063
1068.13	252.618
1066.24	280.146
1064.36	386.647
1062.48	313.125
1060.59	202.572
1058.71	159.995
1056.83	149.39
1054.94	108.755
1053.05	154.093
1051.17	161.404
1049.28	137.683
1047.39	210.935
1045.51	140.156
1043.62	73.3462
1041.73	64.5059
1039.84	110.637
1037.95	11.7363
1036.06	-14.1997
1034.17	58.8379
1032.28	25.8394
1030.39	24.8071
1028.5	-8.25537
1026.61	62.6436
1024.71	-27.4878
1022.82	-75.6548
1020.93	-24.854
1019.03	6.90771
1017.14	-10.3633
1015.24	-3.6748
1013.35	-12.02
1011.45	-50.4028
1009.56	-6.81982
1007.66	11.7212
1005.76	-36.7734
1003.86	64.6929
1001.97	97.1196
1000.07	48.5063
998.167	46.8525
996.268	-5.83887
994.368	-71.5708
992.466	50.6509
990.565	63.8345
988.664	69.9795
986.762	-10.9224
984.86	54.1357
982.957	2.15039
981.053	64.1167
979.15	105.046
977.245	157.926
975.34	35.7612
973.435	42.5542
971.53	45.3003
969.624	47
967.717	70.6523
965.809	126.257
963.902	-5.18213
961.994	123.33
960.086	105.793
958.177	128.208
956.267	151.572
954.357	42.8857
952.447	6.15381
950.536	-23.6294
948.625	-3.46338
946.713	-29.3496
944.8	-54.2881
942.888	-12.2749
940.974	57.6812
939.061	12.5884
937.147	18.4414
935.233	41.2456
933.317	104.99
931.402	-75.3154
929.485	-51.6812
927.569	-0.0976563
925.652	-25.5703
923.735	-23.0947
921.817	61.3193
919.899	35.6812
917.98	-64.0146
916.061	107.231
914.141	133.419
912.22	9.54883
910.3	25.6245
908.378	63.6357
906.456	-12.4077
904.534	41.4883
902.612	75.3296
900.689	114.105
898.766	146.825
896.841	201.479
894.916	86.0757
892.991	165.611
891.066	115.089
889.14	177.5
887.214	270.853
885.287	259.144
883.36	192.37
881.432	273.534
879.504	248.638
877.575	318.674
875.646	414.651
873.716	499.563
871.786	651.41
869.855	763.193
867.924	899.916
865.992	909.567
864.06	1063.16
862.128	1110.69
860.194	1236.15
858.261	1162.54
856.327	1072.87
854.393	965.139
852.458	1002.34
850.522	998.473
848.586	890.539
846.65	719.545
844.714	796.482
842.776	868.348
840.838	888.151
838.901	850.894
836.961	908.562
835.023	844.169
833.082	829.703
831.142	816.175
829.202	812.579
827.261	914.922
825.319	871.19
823.377	895.397
821.434	1007.53
819.491	960.603
817.548	1006.61
815.604	1023.55
813.66	1094.42
811.715	1009.23
809.769	995.968
807.823	1039.64
805.878	993.254
803.93	982.793
801.983	859.272
800.035	862.678
798.087	743.023
796.139	782.309
794.189	837.521
792.24	698.675
790.289	642.756
788.339	672.778
786.387	542.735
784.436	436.634
782.484	591.461
780.532	520.23
778.578	498.929
776.624	466.57
774.671	421.155
772.716	560.67
770.762	487.13
768.806	420.519
766.85	308.854
764.893	376.127
762.937	245.346
760.979	266.497
759.022	139.595
757.064	193.634
755.105	200.613
753.145	129.533
751.185	133.396
749.226	52.207
747.264	68.9551
745.303	71.6533
743.341	40.2959
741.38	7.89063
739.417	30.4229
737.454	66.9082
735.49	-14.6592
733.526	-22.2793
731.562	-28.9512
729.596	107.326
727.631	47.5596
725.665	7.74414
723.699	-56.1211
721.732	87.9668
719.764	7.00586
717.797	-34.9922
715.828	-8.04492
713.859	115.866
711.889	256.732
709.919	111.556
707.949	80.3457
705.978	207.086
704.007	221.795
702.035	153.463
700.063	172.094
698.091	301.695
696.117	232.253
694.143	142.784
692.169	226.28
690.194	124.743
688.219	148.175
686.244	112.583
684.267	82.9541
682.291	126.305
680.314	-33.3721
678.336	-9.0752
676.358	6.20508
674.379	26.4541
672.4	11.6885
670.421	42.9014
668.441	-33.9053
666.46	-103.73
664.479	53.4346
662.497	105.575
660.516	243.711
658.533	380.832
656.55	374.941
654.567	588.048
652.583	767.138
650.598	893.228
648.614	1151.31
646.628	1273.39
644.643	1344.47
642.656	1117.55
640.669	1167.63
638.682	983.709
636.694	937.793
634.706	957.882
632.717	781.983
630.728	616.084
628.738	749.201
626.748	487.329
624.757	520.468
622.766	435.628
620.774	459.795
618.782	376.987
616.789	407.196
614.796	311.425
612.802	167.676
610.808	124.957
608.814	149.262
606.818	231.585
604.822	198.944
602.827	204.34
600.83	169.76
598.833	117.219
596.836	107.712
594.838	131.241
592.839	246.808
590.84	187.413
588.841	250.066
586.84	256.755
584.84	314.495
582.838	143.279
580.838	135.119
578.835	60
576.833	-15.0615
574.83	99.9277
572.827	73.9707
570.822	141.068
568.818	191.223
566.813	171.442
564.808	158.721
562.802	100.061
560.795	215.462
558.788	299.927
556.781	206.465
554.773	324.068
552.765	370.74
550.756	400.481
548.747	408.293
546.737	582.184
544.726	467.14
542.716	560.177
540.704	657.29
538.692	635.48
536.68	772.755
534.667	902.101
532.654	1134.53
530.64	1184.05
528.626	1217.64
526.611	1292.33
524.596	1528.09
522.58	1534.94
520.564	1411.88
518.547	1287.91
516.529	1388.02
514.512	1372.22
512.494	1240.52
510.476	1143.9
508.456	1167.36
506.436	1237.92
504.416	1293.57
502.395	1272.31
500.374	1397.15
498.353	1568.07
496.33	1601.08
494.307	1564.18
492.284	1822.38
490.261	1724.66
488.237	1625.04
486.212	1655.5
484.187	1742.05
482.161	1490.7
480.134	1463.42
478.108	1117.23
476.081	1094.13
474.054	1007.12
472.025	899.188
469.997	845.339
467.968	598.57
465.938	686.88
463.908	743.266
461.877	638.726
459.846	786.264
457.814	552.872
455.782	610.55
453.75	683.292
451.716	991.099
449.683	1046.97
447.649	1023.9
445.614	1186.89
443.579	1269.92
441.543	1230.01
439.508	1558.14
437.47	1566.31
435.433	1804.53
433.396	1811.78
431.358	1856.06
429.319	1924.36
427.28	1880.69
425.241	1816.03
423.201	1652.38
421.16	1568.74
419.118	1519.1
417.077	1609.45
415.035	1224.8
412.993	1185.12
410.949	1223.42
408.905	1134.69
406.862	1143.93
404.816	1246.11
402.771	1096.25
400.727	1061.33
398.68	1194.34
396.633	1011.27
394.586	966.126
392.539	896.884
390.491	786.538
388.442	849.08
386.393	620.504
384.344	489.796
382.293	509.938
380.242	437.934
378.192	260.77
376.14	359.423
374.088	246.894
372.035	159.165
369.982	12.2236
367.928	-67.9443
365.874	21.6494
363.82	60.9961
361.765	57.0771
359.709	-130.123
357.653	-122.62
355.596	-28.4287
353.539	-139.557
351.481	-7.03516
349.423	-111.866
347.364	-93.0752
345.305	-79.6699
343.245	18.3145
341.185	248.876
339.125	301.987
337.063	286.63
335.001	369.781
332.94	271.433
330.876	321.543
328.813	302.11
326.749	486.103
324.685	640.497
322.621	750.281
320.555	764.409
318.489	906.88
316.423	940.655
314.356	946.711
312.29	1095.03
310.221	1254.57
308.153	1315.32
306.084	1468.24
304.015	1460.3
301.946	1500.49
299.875	1640.74
297.804	1520.07
295.733	1541.41
293.661	1587.74
291.588	1664.03
289.516	1591.25
287.443	1615.36
285.369	1397.32
283.295	1176.09
281.22	1530.64
279.144	1291.93
277.068	1256.94
274.992	1147.62
272.915	1118.91
270.837	1188.79
268.76	1121.22
266.681	1170.13
264.602	1337.51
262.523	1322.3
260.443	1403.48
258.362	1438.94
256.282	1455.7
254.2	1652.64
252.118	1775.79
250.036	1721.08
247.952	1893.41
245.869	1852.78
243.784	1847.08
241.7	1851.32
239.616	1667.44
237.53	1783.31
235.443	1693.92
233.357	1367.25
231.27	1463.18
229.182	1256.67
227.094	1337.69
225.005	1001.09
222.916	1060.89
220.827	801.993
218.737	760.318
216.646	474.8
214.555	590.415
212.462	454.995
210.37	624.566
208.278	487.006
206.185	254.291
204.091	155.235
201.997	-34.1279
199.902	-143.936
197.807	-42.2686
195.711	-267.211
193.615	-238.784
191.517	-327.199
189.42	-218.418
187.322	-288.592
185.224	-339.813
183.125	-240.1
181.025	-239.693
178.926	214.459
176.825	177.186
174.724	717.389
172.623	894.047
170.521	1411.89
168.418	1881
166.315	2725.16
164.212	3603.28
162.108	4808.34
160.003	5872.03
157.898	7039.44
155.793	8068.36
153.686	8938.67
151.58	8977.35
149.473	8688.07
147.365	8326.93
145.257	7065.68
143.148	5938.21
141.039	4814.38
138.929	3636.18
136.819	2823.37
134.709	2263.8
132.597	1456.33
130.485	1375.83
128.373	1061.28
126.26	660.279
124.147	760.945
122.033	347.994
119.919	374.428
117.804	235.783
115.688	281.217
113.573	226.414
111.456	479.213
109.339	516.445
107.222	510.125
105.103	609.727
102.985	547.439
100.866	252.908
98.7467	-302.85
96.6262	-1022.4
