3502.52	3.90417
3501.25	8.35767
3499.98	13.8108
3498.71	-6.73645
3497.44	3.71729
3496.17	-11.8281
3494.9	8.62866
3493.62	9.0874
3492.35	0.549561
3491.08	13.0153
3489.8	-12.5155
3488.53	-3.04126
3487.26	-4.5625
3485.98	-13.0778
3484.71	2.41272
3483.43	-16.0908
3482.16	-27.5873
3480.88	-9.07642
3479.6	0.44165
3478.33	-30.0327
3477.05	-31.4984
3475.77	-14.9557
3474.5	-34.4044
3473.22	-7.84375
3471.94	-37.2739
3470.66	-35.6948
3469.38	-16.1055
3468.1	-7.50623
3466.82	-28.8965
3465.54	-29.2765
3464.26	-58.6458
3462.98	-15.0043
3461.7	-21.3518
3460.42	-19.6882
3459.14	-34.0134
3457.86	-15.3274
3456.57	-9.62988
3455.29	-28.9208
3454.01	-32.2
3452.73	-25.4677
3451.44	-13.7236
3450.16	-62.9678
3448.87	-33.2003
3447.59	-30.4209
3446.3	-27.6296
3445.02	-45.8267
3443.73	-38.0118
3442.45	-17.1852
3441.16	-32.3469
3439.88	-28.4971
3438.59	-37.6354
3437.3	-33.7622
3436.01	-3.87756
3434.73	-16.9814
3433.44	-23.074
3432.15	-42.1553
3430.86	-20.2255
3429.57	-19.2847
3428.28	-55.3329
3426.99	-32.3704
3425.7	-18.3973
3424.41	-35.4137
3423.12	-14.4197
3421.83	-24.4155
3420.54	-41.4014
3419.24	-10.3773
3417.95	-22.3435
3416.66	-22.3003
3415.37	-45.2478
3414.07	-29.1862
3412.78	-28.1156
3411.48	-16.0361
3410.19	-37.9484
3408.9	-44.8523
3407.6	-26.7482
3406.31	-24.6361
3405.01	-30.5165
3403.72	-35.3895
3402.42	-30.2552
3401.12	-17.1141
3399.82	-13.9663
3398.53	-36.8121
3397.23	-21.6517
3395.93	-32.4855
3394.63	-38.3135
3393.33	-34.1364
3392.04	14.0461
3390.74	-15.7665
3389.44	-9.57458
3388.14	-22.3783
3386.84	-34.178
3385.53	-33.9739
3384.23	-24.7665
3382.93	-23.5557
3381.63	-1.34192
3380.33	-7.12561
3379.03	-12.907
3377.72	-4.68628
3376.42	-35.4636
3375.12	-20.2397
3373.81	-27.0145
3372.51	-5.78857
3371.2	-15.5618
3369.9	-29.3348
3368.59	-17.1078
3367.29	-12.8812
3365.98	-9.65491
3364.68	-22.4298
3363.37	-9.20557
3362.06	-28.983
3360.76	-6.76221
3359.45	-7.54333
3358.14	-5.32703
3356.83	-7.11328
3355.52	-10.9025
3354.22	-23.6949
3352.91	2.50891
3351.6	-0.291016
3350.29	-3.09509
3348.98	11.0966
3347.67	12.2833
3346.36	-12.5349
3345.04	-21.3585
3343.73	4.81226
3342.42	15.9772
3341.11	-6.86414
3339.8	4.28809
3338.48	-13.5664
3337.17	21.572
3335.86	-21.2969
3334.54	5.82666
3333.23	-11.0577
3331.91	-9.95044
3330.6	-45.8514
3329.28	12.2389
3327.97	-3.67993
3326.65	-10.6079
3325.34	0.45459
3324.02	12.5072
3322.7	-0.450195
3321.38	-6.41785
3320.07	1.60376
3318.75	9.61462
3317.43	7.61438
3316.11	0.602783
3314.79	-14.4204
3313.47	-2.45544
3312.15	11.4973
3310.83	-9.56213
3309.51	-4.63416
3308.19	13.2809
3306.87	15.183
3305.55	-7.92822
3304.23	5.94702
3302.9	-0.191528
3301.58	20.6561
3300.26	-12.5105
3298.94	10.3086
3297.61	17.1128
3296.29	-4.09766
3294.96	7.67688
3293.64	13.4362
3292.31	14.1801
3290.99	9.90833
3289.66	4.62061
3288.34	12.3169
3287.01	32.9971
3285.68	5.66064
3284.36	-0.692139
3283.03	5.93811
3281.7	29.5515
3280.37	10.1477
3279.05	9.72693
3277.72	22.2883
3276.39	23.8322
3275.06	7.35815
3273.73	26.8666
3272.4	0.356689
3271.07	10.8284
3269.74	29.2821
3268.41	28.7168
3267.08	22.1334
3265.74	32.5306
3264.41	36.9095
3263.08	40.2687
3261.75	31.6093
3260.41	39.9299
3259.08	36.2317
3257.75	66.5133
3256.41	47.7759
3255.08	45.0187
3253.74	62.241
3252.41	60.4438
3251.07	26.6268
3249.74	72.7896
3248.4	58.9319
3247.06	91.0532
3245.73	62.1549
3244.39	64.2361
3243.05	87.2966
3241.71	99.3363
3240.37	91.3557
3239.04	76.3539
3237.7	110.331
3236.36	95.288
3235.02	133.224
3233.68	90.1381
3232.34	102.032
3231	78.9048
3229.66	92.7561
3228.31	112.586
3226.97	98.3956
3225.63	96.1831
3224.29	95.9493
3222.94	91.6951
3221.6	119.419
3220.26	95.1206
3218.91	79.8025
3217.57	110.462
3216.23	98.1011
3214.88	112.717
3213.53	96.3138
3212.19	69.8887
3210.84	98.441
3209.5	86.9731
3208.15	111.484
3206.8	106.972
3205.46	78.4403
3204.11	117.887
3202.76	93.3126
3201.41	122.717
3200.06	78.0985
3198.71	80.4604
3197.36	97.8011
3196.01	90.1206
3194.66	106.419
3193.31	72.6965
3191.96	78.953
3190.61	91.1885
3189.26	110.405
3187.91	63.5984
3186.56	111.771
3185.2	99.9237
3183.85	97.0553
3182.5	77.1682
3181.14	85.2589
3179.79	134.329
3178.44	121.38
3177.08	114.41
3175.73	107.419
3174.37	84.4104
3173.01	108.38
3171.66	106.331
3170.3	114.262
3168.95	81.1716
3167.59	75.0635
3166.23	105.934
3164.87	117.787
3163.51	104.621
3162.16	80.4347
3160.8	94.2283
3159.44	107.004
3158.08	69.7616
3156.72	131.5
3155.36	110.22
3154	97.9214
3152.64	83.6045
3151.28	113.269
3149.91	100.915
3148.55	93.5439
3147.19	108.154
3145.83	71.7472
3144.46	89.3223
3143.1	65.88
3141.74	92.422
3140.37	112.945
3139.01	83.4508
3137.64	80.9419
3136.28	95.4137
3134.91	105.869
3133.55	116.31
3132.18	108.733
3130.81	120.141
3129.45	113.531
3128.08	73.908
3126.71	87.2664
3125.34	98.6117
3123.98	108.941
3122.61	78.2534
3121.24	86.553
3119.87	103.837
3118.5	66.1067
3117.13	74.3617
3115.76	99.5996
3114.39	109.826
3113.02	95.0381
3111.64	81.236
3110.27	75.4204
3108.9	76.5909
3107.53	84.7484
3106.15	59.8923
3104.78	93.0256
3103.41	81.1437
3102.03	70.2488
3100.66	68.3417
3099.29	84.424
3097.91	67.4923
3096.53	74.5479
3095.16	49.5945
3093.78	70.6272
3092.41	59.6482
3091.03	69.6603
3089.65	39.6583
3088.27	51.6484
3086.9	56.6277
3085.52	57.5939
3084.14	86.5521
3082.76	80.5
3081.38	46.4354
3080	59.3635
3078.62	60.2823
3077.24	63.1914
3075.86	71.0911
3074.48	55.9813
3073.1	102.861
3071.72	73.7335
3070.33	71.598
3068.95	40.454
3067.57	23.3043
3066.19	29.1442
3064.8	24.9761
3063.42	79.8007
3062.03	62.6176
3060.65	60.4298
3059.26	72.2327
3057.88	38.0283
3056.49	75.8198
3055.11	13.6024
3053.72	49.379
3052.33	31.1515
3050.95	52.9156
3049.56	17.6765
3048.17	27.4316
3046.78	39.1794
3045.4	46.924
3044.01	35.6633
3042.62	20.3959
3041.23	44.1259
3039.84	19.8516
3038.45	10.5729
3037.06	7.28979
3035.67	14.0031
3034.28	-2.28772
3032.88	-1.58179
3031.49	18.12
3030.1	18.8195
3028.71	0.515015
3027.31	12.208
3025.92	14.8986
3024.52	11.5858
3023.13	-15.7261
3021.74	-5.04333
3020.34	-2.3623
3018.95	-2.68042
3017.55	-2.00293
3016.16	0.675171
3014.76	12.3494
3013.36	8.02551
3011.96	-22.3025
3010.57	16.3707
3009.17	30.0413
3007.77	0.713867
3006.37	6.38574
3004.97	22.0573
3003.57	29.726
3002.17	18.3975
3000.77	-29.9304
2999.37	35.7417
2997.97	17.4142
2996.57	-37.9128
2995.17	8.76111
2993.77	28.4359
2992.37	22.1121
2990.97	2.78931
2989.56	-10.5323
2988.16	-0.849121
2986.76	-14.1681
2985.35	30.5157
2983.95	-18.7993
2982.54	28.891
2981.14	-3.41968
2979.73	0.275269
2978.33	-9.0304
2976.92	-5.33093
2975.51	0.368896
2974.11	-12.9265
2972.7	24.7821
2971.29	8.49011
2969.89	17.2045
2968.48	63.9221
2967.07	-4.35828
2965.66	7.36646
2964.25	15.0946
2962.84	31.8269
2961.43	-2.43884
2960.02	-27.699
2958.61	22.0464
2957.2	-11.2053
2955.79	-16.4529
2954.38	-29.6957
2952.96	-7.93311
2951.55	27.8329
2950.14	-6.39502
2948.73	-2.61816
2947.31	-16.8379
2945.9	3.94897
2944.48	2.74072
2943.07	-24.4625
2941.65	2.33972
2940.24	-14.8528
2938.82	-8.03943
2937.41	-24.2197
2935.99	-37.3958
2934.57	-25.5647
2933.16	-31.7291
2931.74	6.11316
2930.32	-23.0383
2928.9	-17.1851
2927.48	-17.325
2926.06	-27.4584
2924.64	-10.5858
2923.22	-4.70728
2921.8	9.17957
2920.38	53.0709
2918.96	14.9684
2917.54	-8.12622
2916.12	-15.2155
2914.7	-21.2969
2913.28	20.6282
2911.85	-25.4414
2910.43	-2.50342
2909.01	6.44165
2907.58	13.3933
2906.16	-16.6469
2904.74	4.3186
2903.31	-1.70862
2901.88	21.2703
2900.46	15.2576
2899.03	-6.74792
2897.61	-45.748
2896.18	29.2601
2894.75	9.27588
2893.33	-2.70215
2891.9	-27.6721
2890.47	-6.63574
2889.04	-16.5919
2887.61	10.459
2886.18	6.51685
2884.75	20.5831
2883.32	-8.34448
2881.89	15.7358
2880.46	7.82373
2879.03	-12.0824
2877.6	-13.9805
2876.17	42.129
2874.74	-9.75452
2873.3	31.3695
2871.87	31.5
2870.44	11.6395
2869.01	-0.215454
2867.57	52.9366
2866.14	20.0975
2864.7	-7.73499
2863.27	-2.56116
2861.83	-34.3793
2860.4	18.8094
2858.96	-4.99451
2857.52	0.208374
2856.09	9.41821
2854.65	-22.3647
2853.21	42.8601
2851.77	16.0907
2850.34	-6.67053
2848.9	-15.4259
2847.46	20.8267
2846.02	30.0854
2844.58	65.3512
2843.14	40.624
2841.7	16.903
2840.26	46.1887
2838.82	11.481
2837.37	-46.22
2835.93	-9.91357
2834.49	-3.60193
2833.05	-40.2827
2831.6	9.04138
2830.16	-4.62659
2828.72	31.7111
2827.27	14.0552
2825.83	-15.5947
2824.38	49.7617
2822.94	33.1235
2821.49	10.4916
2820.05	51.8667
2818.6	0.246094
2817.15	67.6323
2815.71	28.0238
2814.26	13.421
2812.81	22.8241
2811.36	-8.76709
2809.91	29.6466
2808.47	-6.9342
2807.02	16.4901
2805.57	13.9208
2804.12	46.3555
2802.67	-15.2054
2801.22	-0.759766
2799.76	17.6906
2798.31	1.14465
2796.86	9.604
2795.41	-17.9316
2793.96	1.53711
2792.5	16.01
2791.05	42.4872
2789.6	-5.02991
2788.14	20.4558
2786.69	-11.0537
2785.23	0.440186
2783.78	-25.0614
2782.32	29.4407
2780.86	8.94592
2779.41	-15.5446
2777.95	60.9683
2776.5	32.4857
2775.04	33.0054
2773.58	13.5282
2772.12	38.0552
2770.66	32.5839
2769.2	61.1165
2767.74	30.6509
2766.29	37.1892
2764.83	48.73
2763.36	52.2731
2761.9	57.8188
2760.44	33.3668
2758.98	-23.0831
2757.52	69.4696
2756.06	60.0238
2754.59	55.5804
2753.13	36.1381
2751.67	50.6984
2750.2	14.26
2748.74	11.823
2747.28	30.3872
2745.81	23.9529
2744.35	61.5195
2742.88	54.0879
2741.41	3.65649
2739.95	58.2266
2738.48	43.7964
2737.01	55.3677
2735.55	89.9395
2734.08	27.5115
2732.61	78.0837
2731.14	77.656
2729.67	64.2283
2728.2	57.8003
2726.73	31.3721
2725.26	75.9446
2723.79	88.5156
2722.32	78.0867
2720.85	23.6575
2719.38	53.2273
2717.91	90.7961
2716.44	95.3638
2714.96	70.9304
2713.49	46.4958
2712.02	116.061
2710.54	93.623
2709.07	39.1841
2707.59	39.7439
2706.12	38.3025
2704.64	93.8584
2703.17	21.4126
2701.69	130.965
2700.22	69.5146
2698.74	56.0618
2697.26	46.6067
2695.78	69.1499
2694.31	48.6897
2692.83	78.2273
2691.35	42.762
2689.87	112.293
2688.39	36.8208
2686.91	77.3462
2685.43	70.8691
2683.95	75.3875
2682.47	58.9021
2680.99	38.4141
2679.51	48.9214
2678.03	40.4258
2676.54	43.925
2675.06	74.4211
2673.58	74.9131
2672.09	62.4011
2670.61	42.8845
2669.13	55.364
2667.64	97.8381
2666.16	60.3074
2664.67	56.7732
2663.18	68.2329
2661.7	70.6885
2660.21	51.1392
2658.72	128.584
2657.24	84.0247
2655.75	66.4592
2654.26	71.8887
2652.77	53.3132
2651.28	90.7312
2649.8	79.1443
2648.31	130.551
2646.82	111.952
2645.33	101.348
2643.84	62.7368
2642.34	98.1201
2640.85	128.497
2639.36	137.867
2637.87	57.2324
2636.38	66.5896
2634.88	74.9421
2633.39	92.2859
2631.9	79.6248
2630.4	89.9561
2628.91	67.281
2627.41	84.5986
2625.92	95.9099
2624.42	74.2146
2622.93	43.5107
2621.43	64.8013
2619.93	68.083
2618.44	106.358
2616.94	110.626
2615.44	129.886
2613.94	91.1396
2612.44	81.3848
2610.95	96.6223
2609.45	75.8521
2607.95	92.075
2606.45	61.2888
2604.95	54.4958
2603.44	88.6951
2601.94	96.8865
2600.44	64.0691
2598.94	75.2441
2597.44	88.4106
2595.93	93.5691
2594.43	96.72
2592.93	76.8618
2591.42	86.9963
2589.92	112.121
2588.42	123.239
2586.91	85.3479
2585.4	81.4482
2583.9	103.54
2582.39	68.6233
2580.89	76.6995
2579.38	133.766
2577.87	70.8242
2576.36	125.873
2574.86	138.914
2573.35	97.946
2571.84	116.969
2570.33	81.9841
2568.82	119.99
2567.31	66.988
2565.8	112.976
2564.29	82.9565
2562.78	125.927
2561.27	150.889
2559.75	84.843
2558.24	96.7878
2556.73	171.724
2555.22	119.65
2553.7	130.568
2552.19	144.479
2550.68	78.3787
2549.16	152.271
2547.65	89.1543
2546.13	109.027
2544.61	125.893
2543.1	93.7493
2541.58	114.597
2540.07	61.4368
2538.55	122.267
2537.03	147.089
2535.51	128.901
2533.99	109.705
2532.48	89.501
2530.96	90.2878
2529.44	119.066
2527.92	88.8352
2526.4	103.596
2524.88	105.348
2523.36	96.092
2521.83	122.827
2520.31	86.5537
2518.79	86.2725
2517.27	112.983
2515.74	106.684
2514.22	40.3774
2512.7	103.062
2511.17	98.7383
2509.65	146.407
2508.12	122.067
2506.6	180.72
2505.07	136.365
2503.55	125.001
2502.02	96.6292
2500.49	65.2493
2498.97	88.8616
2497.44	98.4673
2495.91	95.0635
2494.38	83.6536
2492.85	66.2346
2491.32	71.8088
2489.8	95.376
2488.27	95.9351
2486.74	76.4871
2485.2	50.0315
2483.67	62.5701
2482.14	41.0996
2480.61	87.623
2479.08	96.1387
2477.55	90.6484
2476.01	73.1509
2474.48	66.6465
2472.95	62.1357
2471.41	102.619
2469.88	14.0947
2468.34	33.5637
2466.81	43.0273
2465.27	14.4849
2463.74	4.93604
2462.2	57.3811
2460.66	42.8198
2459.12	36.2522
2457.59	7.67871
2456.05	9.1001
2454.51	55.5164
2452.97	66.9272
2451.43	23.3311
2449.89	51.7312
2448.35	6.12524
2446.81	17.5146
2445.27	21.8987
2443.73	58.2788
2442.19	-25.3472
2440.65	-7.97632
2439.11	1.3877
2437.56	31.7498
2436.02	-5.89355
2434.48	18.4585
2432.93	31.8064
2431.39	30.1506
2429.84	43.4917
2428.3	-31.1721
2426.75	41.1611
2425.21	-19.5088
2423.66	-12.1841
2422.12	-37.8618
2420.57	-34.5422
2419.02	-38.2244
2417.47	-6.91138
2415.93	11.3984
2414.38	-45.2927
2412.83	12.0115
2411.28	-3.6853
2409.73	54.6155
2408.18	13.9146
2406.63	11.2104
2405.08	12.5044
2403.53	-29.2014
2401.98	42.0884
2400.42	-0.621094
2398.87	-33.3345
2397.32	-25.0471
2395.77	-7.76123
2394.21	-3.47705
2392.66	6.80664
2391.1	-22.9089
2389.55	-8.62695
2387.99	21.6558
2386.44	61.9363
2384.88	65.2183
2383.33	-19.5
2381.77	3.78149
2380.21	-20.9373
2378.66	-30.655
2377.1	43.627
2375.54	26.9109
2373.98	11.1943
2372.42	-17.5205
2370.86	-32.2344
2369.3	-62.9468
2367.74	3.34131
2366.18	47.6313
2364.62	36.9226
2363.06	6.2168
2361.5	6.51147
2359.94	-46.1912
2358.37	56.1089
2356.81	-32.5889
2355.25	1.71558
2353.68	-29.9783
2352.12	-3.66895
2350.56	-10.3552
2348.99	-29.0405
2347.43	38.2791
2345.86	-23.4001
2344.29	-2.07446
2342.73	-16.7451
2341.16	-18.4126
2339.59	-68.0745
2338.03	-14.7339
2336.46	3.61011
2334.89	-1.04004
2333.32	-3.68604
2331.75	37.6724
2330.18	-3.96582
2328.61	87.4033
2327.04	11.7756
2325.47	14.1533
2323.9	11.5371
2322.33	-37.0754
2320.76	64.3196
2319.18	-49.2808
2317.61	28.1235
2316.04	43.5364
2314.47	-7.04614
2312.89	70.377
2311.32	15.8066
2309.74	44.2437
2308.17	26.6875
2306.59	39.1365
2305.02	56.593
2303.44	55.0566
2301.86	27.5271
2300.29	39.0063
2298.71	91.4915
2297.13	138.985
2295.55	14.4844
2293.97	148.993
2292.4	22.509
2290.82	107.033
2289.24	83.5652
2287.66	103.105
2286.08	30.6545
2284.49	68.2112
2282.91	66.7776
2281.33	25.3521
2279.75	46.9355
2278.17	21.5276
2276.58	90.1287
2275	-4.26123
2273.42	55.3577
2271.83	84.9868
2270.25	46.6257
2268.66	-4.72729
2267.08	-12.0696
2265.49	48.5972
2263.91	3.27417
2262.32	-3.03735
2260.73	-10.3408
2259.14	40.3669
2257.56	47.0835
2255.97	20.812
2254.38	55.5505
2252.79	-19.7004
2251.2	-9.94165
2249.61	-38.1719
2248.02	7.61011
2246.43	21.4014
2244.84	-7.79565
2243.25	-18.9814
2241.66	-20.1577
2240.07	78.6785
2238.47	34.5269
2236.88	10.3853
2235.29	1.25513
2233.69	-4.86304
2232.1	19.0293
2230.5	2.93457
2228.91	-22.1492
2227.31	-22.2207
2225.72	18.7192
2224.12	7.67188
2222.53	11.6353
2220.93	57.6113
2219.33	26.5986
2217.73	9.59839
2216.14	-11.3892
2214.54	32.6348
2212.94	8.67114
2211.34	19.7207
2209.74	-24.2188
2208.14	59.855
2206.54	-10.0603
2204.94	-20.9617
2203.34	-14.8511
2201.74	33.2717
2200.13	42.4075
2198.53	-6.4436
2196.93	66.7163
2195.33	-9.10986
2193.72	63.0764
2192.12	16.2742
2190.51	38.4854
2188.91	85.7102
2187.3	36.9463
2185.7	5.19507
2184.09	38.4575
2182.48	54.7312
2180.88	45.0188
2179.27	-16.6812
2177.66	19.6316
2176.05	40.9568
2174.45	14.2944
2172.84	83.6455
2171.23	2.00806
2169.62	38.3845
2168.01	81.7729
2166.4	69.1743
2164.79	38.5881
2163.18	87.0139
2161.56	59.4524
2159.95	-40.0959
2158.34	34.3674
2156.73	75.8438
2155.11	39.3323
2153.5	47.8335
2151.89	35.3464
2150.27	40.8716
2148.66	-3.59009
2147.04	8.95947
2145.43	32.522
2143.81	71.0962
2142.19	34.6824
2140.58	25.2805
2138.96	95.8901
2137.34	72.5115
2135.72	39.1445
2134.1	119.79
2132.48	27.4478
2130.86	44.1155
2129.25	36.7952
2127.63	-16.5125
2126	-13.8103
2124.38	38.9036
2122.76	64.6289
2121.14	-10.6357
2119.52	-31.8882
2117.9	41.8699
2116.27	-38.3616
2114.65	5.41772
2113.03	10.2073
2111.4	-28.9917
2109.78	18.8186
2108.15	-26.3599
2106.53	74.4717
2104.9	-4.68701
2103.27	5.16406
2101.65	2.0249
2100.02	-22.1045
2098.39	-4.22388
2096.77	10.6665
2095.14	-21.4353
2093.51	84.4731
2091.88	33.3904
2090.25	35.3164
2088.62	71.252
2086.99	36.1953
2085.36	-19.8521
2083.73	48.1077
2082.1	58.0767
2080.46	15.0535
2078.83	58.0381
2077.2	41.0303
2075.57	86.0308
2073.93	80.0378
2072.3	116.053
2070.66	102.075
2069.03	67.104
2067.4	78.1394
2065.76	88.1814
2064.12	109.23
2062.49	99.2852
2060.85	57.3457
2059.21	123.413
2057.58	109.486
2055.94	91.564
2054.3	63.6475
2052.66	91.7361
2051.02	103.83
2049.38	51.9285
2047.74	122.032
2046.1	103.14
2044.46	46.2515
2042.82	91.3674
2041.18	30.4868
2039.53	46.6099
2037.89	65.7368
2036.25	-9.13354
2034.61	87.9995
2032.96	37.1353
2031.32	62.2734
2029.67	88.4141
2028.03	114.557
2026.38	91.7017
2024.74	69.8486
2023.09	72.9958
2021.44	139.145
2019.8	117.295
2018.15	49.4465
2016.5	49.5986
2014.85	73.7505
2013.21	127.903
2011.56	148.054
2009.91	125.207
2008.26	44.3577
2006.61	111.508
2004.96	105.658
2003.3	152.806
2001.65	156.952
2000	97.0972
1998.35	78.24
1996.7	124.381
1995.04	112.519
1993.39	125.654
1991.74	142.787
1990.08	158.916
1988.43	109.042
1986.77	116.164
1985.12	153.281
1983.46	147.395
1981.8	104.505
1980.15	132.609
1978.49	152.708
1976.83	148.803
1975.17	162.892
1973.51	213.975
1971.86	181.052
1970.2	110.123
1968.54	125.186
1966.88	131.244
1965.22	132.294
1963.55	140.337
1961.89	114.373
1960.23	106.4
1958.57	96.4194
1956.91	144.43
1955.24	55.4333
1953.58	89.4263
1951.92	92.4106
1950.25	162.386
1948.59	95.3508
1946.92	49.3059
1945.26	85.2515
1943.59	200.186
1941.92	68.1096
1940.26	135.022
1938.59	102.923
1936.92	91.813
1935.25	116.691
1933.59	145.557
1931.92	105.41
1930.25	120.251
1928.58	102.079
1926.91	132.894
1925.24	114.695
1923.57	75.4829
1921.9	83.2566
1920.22	111.017
1918.55	73.7612
1916.88	107.492
1915.21	70.2073
1913.53	110.907
1911.86	139.592
1910.18	102.26
1908.51	33.9136
1906.83	75.5496
1905.16	115.17
1903.48	99.7729
1901.81	124.359
1900.13	128.927
1898.45	88.4783
1896.78	23.0122
1895.1	135.527
1893.42	99.0242
1891.74	67.5024
1890.06	29.9622
1888.38	166.402
1886.7	138.823
1885.02	107.225
1883.34	26.6064
1881.66	195.968
1879.98	143.31
1878.3	79.6309
1876.61	98.9307
1874.93	53.2097
1873.25	164.468
1871.56	80.7039
1869.88	18.9189
1868.19	73.1118
1866.51	45.2827
1864.82	55.4307
1863.14	91.5564
1861.45	89.6597
1859.76	92.739
1858.08	101.796
1856.39	94.8293
1854.7	77.8389
1853.01	72.8245
1851.32	82.7869
1849.63	49.7236
1847.95	54.6367
1846.25	54.5242
1844.56	112.387
1842.87	96.2256
1841.18	112.039
1839.49	82.8264
1837.8	52.5872
1836.11	200.324
1834.41	106.034
1832.72	58.7175
1831.03	4.375
1829.33	83.0054
1827.64	33.6101
1825.94	22.1865
1824.25	106.737
1822.55	14.2583
1820.85	93.7539
1819.16	19.2231
1817.46	31.6626
1815.76	18.0745
1814.06	47.4592
1812.36	15.8142
1810.67	46.1423
1808.97	38.4417
1807.27	35.7124
1805.57	48.9556
1803.87	55.1682
1802.17	48.3533
1800.46	38.5073
1798.76	34.6335
1797.06	51.7305
1795.36	28.7991
1793.65	42.8364
1791.95	7.84375
1790.25	25.8228
1788.54	16.772
1786.84	22.6909
1785.13	33.5796
1783.43	14.4377
1781.72	41.2654
1780.01	20.0645
1778.31	0.831299
1776.6	94.5691
1774.89	118.276
1773.18	21.9526
1771.47	60.5979
1769.77	35.2144
1768.06	-16.2021
1766.35	29.3523
1764.64	44.8755
1762.92	83.3679
1761.21	44.8291
1759.5	38.259
1757.79	112.659
1756.08	118.027
1754.36	29.3652
1752.65	101.672
1750.94	85.948
1749.22	128.192
1747.51	90.4077
1745.79	51.5896
1744.08	83.7422
1742.36	68.8635
1740.65	93.9539
1738.93	84.0127
1737.21	40.0405
1735.49	62.0374
1733.78	44.0051
1732.06	43.9417
1730.34	65.845
1728.62	105.719
1726.9	95.5654
1725.18	34.3779
1723.46	53.1599
1721.74	73.9131
1720.02	-13.3643
1718.3	49.3279
1716.57	61.9893
1714.85	44.6204
1713.13	50.2209
1711.41	47.7939
1709.68	78.334
1707.96	19.8464
1706.23	40.3289
1704.51	37.7817
1702.78	-15.7927
1701.05	2.60034
1699.33	49.9666
1697.6	-36.699
1695.87	-44.3914
1694.15	-16.1128
1692.42	-15.8628
1690.69	-29.6394
1688.96	-59.447
1687.23	-52.2808
1685.5	0.857422
1683.77	-22.033
1682.04	2.04907
1680.31	-63.8965
1678.58	30.1304
1676.85	-9.86816
1675.11	-126.894
1673.38	38.0542
1671.65	-40.0249
1669.91	-10.1309
1668.18	64.7373
1666.44	23.5815
1664.71	50.3975
1662.97	54.1899
1661.24	-12.0425
1659.5	-5.30078
1657.76	26.416
1656.03	57.1113
1654.29	25.7793
1652.55	45.4248
1650.81	97.0474
1649.07	11.646
1647.33	118.221
1645.59	88.7725
1643.85	113.305
1642.11	133.811
1640.37	6.29785
1638.63	131.762
1636.89	118.206
1635.15	150.63
1633.4	194.031
1631.66	172.413
1629.92	169.772
1628.17	228.114
1626.43	182.436
1624.68	232.738
1622.94	245.024
1621.19	232.289
1619.45	341.537
1617.7	237.767
1615.95	256.979
1614.21	366.175
1612.46	310.353
1610.71	311.514
1608.96	383.662
1607.21	271.793
1605.46	364.909
1603.71	354.009
1601.96	323.095
1600.21	319.166
1598.46	386.227
1596.71	311.27
1594.95	318.302
1593.2	327.322
1591.45	349.33
1589.7	313.328
1587.94	330.311
1586.19	278.286
1584.43	327.25
1582.68	293.204
1580.92	321.147
1579.16	280.081
1577.41	337.006
1575.65	297.924
1573.89	224.835
1572.13	203.734
1570.38	223.63
1568.62	120.521
1566.86	117.402
1565.1	239.277
1563.34	93.1504
1561.58	75.0181
1559.82	69.8804
1558.06	62.7388
1556.29	92.5928
1554.53	107.447
1552.77	137.295
1551.01	123.144
1549.24	115.991
1547.48	166.836
1545.71	132.681
1543.95	70.5273
1542.18	55.3706
1540.42	90.2178
1538.65	6.06592
1536.89	3.91553
1535.12	104.767
1533.35	51.6196
1531.58	57.4795
1529.82	96.3423
1528.05	91.2061
1526.28	60.0771
1524.51	65.9561
1522.74	83.8374
1520.97	201.724
1519.2	113.621
1517.42	108.523
1515.65	101.434
1513.88	93.3525
1512.11	174.279
1510.33	129.215
1508.56	145.163
1506.79	196.12
1505.01	134.088
1503.24	205.067
1501.46	185.058
1499.69	230.06
1497.91	224.078
1496.13	159.105
1494.36	189.149
1492.58	192.207
1490.8	223.279
1489.02	248.369
1487.24	220.472
1485.46	230.593
1483.68	340.73
1481.9	216.885
1480.12	210.058
1478.34	168.248
1476.56	192.459
1474.78	223.687
1473	142.937
1471.21	14.2065
1469.43	53.4966
1467.65	52.8076
1465.86	137.143
1464.08	79.4976
1462.29	139.877
1460.51	120.28
1458.72	204.706
1456.93	123.156
1455.15	87.6328
1453.36	166.132
1451.57	63.6592
1449.79	16.2124
1448	144.792
1446.21	67.397
1444.42	140.03
1442.63	119.694
1440.84	116.385
1439.05	118.105
1437.26	75.8545
1435.46	87.6333
1433.67	114.442
1431.88	3.28369
1430.09	93.1533
1428.29	47.0571
1426.5	131.993
1424.71	178.96
1422.91	123.96
1421.12	151.996
1419.32	126.065
1417.52	220.165
1415.73	216.303
1413.93	210.475
1412.13	151.684
1410.34	205.926
1408.54	170.206
1406.74	247.523
1404.94	151.876
1403.14	165.267
1401.34	173.695
1399.54	187.16
1397.74	147.666
1395.94	207.21
1394.14	142.794
1392.33	264.416
1390.53	145.078
1388.73	188.78
1386.92	161.524
1385.12	21.3086
1383.32	35.1338
1381.51	37.0005
1379.7	46.9087
1377.9	10.8584
1376.09	-18.1475
1374.29	16.8887
1372.48	84.9678
1370.67	14.0889
1368.86	51.2539
1367.05	0.462402
1365.25	-26.2837
1363.44	-37.9883
1361.63	-53.646
1359.82	-15.2598
1358.01	-36.8267
1356.19	-90.3511
1354.38	75.1714
1352.57	25.7378
1350.76	72.3506
1348.95	128.01
1347.13	50.7144
1345.32	109.467
1343.5	195.264
1341.69	178.109
1339.87	174
1338.06	313.938
1336.24	256.922
1334.43	231.954
1332.61	302.034
1330.79	328.161
1328.97	338.335
1327.16	427.556
1325.34	335.825
1323.52	473.141
1321.7	294.505
1319.88	389.917
1318.06	354.376
1316.24	258.883
1314.41	296.438
1312.59	329.042
1310.77	293.693
1308.95	188.392
1307.12	213.139
1305.3	237.933
1303.48	148.774
1301.65	125.664
1299.83	203.602
1298	126.587
1296.18	33.6182
1294.35	131.699
1292.52	94.8257
1290.69	119
1288.87	155.221
1287.04	129.489
1285.21	172.804
1283.38	63.1655
1281.55	88.5732
1279.72	161.029
1277.89	229.529
1276.06	174.076
1274.23	227.668
1272.4	277.306
1270.57	146.989
1268.73	195.717
1266.9	261.49
1265.07	251.308
1263.23	253.17
1261.4	287.076
1259.56	354.026
1257.73	372.019
1255.89	380.055
1254.06	400.135
1252.22	362.255
1250.38	387.419
1248.54	487.625
1246.71	396.872
1244.87	534.16
1243.03	554.488
1241.19	521.857
1239.35	551.266
1237.51	515.715
1235.67	469.201
1233.83	520.727
1231.98	388.291
1230.14	343.892
1228.3	323.53
1226.46	274.206
1224.61	192.917
1222.77	74.6636
1220.92	93.4453
1219.08	33.2617
1217.23	44.1123
1215.39	44.9966
1213.54	-27.0869
1211.7	-32.1372
1209.85	-10.1567
1208	-83.1445
1206.15	32.8979
1204.3	-0.0302734
1202.45	-88.9287
1200.61	-7.79834
1198.76	-48.6406
1196.91	30.5449
1195.05	35.7563
1193.2	-35.0059
1191.35	55.2568
1189.5	2.54395
1187.65	31.855
1185.79	102.189
1183.94	16.5449
1182.09	75.9229
1180.23	71.3208
1178.38	93.7393
1176.52	130.177
1174.67	167.632
1172.81	193.105
1170.95	364.595
1169.1	395.101
1167.24	445.621
1165.38	470.156
1163.52	532.704
1161.66	572.264
1159.8	562.836
1157.94	722.418
1156.08	634.01
1154.22	629.611
1152.36	659.22
1150.5	645.835
1148.64	519.457
1146.77	607.083
1144.91	580.714
1143.05	601.347
1141.18	534.983
1139.32	559.619
1137.45	549.256
1135.59	475.892
1133.72	489.525
1131.86	384.156
1129.99	430.783
1128.12	405.404
1126.25	324.019
1124.39	398.627
1122.52	300.227
1120.65	440.817
1118.78	398.396
1116.91	416.964
1115.04	528.52
1113.17	435.061
1111.3	384.587
1109.42	423.098
1107.55	300.591
1105.68	150.065
1103.81	168.521
1101.93	120.955
1100.06	130.367
1098.18	154.756
1096.31	103.121
1094.43	55.4604
1092.56	105.773
1090.68	80.0581
1088.8	-20.686
1086.93	103.54
1085.05	44.7329
1083.17	77.8945
1081.29	-3.979
1079.41	21.1133
1077.53	-98.8315
1075.65	91.186
1073.77	49.1646
1071.89	17.1025
1070.01	28.9995
1068.13	68.8535
1066.24	58.6631
1064.36	17.4272
1062.48	10.1455
1060.59	-30.1851
1058.71	-67.5645
1056.83	41.0054
1054.94	-12.4766
1053.05	-65.0117
1051.17	37.3989
1049.28	-16.2466
1047.39	-48.9487
1045.51	-40.7095
1043.62	-3.53027
1041.73	48.5884
1039.84	-17.3555
1037.95	-83.3623
1036.06	-24.4355
1034.17	-10.5737
1032.28	-47.7803
1030.39	-24.0562
1028.5	-54.4014
1026.61	39.1807
1024.71	48.6904
1022.82	21.1255
1020.93	-20.5137
1019.03	28.7686
1017.14	-22.0264
1015.24	51.0977
1013.35	41.1421
1011.45	-28.8965
1009.56	-22.0171
1007.66	46.7759
1005.76	13.4834
1003.86	-19.8965
1001.97	-26.3657
1000.07	63.0747
998.167	53.4233
996.268	-37.3193
994.368	87.8438
992.466	55.9097
990.565	42.8799
988.664	55.7539
986.762	-44.4736
984.86	-69.7998
982.957	-60.2285
981.053	40.2378
979.15	58.603
977.245	109.86
975.34	2.01074
973.435	20.0547
971.53	57.9888
969.624	31.812
967.717	8.52295
965.809	170.121
963.902	25.606
961.994	111.975
960.086	29.2275
958.177	52.3618
956.267	122.376
954.357	128.27
952.447	98.0444
950.536	141.696
948.625	89.2236
946.713	82.626
944.8	155.901
942.888	117.052
940.974	133.071
939.061	128.964
937.147	97.7251
935.233	124.358
933.317	92.854
931.402	113.22
929.485	164.446
927.569	140.54
925.652	177.497
923.735	229.318
921.817	138.997
919.899	72.5391
917.98	219.94
916.061	203.198
914.141	62.3135
912.22	136.284
910.3	160.114
908.378	128.794
906.456	129.331
904.534	179.72
902.612	231.964
900.689	196.056
898.766	213
896.841	253.789
894.916	227.431
892.991	221.919
891.066	386.259
889.14	323.44
887.214	321.47
885.287	302.345
883.36	332.063
881.432	375.625
879.504	302.033
877.575	353.277
875.646	333.368
873.716	351.299
871.786	425.07
869.855	495.679
867.924	524.133
865.992	541.419
864.06	649.548
862.128	781.515
860.194	840.317
858.261	922.962
856.327	980.436
854.393	847.751
852.458	859.902
850.522	867.887
848.586	749.705
846.65	775.364
844.714	788.856
842.776	695.176
840.838	669.334
838.901	584.332
836.961	631.156
835.023	637.819
833.082	697.307
831.142	753.633
829.202	618.792
827.261	717.79
825.319	648.612
823.377	616.273
821.434	653.758
819.491	717.083
817.548	726.246
815.604	742.234
813.66	829.061
811.715	856.712
809.769	865.203
807.823	804.526
805.878	783.689
803.93	655.678
801.983	671.507
800.035	654.161
798.087	684.656
796.139	519.993
794.189	556.156
792.24	508.162
790.289	393.995
788.339	492.67
786.387	332.182
784.436	304.539
782.484	293.723
780.532	346.754
778.578	267.613
776.624	298.32
774.671	219.874
772.716	366.259
770.762	209.495
768.806	299.561
766.85	309.478
764.893	195.238
762.937	181.851
760.979	144.298
759.022	217.6
757.064	261.749
755.105	186.743
753.145	196.585
751.185	160.276
749.226	175.827
747.264	212.218
745.303	212.472
743.341	209.578
741.38	195.548
739.417	-2.63672
737.454	52.0449
735.49	29.5845
733.526	57.9824
731.562	37.2407
729.596	-8.64014
727.631	128.353
725.665	21.2095
723.699	76.9316
721.732	89.52
719.764	-0.0224609
717.797	-37.6841
715.828	-72.4858
713.859	32.5957
711.889	-33.4482
709.919	-11.6162
707.949	79.105
705.978	-41.3062
704.007	-31.8252
702.035	11.5381
700.063	127.786
698.091	3.93213
696.117	119.954
694.143	3.87793
692.169	105.693
690.194	-21.5986
688.219	-70.9946
686.244	-2.48145
684.267	-54.0815
682.291	-66.7671
680.314	-111.55
678.336	9.57227
676.358	-59.3857
674.379	-83.4463
672.4	18.417
670.421	26.1943
668.441	-51.1123
666.46	-19.501
664.479	-96.957
662.497	21.498
660.516	125.891
658.533	201.211
656.55	244.46
654.567	277.654
652.583	488.771
650.598	624.836
648.614	694.841
646.628	743.787
644.643	806.691
642.656	813.529
640.669	559.329
638.682	674.081
636.694	594.787
634.706	573.45
632.717	537.087
630.728	489.673
628.738	610.235
626.748	526.767
624.757	421.268
622.766	454.755
620.774	375.204
618.782	326.646
616.789	273.068
614.796	185.475
612.802	209.869
610.808	286.265
608.814	219.652
606.818	154.023
604.822	144.405
602.827	219.801
600.83	130.188
598.833	-9.40625
596.836	79.0098
594.838	66.4385
592.839	87.8818
590.84	62.3428
588.841	160.838
586.84	164.346
584.84	145.893
582.838	118.468
580.838	10.0898
578.835	48.7354
576.833	28.4316
574.83	1.16895
572.827	33.9512
570.822	-174.22
568.818	-51.3398
566.813	56.6055
564.808	-74.3936
562.802	143.667
560.795	73.7891
558.788	19.9746
556.781	104.241
554.773	150.578
552.765	169.987
550.756	193.473
548.747	49.0361
546.737	81.6924
544.726	65.4219
542.716	188.25
540.704	90.167
538.692	31.1768
536.68	132.293
534.667	258.493
532.654	192.806
530.64	125.221
528.626	248.74
526.611	278.378
524.596	314.114
522.58	226.974
520.564	301.947
518.547	313.037
516.529	329.245
514.512	270.586
512.494	315.049
510.476	245.636
508.456	233.351
506.436	151.193
504.416	79.166
502.395	263.282
500.374	186.532
498.353	122.917
496.33	221.438
494.307	206.099
492.284	223.908
490.261	25.8594
488.237	140.952
486.212	126.188
484.187	-2.43164
482.161	79.1035
480.134	-87.2275
478.108	-93.4014
476.081	-199.428
474.054	-107.298
472.025	-139.031
469.997	-35.6074
467.968	-15.0352
465.938	-135.317
463.908	-85.4512
461.877	-66.4404
459.846	-11.2734
457.814	-34.9609
455.782	-45.5049
453.75	-34.9063
451.716	-66.166
449.683	13.7236
447.649	49.752
445.614	-28.083
443.579	67.2158
441.543	-20.3525
439.508	110.219
437.47	41.9072
435.433	7.72852
433.396	67.6719
431.358	177.741
429.319	81.916
427.28	214.21
425.241	93.6084
423.201	166.109
421.16	169.707
419.118	252.396
417.077	341.182
415.035	247.047
412.993	261.987
410.949	196.997
408.905	167.068
406.862	320.203
404.816	241.378
402.771	235.602
400.727	289.866
398.68	210.146
396.633	95.4404
394.586	236.75
392.539	126.057
390.491	76.3486
388.442	190.617
386.393	117.859
384.344	21.0547
382.293	-41.8164
380.242	-97.749
378.192	115.243
376.14	-50.8701
374.088	64.9141
372.035	9.57422
369.982	10.0947
367.928	-45.542
365.874	-59.3496
363.82	-109.337
361.765	-3.53027
359.709	38.0527
357.653	-4.60645
355.596	105.471
353.539	85.2764
351.481	76.7695
349.423	223.947
347.364	304.778
345.305	203.251
343.245	233.319
341.185	411.979
339.125	359.197
337.063	491.944
335.001	404.195
332.94	348.932
330.876	528.103
328.813	601.702
326.749	478.687
324.685	706.023
322.621	682.695
320.555	687.64
318.489	811.849
316.423	791.273
314.356	663.876
312.29	763.633
310.221	893.477
308.153	792.395
306.084	798.33
304.015	882.239
301.946	873.097
299.875	888.82
297.804	791.397
295.733	911.765
293.661	731.868
291.588	880.659
289.516	771.104
287.443	756.127
285.369	676.673
283.295	632.685
281.22	768.102
279.144	651.862
277.068	510.928
274.992	553.211
272.915	304.645
270.837	520.16
268.76	452.716
266.681	463.181
264.602	394.542
262.523	499.691
260.443	378.584
258.362	327.074
256.282	407.146
254.2	454.645
252.118	428.554
250.036	448.786
247.952	579.175
245.869	572.702
243.784	425.189
241.7	439.621
239.616	413.897
237.53	314.823
235.443	309.336
233.357	341.373
231.27	355.773
229.182	52.4199
227.094	12.2471
225.005	11.0244
222.916	-52.2627
220.827	-24.8008
218.737	-44.7217
216.646	-258.162
214.555	-188.196
212.462	-300.099
210.37	-186.883
208.278	-376.762
206.185	-258.82
204.091	-297.363
201.997	-510.4
199.902	-512.174
197.807	-402.857
195.711	-505.623
193.615	-507.563
191.517	-392.037
189.42	-385.053
187.322	-408.893
185.224	-191.758
183.125	-76.7402
181.025	-21.2656
178.926	397.678
176.825	700.756
174.724	1089.75
172.623	1514.55
170.521	2031.69
168.418	2697.16
166.315	3139.6
164.212	3827.76
162.108	4744.53
160.003	5387.34
157.898	6109.23
155.793	6127.78
153.686	6629.69
151.58	6488.85
149.473	6207.62
147.365	5529.04
145.257	5221.63
143.148	4650.07
141.039	4167.03
138.929	4039.38
136.819	3835.6
134.709	3626.3
132.597	3420.16
130.485	3150.79
128.373	3057.05
126.26	2873.1
124.147	3021.01
122.033	2574.16
119.919	2589.39
117.804	2635.75
115.688	2520.36
113.573	2897.49
111.456	2690.72
109.339	2978.56
107.222	3365.86
105.103	3078.52
102.985	2835.68
100.866	2732.52
98.7467	2019.88
96.6262	812.52
