3502.52	-11.4642
3501.25	10.0482
3499.98	9.91875
3498.71	11.7524
3497.44	14.3016
3496.17	12.3093
3494.9	9.62499
3493.62	8.37842
3492.35	6.16763
3491.08	6.56218
3489.8	7.03704
3488.53	7.15328
3487.26	8.76716
3485.98	8.46901
3484.71	9.29124
3483.43	9.71249
3482.16	10.1064
3480.88	10.5072
3479.6	10.1903
3478.33	10.5978
3477.05	7.84845
3475.77	5.42165
3474.5	4.4601
3473.22	2.05577
3471.94	0.0362686
3470.66	-1.5663
3469.38	-2.58748
3468.1	0.195566
3466.82	2.17982
3465.54	1.95691
3464.26	3.12015
3462.98	5.33968
3461.7	6.07139
3460.42	6.93362
3459.14	9.0542
3457.86	9.25963
3456.57	10.0296
3455.29	10.3911
3454.01	8.36134
3452.73	7.4784
3451.44	6.20846
3450.16	5.36697
3448.87	5.43336
3447.59	7.03257
3446.3	6.69413
3445.02	8.56761
3443.73	8.88232
3442.45	11.0433
3441.16	12.7821
3439.88	16.8755
3438.59	19.7896
3437.3	20.0378
3436.01	20.0923
3434.73	19.0062
3433.44	17.7034
3432.15	17.2148
3430.86	15.1904
3429.57	13.0557
3428.28	11.5056
3426.99	9.65275
3425.7	8.25725
3424.41	8.42075
3423.12	6.6325
3421.83	8.08205
3420.54	8.6767
3419.24	9.9244
3417.95	10.2207
3416.66	11.1044
3415.37	10.311
3414.07	9.86781
3412.78	7.63838
3411.48	8.33422
3410.19	9.26365
3408.9	6.3412
3407.6	5.93274
3406.31	1.95934
3405.01	0.391559
3403.72	0.25172
3402.42	0.222103
3401.12	1.58643
3399.82	5.16135
3398.53	10.3988
3397.23	13.0195
3395.93	16.3815
3394.63	18.9052
3393.33	18.8052
3392.04	18.3038
3390.74	17.8502
3389.44	16.5083
3388.14	12.9576
3386.84	10.2097
3385.53	6.9823
3384.23	4.04991
3382.93	2.87314
3381.63	1.32694
3380.33	0.753386
3379.03	-0.0459031
3377.72	2.29161
3376.42	2.35795
3375.12	5.71665
3373.81	9.50608
3372.51	14.0046
3371.2	18.9693
3369.9	22.3562
3368.59	24.1357
3367.29	25.3425
3365.98	25.7937
3364.68	25.0963
3363.37	22.457
3362.06	21.738
3360.76	18.5326
3359.45	16.7266
3358.14	14.4233
3356.83	12.1712
3355.52	12.1069
3354.22	11.4077
3352.91	13.8382
3351.6	14.9641
3350.29	16.5188
3348.98	15.2457
3347.67	14.7676
3346.36	16.0364
3345.04	16.8767
3343.73	15.4273
3342.42	17.0366
3341.11	17.3071
3339.8	18.6374
3338.48	18.3157
3337.17	18.392
3335.86	18.3126
3334.54	17.9226
3333.23	19.1444
3331.91	17.3611
3330.6	16.8548
3329.28	15.8659
3327.97	15.0293
3326.65	13.0721
3325.34	12.9676
3324.02	11.6093
3322.7	9.13538
3321.38	7.68207
3320.07	6.38523
3318.75	5.07236
3317.43	5.31396
3316.11	5.5642
3314.79	4.6368
3313.47	5.90885
3312.15	8.5649
3310.83	10.636
3309.51	12.9108
3308.19	14.448
3306.87	15.1544
3305.55	15.575
3304.23	15.3293
3302.9	17.0436
3301.58	15.3238
3300.26	14.1401
3298.94	12.443
3297.61	9.64203
3296.29	9.1984
3294.96	8.31607
3293.64	7.2885
3292.31	7.02406
3290.99	7.11131
3289.66	8.50948
3288.34	7.81237
3287.01	9.42691
3285.68	8.56924
3284.36	10.1117
3283.03	9.95184
3281.7	10.5326
3280.37	10.645
3279.05	10.1993
3277.72	12.6171
3276.39	13.1521
3275.06	15.6419
3273.73	14.397
3272.4	14.4181
3271.07	13.9449
3269.74	12.9222
3268.41	13.6866
3267.08	15.3948
3265.74	17.791
3264.41	18.9575
3263.08	18.7544
3261.75	20.5352
3260.41	20.1055
3259.08	20.5232
3257.75	18.6965
3256.41	17.9445
3255.08	14.9567
3253.74	12.0697
3252.41	10.9224
3251.07	11.1726
3249.74	12.4634
3248.4	11.993
3247.06	13.3022
3245.73	14.5956
3244.39	16.3226
3243.05	18.5807
3241.71	19.158
3240.37	20.9584
3239.04	20.9529
3237.7	18.9895
3236.36	18.3571
3235.02	17.25
3233.68	16.6218
3232.34	15.4963
3231	15.8402
3229.66	14.4006
3228.31	15.3808
3226.97	14.2178
3225.63	13.1839
3224.29	13.2653
3222.94	12.529
3221.6	13.5778
3220.26	15.9124
3218.91	17.5379
3217.57	19.1197
3216.23	21.1612
3214.88	21.1943
3213.53	20.4073
3212.19	19.0627
3210.84	18.5354
3209.5	16.144
3208.15	16.0355
3206.8	16.3964
3205.46	18.1189
3204.11	19.74
3202.76	17.936
3201.41	17.4408
3200.06	18.5137
3198.71	20.9875
3197.36	20.9977
3196.01	19.864
3194.66	19.7113
3193.31	19.1963
3191.96	18.2148
3190.61	18.0093
3189.26	18.5931
3187.91	18.7071
3186.56	18.4317
3185.2	17.5825
3183.85	18.3834
3182.5	17.9458
3181.14	16.9418
3179.79	15.5759
3178.44	15.7325
3177.08	15.8611
3175.73	15.4894
3174.37	13.7285
3173.01	13.3492
3171.66	13.0821
3170.3	11.4222
3168.95	10.4631
3167.59	9.83244
3166.23	8.47124
3164.87	8.26869
3163.51	9.81939
3162.16	8.00963
3160.8	8.82845
3159.44	8.45719
3158.08	8.67463
3156.72	7.46821
3155.36	6.4437
3154	5.39393
3152.64	5.06639
3151.28	6.12501
3149.91	7.5343
3148.55	8.37476
3147.19	10.6665
3145.83	12.7861
3144.46	16.4326
3143.1	19.8916
3141.74	20.3436
3140.37	20.3833
3139.01	19.2163
3137.64	19.6703
3136.28	20.6766
3134.91	18.9869
3133.55	16.1921
3132.18	14.6486
3130.81	13.2125
3129.45	11.4379
3128.08	9.94786
3126.71	10.1694
3125.34	9.32908
3123.98	9.51982
3122.61	9.70176
3121.24	9.92426
3119.87	10.7964
3118.5	13.0276
3117.13	15.0409
3115.76	16.3496
3114.39	19.1359
3113.02	19.3471
3111.64	19.5153
3110.27	19.2985
3108.9	18.3059
3107.53	17.0799
3106.15	16.3425
3104.78	13.6329
3103.41	12.0737
3102.03	11.2702
3100.66	10.7985
3099.29	9.14432
3097.91	7.4837
3096.53	7.17173
3095.16	6.78197
3093.78	6.25284
3092.41	6.11372
3091.03	7.28667
3089.65	10.2973
3088.27	10.2469
3086.9	11.3397
3085.52	12.9804
3084.14	13.64
3082.76	15.437
3081.38	18.4072
3080	18.2681
3078.62	19.4931
3077.24	18.0317
3075.86	16.4267
3074.48	16.497
3073.1	16.9396
3071.72	17.6958
3070.33	14.2593
3068.95	12.13
3067.57	10.3047
3066.19	9.4581
3064.8	8.84612
3063.42	8.98807
3062.03	10.0388
3060.65	10.1733
3059.26	8.84549
3057.88	11.1907
3056.49	10.6343
3055.11	11.1575
3053.72	12.3018
3052.33	12.8142
3050.95	13.3123
3049.56	16.1113
3048.17	17.8625
3046.78	16.3666
3045.4	16.2046
3044.01	12.9315
3042.62	11.494
3041.23	8.33569
3039.84	4.3285
3038.45	1.22706
3037.06	-1.28143
3035.67	-4.33911
3034.28	-7.27269
3032.88	-6.76725
3031.49	-4.71659
3030.1	-3.57376
3028.71	-0.123957
3027.31	2.5626
3025.92	5.96456
3024.52	9.31708
3023.13	11.8994
3021.74	12.8784
3020.34	16.3142
3018.95	17.4905
3017.55	17.4023
3016.16	18.3148
3014.76	17.6269
3013.36	16.3965
3011.96	14.8475
3010.57	13.3022
3009.17	12.4845
3007.77	11.7308
3006.37	11.2697
3004.97	9.33927
3003.57	11.6772
3002.17	14.7024
3000.77	16.2324
2999.37	20.4983
2997.97	22.5789
2996.57	22.0464
2995.17	22.2935
2993.77	21.7451
2992.37	20.7199
2990.97	19.8887
2989.56	16.9964
2988.16	15.6138
2986.76	13.1321
2985.35	10.9098
2983.95	11.4504
2982.54	10.0239
2981.14	8.82875
2979.73	9.80499
2978.33	12.1233
2976.92	10.7571
2975.51	10.8111
2974.11	10.6881
2972.7	11.9393
2971.29	11.8987
2969.89	12.5805
2968.48	13.1513
2967.07	14.8021
2965.66	16.5175
2964.25	17.0511
2962.84	17.2382
2961.43	17.4871
2960.02	17.9689
2958.61	18.682
2957.2	19.1244
2955.79	22.2808
2954.38	22.4441
2952.96	24.2317
2951.55	25.1585
2950.14	25.4118
2948.73	26.1018
2947.31	25.5264
2945.9	26.337
2944.48	26.3996
2943.07	26.6083
2941.65	25.5772
2940.24	25.2323
2938.82	23.795
2937.41	23.2886
2935.99	22.942
2934.57	21.9993
2933.16	23.6684
2931.74	23.9054
2930.32	23.4628
2928.9	25.5771
2927.48	26.3802
2926.06	24.6475
2924.64	24.7039
2923.22	23.3611
2921.8	21.1321
2920.38	22.8851
2918.96	24.6857
2917.54	23.1553
2916.12	24.4713
2914.7	23.7757
2913.28	25.5774
2911.85	25.564
2910.43	23.3835
2909.01	23.4688
2907.58	24.8179
2906.16	24.535
2904.74	23.9537
2903.31	23.5015
2901.88	25.6305
2900.46	26.2104
2899.03	26.3542
2897.61	29.0002
2896.18	29.3357
2894.75	28.026
2893.33	29.3972
2891.9	27.0552
2890.47	25.1562
2889.04	25.14
2887.61	22.352
2886.18	22.185
2884.75	24.3018
2883.32	23.137
2881.89	23.6689
2880.46	23.9887
2879.03	24.0353
2877.6	23.96
2876.17	23.3498
2874.74	22.7812
2873.3	20.7243
2871.87	20.5055
2870.44	18.6189
2869.01	17.608
2867.57	15.8853
2866.14	15.1727
2864.7	14.837
2863.27	13.2926
2861.83	13.7383
2860.4	13.0243
2858.96	12.7728
2857.52	12.6772
2856.09	13.1285
2854.65	14.7151
2853.21	15.2726
2851.77	14.78
2850.34	12.8549
2848.9	13.1748
2847.46	12.7027
2846.02	8.79097
2844.58	7.83348
2843.14	5.15251
2841.7	2.92185
2840.26	0.881757
2838.82	-0.41563
2837.37	1.15607
2835.93	3.4509
2834.49	6.48528
2833.05	10.0678
2831.6	12.9627
2830.16	17.2624
2828.72	19.2287
2827.27	19.2659
2825.83	19.9296
2824.38	21.3494
2822.94	19.8669
2821.49	21.1149
2820.05	17.5022
2818.6	14.867
2817.15	12.5998
2815.71	8.67895
2814.26	8.23962
2812.81	7.2251
2811.36	6.06117
2809.91	5.81935
2808.47	6.21164
2807.02	5.92982
2805.57	7.61417
2804.12	9.78772
2802.67	11.877
2801.22	14.2565
2799.76	15.7494
2798.31	17.8501
2796.86	17.9984
2795.41	17.328
2793.96	16.0504
2792.5	13.5244
2791.05	11.4162
2789.6	9.9558
2788.14	9.48867
2786.69	8.18695
2785.23	8.36143
2783.78	7.57093
2782.32	7.74262
2780.86	8.039
2779.41	8.42484
2777.95	8.61111
2776.5	8.94794
2775.04	9.37705
2773.58	9.45246
2772.12	11.3702
2770.66	11.9002
2769.2	11.0611
2767.74	9.03514
2766.29	6.83973
2764.83	5.80221
2763.36	5.95061
2761.9	4.31352
2760.44	3.65287
2758.98	1.9912
2757.52	1.45317
2756.06	0.954045
2754.59	1.25403
2753.13	-0.31162
2751.67	1.58092
2750.2	1.05154
2748.74	1.76235
2747.28	3.3542
2745.81	3.32477
2744.35	3.0276
2742.88	3.2073
2741.41	2.02732
2739.95	2.42852
2738.48	1.78928
2737.01	1.28227
2735.55	2.06002
2734.08	1.49691
2732.61	3.31816
2731.14	3.57197
2729.67	4.92502
2728.2	5.7839
2726.73	4.65444
2725.26	5.29859
2723.79	4.42109
2722.32	5.50434
2720.85	5.58911
2719.38	5.09464
2717.91	4.714
2716.44	5.33422
2714.96	3.65877
2713.49	2.61629
2712.02	3.91973
2710.54	3.90323
2709.07	4.27133
2707.59	6.38743
2706.12	8.7416
2704.64	7.92717
2703.17	9.43786
2701.69	9.97173
2700.22	9.17688
2698.74	10.808
2697.26	11.5135
2695.78	10.9812
2694.31	12.3351
2692.83	9.90431
2691.35	9.11904
2689.87	7.54878
2688.39	6.67762
2686.91	5.19487
2685.43	4.76025
2683.95	2.19115
2682.47	0.158925
2680.99	0.962332
2679.51	0.589395
2678.03	2.56703
2676.54	5.18038
2675.06	6.02534
2673.58	7.43742
2672.09	6.31544
2670.61	6.87558
2669.13	6.01624
2667.64	5.50577
2666.16	6.59469
2664.67	5.88992
2663.18	6.20097
2661.7	4.25664
2660.21	3.92212
2658.72	2.9313
2657.24	2.38293
2655.75	3.78807
2654.26	4.21999
2652.77	4.67038
2651.28	4.681
2649.8	6.40078
2648.31	8.32667
2646.82	8.59684
2645.33	8.80131
2643.84	7.62462
2642.34	8.64883
2640.85	5.95068
2639.36	5.11863
2637.87	4.37628
2636.38	2.51392
2634.88	0.796195
2633.39	0.161891
2631.9	2.4314
2630.4	0.743677
2628.91	3.21349
2627.41	4.39841
2625.92	5.68708
2624.42	7.54617
2622.93	8.80559
2621.43	8.39505
2619.93	10.1764
2618.44	11.118
2616.94	13.1736
2615.44	12.0653
2613.94	11.8722
2612.44	10.1717
2610.95	10.6715
2609.45	9.74224
2607.95	9.7402
2606.45	11.2002
2604.95	11.3595
2603.44	13.1832
2601.94	15.6283
2600.44	18.3934
2598.94	19.4212
2597.44	20.2381
2595.93	21.1574
2594.43	18.0738
2592.93	19.3801
2591.42	16.235
2589.92	12.5763
2588.42	10.7612
2586.91	7.41368
2585.4	6.36494
2583.9	3.1598
2582.39	3.0363
2580.89	2.62401
2579.38	3.78102
2577.87	4.02632
2576.36	3.79263
2574.86	5.11833
2573.35	7.24009
2571.84	8.25097
2570.33	9.1506
2568.82	11.6041
2567.31	13.6437
2565.8	13.8757
2564.29	12.6678
2562.78	12.7073
2561.27	12.9547
2559.75	14.1531
2558.24	13.2223
2556.73	14.0129
2555.22	13.3771
2553.7	14.2184
2552.19	15.9549
2550.68	18.8802
2549.16	20.067
2547.65	20.5007
2546.13	19.1171
2544.61	17.4534
2543.1	15.9292
2541.58	13.6605
2540.07	10.782
2538.55	8.14699
2537.03	5.98515
2535.51	3.96641
2533.99	2.52476
2532.48	0.777858
2530.96	-2.84607
2529.44	-2.39425
2527.92	-0.41676
2526.4	-0.783992
2524.88	0.477921
2523.36	2.49503
2521.83	4.29597
2520.31	4.68759
2518.79	4.47936
2517.27	7.45898
2515.74	7.49976
2514.22	6.79618
2512.7	6.81082
2511.17	5.26434
2509.65	5.79205
2508.12	2.32798
2506.6	1.75246
2505.07	0.50581
2503.55	0.600628
2502.02	1.05917
2500.49	2.50816
2498.97	3.86063
2497.44	5.92799
2495.91	9.22748
2494.38	10.5638
2492.85	13.6654
2491.32	16.5192
2489.8	18.2542
2488.27	19.9474
2486.74	20.9783
2485.2	20.8306
2483.67	21.8406
2482.14	20.0706
2480.61	17.599
2479.08	14.4749
2477.55	12.5549
2476.01	11.7996
2474.48	11.1573
2472.95	8.09733
2471.41	6.24893
2469.88	4.5363
2468.34	3.62352
2466.81	2.69518
2465.27	3.74604
2463.74	5.06321
2462.2	5.00974
2460.66	5.97529
2459.12	7.3605
2457.59	8.35567
2456.05	8.67996
2454.51	5.97272
2452.97	5.59106
2451.43	5.10814
2449.89	3.63807
2448.35	3.36613
2446.81	1.68897
2445.27	1.82433
2443.73	3.40434
2442.19	4.34221
2440.65	5.67929
2439.11	7.56843
2437.56	7.95941
2436.02	7.18745
2434.48	7.05979
2432.93	7.8147
2431.39	5.44841
2429.84	5.58542
2428.3	6.40481
2426.75	4.73831
2425.21	1.97841
2423.66	2.3485
2422.12	1.89301
2420.57	1.32564
2419.02	1.94841
2417.47	1.08607
2415.93	1.3689
2414.38	0.928088
2412.83	1.15486
2411.28	2.42456
2409.73	3.12712
2408.18	4.65161
2406.63	5.67391
2405.08	6.90154
2403.53	6.88781
2401.98	7.27456
2400.42	6.81839
2398.87	7.05973
2397.32	6.48965
2395.77	5.94753
2394.21	9.26943
2392.66	10.3624
2391.1	9.7883
2389.55	8.72662
2387.99	10.2889
2386.44	11.1704
2384.88	9.56712
2383.33	8.77248
2381.77	9.56385
2380.21	9.20373
2378.66	9.11129
2377.1	8.44669
2375.54	7.93638
2373.98	7.31388
2372.42	8.05505
2370.86	10.0719
2369.3	11.9934
2367.74	14.0924
2366.18	16.7417
2364.62	17.5844
2363.06	17.5718
2361.5	18.516
2359.94	19.5012
2358.37	19.6215
2356.81	22.1403
2355.25	20.0781
2353.68	18.6441
2352.12	19.0576
2350.56	20.7783
2348.99	20.9386
2347.43	18.3876
2345.86	17.92
2344.29	15.8888
2342.73	15.2197
2341.16	13.8984
2339.59	12.6335
2338.03	11.5774
2336.46	9.35122
2334.89	10.5095
2333.32	11.9824
2331.75	14.4926
2330.18	17.3127
2328.61	17.8511
2327.04	19.2294
2325.47	20.3595
2323.9	22.1654
2322.33	21.9406
2320.76	21.3313
2319.18	19.7033
2317.61	18.1956
2316.04	16.9331
2314.47	15.2867
2312.89	11.7108
2311.32	9.87779
2309.74	9.32517
2308.17	6.54977
2306.59	5.24025
2305.02	4.78243
2303.44	6.14356
2301.86	7.06382
2300.29	9.41255
2298.71	12.2999
2297.13	14.1846
2295.55	17.1952
2293.97	18.2958
2292.4	16.606
2290.82	18.6137
2289.24	16.9412
2287.66	18.0664
2286.08	17.697
2284.49	19.1813
2282.91	18.1821
2281.33	19.3462
2279.75	17.1106
2278.17	20.477
2276.58	19.289
2275	20.9216
2273.42	21.6313
2271.83	22.4899
2270.25	21.4376
2268.66	20.9999
2267.08	21.9216
2265.49	21.9101
2263.91	21.4217
2262.32	20.5719
2260.73	19.363
2259.14	18.849
2257.56	15.8701
2255.97	14.1504
2254.38	14.6451
2252.79	15.164
2251.2	16.9508
2249.61	17.7868
2248.02	20.2097
2246.43	23.1756
2244.84	26.018
2243.25	29.3614
2241.66	30.1511
2240.07	31.242
2238.47	30.1694
2236.88	29.1101
2235.29	29.5571
2233.69	26.9644
2232.1	27.3989
2230.5	26.819
2228.91	26.6005
2227.31	28.3758
2225.72	29.7322
2224.12	31.3643
2222.53	33.7733
2220.93	37.7178
2219.33	40.6211
2217.73	45.2646
2216.14	50.716
2214.54	56.2378
2212.94	63.0132
2211.34	73.5448
2209.74	79.5908
2208.14	84.5354
2206.54	90.4119
2204.94	97.6438
2203.34	105.077
2201.74	113.654
2200.13	119.533
2198.53	129.554
2196.93	136.526
2195.33	145.68
2193.72	153.399
2192.12	161.803
2190.51	168.044
2188.91	172.133
2187.3	175.156
2185.7	176.401
2184.09	174.881
2182.48	173.098
2180.88	170.311
2179.27	164.793
2177.66	161.835
2176.05	155.291
2174.45	151.428
2172.84	145.082
2171.23	139.285
2169.62	132.945
2168.01	126.448
2166.4	121.255
2164.79	114.524
2163.18	112.149
2161.56	107.872
2159.95	104.979
2158.34	99.668
2156.73	95.8487
2155.11	92.4975
2153.5	89.4783
2151.89	86.0978
2150.27	83.126
2148.66	81.4439
2147.04	78.3763
2145.43	78.652
2143.81	76.6607
2142.19	78.7059
2140.58	80.8791
2138.96	82.1921
2137.34	86.1444
2135.72	90.241
2134.1	90.4844
2132.48	92.8908
2130.86	95.5679
2129.25	95.9841
2127.63	92.859
2126	92.6778
2124.38	88.3903
2122.76	83.949
2121.14	77.8138
2119.52	74.1277
2117.9	70.3839
2116.27	66.0453
2114.65	60.4837
2113.03	53.4584
2111.4	49.9821
2109.78	47.2443
2108.15	43.5614
2106.53	40.1569
2104.9	38.6061
2103.27	37.171
2101.65	36.777
2100.02	34.9632
2098.39	30.3979
2096.77	32.4725
2095.14	29.2839
2093.51	28.6284
2091.88	29.6945
2090.25	28.7887
2088.62	30.4324
2086.99	30.2389
2085.36	31.0354
2083.73	29.9938
2082.1	31.574
2080.46	28.9773
2078.83	28.5855
2077.2	30.4021
2075.57	29.2028
2073.93	27.5023
2072.3	25.7292
2070.66	23.1649
2069.03	21.3705
2067.4	17.5856
2065.76	14.2389
2064.12	15.872
2062.49	17.4513
2060.85	21.247
2059.21	24.8271
2057.58	26.7356
2055.94	28.0527
2054.3	33.0547
2052.66	35.1671
2051.02	36.8335
2049.38	37.6849
2047.74	34.9333
2046.1	32.4562
2044.46	32.3412
2042.82	30.5186
2041.18	26.771
2039.53	20.557
2037.89	17.3502
2036.25	13.8462
2034.61	13.1195
2032.96	10.0068
2031.32	7.57005
2029.67	8.88922
2028.03	10.1022
2026.38	11.1415
2024.74	10.3483
2023.09	12.1836
2021.44	15.516
2019.8	14.4756
2018.15	14.845
2016.5	13.2867
2014.85	14.0211
2013.21	13.2308
2011.56	10.8553
2009.91	10.5292
2008.26	8.97399
2006.61	12.2425
2004.96	13.1244
2003.3	14.8038
2001.65	17.7269
2000	22.3356
1998.35	26.0404
1996.7	27.1829
1995.04	29.8994
1993.39	29.4102
1991.74	30.1128
1990.08	29.395
1988.43	30.2544
1986.77	29.6527
1985.12	25.4418
1983.46	21.7975
1981.8	18.107
1980.15	15.7371
1978.49	14.3945
1976.83	14.5345
1975.17	12.8157
1973.51	11.5525
1971.86	12.1603
1970.2	12.1387
1968.54	12.74
1966.88	14.2618
1965.22	14.0047
1963.55	12.3561
1961.89	12.1399
1960.23	12.0158
1958.57	12.3812
1956.91	10.1466
1955.24	8.13617
1953.58	6.80174
1951.92	5.47965
1950.25	6.21852
1948.59	7.84199
1946.92	10.0269
1945.26	12.0712
1943.59	13.3353
1941.92	12.4952
1940.26	15.9411
1938.59	18.3432
1936.92	15.9953
1935.25	17.2761
1933.59	17.0479
1931.92	17.0652
1930.25	17.0061
1928.58	14.6966
1926.91	14.4738
1925.24	12.9372
1923.57	13.6354
1921.9	13.7415
1920.22	14.8883
1918.55	15.4671
1916.88	15.5788
1915.21	18.7885
1913.53	20.5808
1911.86	20.6371
1910.18	22.2134
1908.51	24.6822
1906.83	23.7412
1905.16	24.4291
1903.48	22.6087
1901.81	21.7751
1900.13	21.044
1898.45	19.8875
1896.78	17.2703
1895.1	15.4605
1893.42	13.5985
1891.74	10.1764
1890.06	10.7894
1888.38	12.0401
1886.7	13.0413
1885.02	15.0278
1883.34	17.3285
1881.66	19.3356
1879.98	17.6191
1878.3	17.519
1876.61	16.9712
1874.93	18.8338
1873.25	15.3108
1871.56	13.7341
1869.88	12.523
1868.19	7.92787
1866.51	6.02752
1864.82	5.22797
1863.14	4.81535
1861.45	4.11499
1859.76	5.35774
1858.08	3.95427
1856.39	6.16033
1854.7	8.02836
1853.01	10.518
1851.32	14.4531
1849.63	17.3247
1847.95	20.1426
1846.25	20.4665
1844.56	20.1956
1842.87	21.1228
1841.18	19.2936
1839.49	17.4262
1837.8	15.9499
1836.11	14.4922
1834.41	12.2534
1832.72	10.6149
1831.03	10.6598
1829.33	8.73173
1827.64	7.08612
1825.94	8.18035
1824.25	8.91984
1822.55	9.66809
1820.85	9.47737
1819.16	10.7709
1817.46	9.38472
1815.76	10.1869
1814.06	12.078
1812.36	11.9953
1810.67	14.8629
1808.97	14.3619
1807.27	13.0796
1805.57	13.2446
1803.87	14.3008
1802.17	14.6267
1800.46	13.5027
1798.76	15.4247
1797.06	13.7172
1795.36	11.0003
1793.65	10.314
1791.95	10.1704
1790.25	10.3001
1788.54	7.93252
1786.84	6.7652
1785.13	6.02503
1783.43	4.51543
1781.72	-0.797903
1780.01	-1.90465
1778.31	-1.94697
1776.6	-1.35892
1774.89	1.50665
1773.18	2.82801
1771.47	3.26938
1769.77	4.52762
1768.06	5.74388
1766.35	10.6032
1764.64	12.9292
1762.92	16.8498
1761.21	21.2231
1759.5	28.2179
1757.79	31.7308
1756.08	34.2628
1754.36	36.4866
1752.65	37.7628
1750.94	39.0926
1749.22	37.4069
1747.51	36.6335
1745.79	33.6732
1744.08	28.0416
1742.36	24.3162
1740.65	21.5811
1738.93	20.1052
1737.21	19.3072
1735.49	18.4337
1733.78	20.8569
1732.06	21.0083
1730.34	23.3731
1728.62	25.7269
1726.9	26.8298
1725.18	31.7198
1723.46	34.6324
1721.74	38.0803
1720.02	39.6089
1718.3	40.9023
1716.57	44.2391
1714.85	46.3791
1713.13	51.9043
1711.41	54.3436
1709.68	56.0042
1707.96	58.1432
1706.23	63.5885
1704.51	66.8392
1702.78	70.3119
1701.05	73.0962
1699.33	74.908
1697.6	77.1807
1695.87	78.398
1694.15	75.2745
1692.42	74.4387
1690.69	73.5833
1688.96	73.8319
1687.23	74.6391
1685.5	76.785
1683.77	76.8845
1682.04	76.5609
1680.31	78.4349
1678.58	76.4752
1676.85	75.7074
1675.11	75.1115
1673.38	80.6389
1671.65	83.1783
1669.91	87.8946
1668.18	90.4316
1666.44	92.4376
1664.71	97.16
1662.97	98.1986
1661.24	100.212
1659.5	99.9073
1657.76	102.05
1656.03	102.532
1654.29	103.389
1652.55	105.917
1650.81	106.681
1649.07	109.609
1647.33	111.013
1645.59	113.441
1643.85	116.753
1642.11	120.14
1640.37	120.807
1638.63	123.606
1636.89	126.521
1635.15	128.93
1633.4	132.723
1631.66	131.35
1629.92	132.233
1628.17	135.572
1626.43	140.746
1624.68	151.718
1622.94	162.79
1621.19	178.421
1619.45	198.119
1617.7	223.394
1615.95	252.683
1614.21	286.627
1612.46	318.812
1610.71	352.49
1608.96	388.409
1607.21	413.997
1605.46	437.451
1603.71	451.591
1601.96	457.617
1600.21	456.643
1598.46	450.242
1596.71	436.26
1594.95	415.286
1593.2	391.249
1591.45	362.743
1589.7	336.032
1587.94	306.154
1586.19	281.02
1584.43	259.117
1582.68	238.32
1580.92	222.436
1579.16	210.607
1577.41	205.019
1575.65	199.711
1573.89	195.346
1572.13	190.974
1570.38	189.545
1568.62	187.085
1566.86	185.798
1565.1	181.875
1563.34	180.019
1561.58	178.591
1559.82	180.063
1558.06	180.586
1556.29	181.13
1554.53	182.336
1552.77	178.639
1551.01	178.687
1549.24	175.514
1547.48	170.089
1545.71	171.014
1543.95	165.952
1542.18	161.013
1540.42	161.018
1538.65	159.059
1536.89	161.069
1535.12	162.547
1533.35	164.189
1531.58	164.284
1529.82	163.002
1528.05	162.813
1526.28	161.938
1524.51	160.885
1522.74	161.887
1520.97	162.772
1519.2	163.884
1517.42	166.415
1515.65	168.753
1513.88	170.313
1512.11	170.198
1510.33	169.834
1508.56	172.152
1506.79	171.677
1505.01	173.088
1503.24	172.527
1501.46	175.492
1499.69	174.236
1497.91	173.428
1496.13	173.089
1494.36	168.512
1492.58	163.734
1490.8	160.3
1489.02	156.606
1487.24	152.588
1485.46	147.489
1483.68	143.082
1481.9	140.486
1480.12	137.834
1478.34	139.343
1476.56	139.555
1474.78	142.011
1473	143.168
1471.21	146.664
1469.43	149.318
1467.65	149.788
1465.86	151.668
1464.08	150.252
1462.29	152.528
1460.51	151.99
1458.72	152.183
1456.93	154.78
1455.15	152.9
1453.36	150.107
1451.57	149.868
1449.79	149.272
1448	149.993
1446.21	149.788
1444.42	147.03
1442.63	146.523
1440.84	145.671
1439.05	147.176
1437.26	148.145
1435.46	149.214
1433.67	151.597
1431.88	153.294
1430.09	154.447
1428.29	154.587
1426.5	155.804
1424.71	157.047
1422.91	156.773
1421.12	156.43
1419.32	156.198
1417.52	154.947
1415.73	155.323
1413.93	156.926
1412.13	157.85
1410.34	158.014
1408.54	160.884
1406.74	160.367
1404.94	163.329
1403.14	165.619
1401.34	171.883
1399.54	175.143
1397.74	178.217
1395.94	180.737
1394.14	183.706
1392.33	185.621
1390.53	187.194
1388.73	189.167
1386.92	191.122
1385.12	192.624
1383.32	194.284
1381.51	193.804
1379.7	194.862
1377.9	194.905
1376.09	197.827
1374.29	200.569
1372.48	202.916
1370.67	206.732
1368.86	215.67
1367.05	225.071
1365.25	237.027
1363.44	247.872
1361.63	260.703
1359.82	275.702
1358.01	293.06
1356.19	311.29
1354.38	328.323
1352.57	342.677
1350.76	352.391
1348.95	359.205
1347.13	362.594
1345.32	363.325
1343.5	360.946
1341.69	356.706
1339.87	347.307
1338.06	335.533
1336.24	325.03
1334.43	313.116
1332.61	301.152
1330.79	291.888
1328.97	281.014
1327.16	269.773
1325.34	260.529
1323.52	257.079
1321.7	252.851
1319.88	252.663
1318.06	252.407
1316.24	247.898
1314.41	244.036
1312.59	239.55
1310.77	235.379
1308.95	229.789
1307.12	226.191
1305.3	220.932
1303.48	218.132
1301.65	212.148
1299.83	207.018
1298	203.353
1296.18	204.154
1294.35	207.051
1292.52	209.958
1290.69	208.986
1288.87	208.955
1287.04	211.068
1285.21	212.558
1283.38	214.314
1281.55	215.376
1279.72	214.313
1277.89	211.33
1276.06	207.238
1274.23	206.078
1272.4	201.559
1270.57	199.907
1268.73	196.786
1266.9	189.658
1265.07	185.517
1263.23	182.616
1261.4	180.505
1259.56	180.397
1257.73	178.432
1255.89	177.48
1254.06	181.15
1252.22	184.633
1250.38	188.728
1248.54	190.281
1246.71	190.776
1244.87	192.014
1243.03	189.756
1241.19	186.885
1239.35	186.948
1237.51	183.667
1235.67	185.652
1233.83	182.723
1231.98	183.205
1230.14	185.016
1228.3	189.324
1226.46	193.328
1224.61	201.13
1222.77	211.813
1220.92	222.845
1219.08	231.035
1217.23	243.367
1215.39	254.509
1213.54	264.84
1211.7	276.715
1209.85	285.927
1208	291.001
1206.15	292.174
1204.3	296.057
1202.45	297.098
1200.61	290.834
1198.76	276.886
1196.91	262.105
1195.05	250.144
1193.2	236.307
1191.35	228.471
1189.5	227.756
1187.65	234.832
1185.79	246.118
1183.94	264.384
1182.09	287.769
1180.23	307.37
1178.38	332.226
1176.52	354.711
1174.67	374.293
1172.81	388.496
1170.95	396.37
1169.1	395.169
1167.24	386.851
1165.38	366.586
1163.52	336.109
1161.66	305.634
1159.8	269.537
1157.94	229.421
1156.08	190.189
1154.22	152.651
1152.36	122.421
1150.5	97.8315
1148.64	79.9085
1146.77	68.8099
1144.91	63.5037
1143.05	64.9878
1141.18	69.5884
1139.32	78.47
1137.45	86.3453
1135.59	93.2402
1133.72	95.2996
1131.86	97.467
1129.99	99.4167
1128.12	103.083
1126.25	100.25
1124.39	100.717
1122.52	104.609
1120.65	107.479
1118.78	109.532
1116.91	113.978
1115.04	112.792
1113.17	108.698
1111.3	108.135
1109.42	107.951
1107.55	105.1
1105.68	100.075
1103.81	95.8407
1101.93	92.0541
1100.06	86.3264
1098.18	82.2872
1096.31	73.9632
1094.43	65.0259
1092.56	57.2588
1090.68	54.1497
1088.8	49.3514
1086.93	45.6033
1085.05	44.314
1083.17	40.1836
1081.29	37.5692
1079.41	34.4228
1077.53	33.2571
1075.65	31.6067
1073.77	30.3866
1071.89	30.3762
1070.01	24.2398
1068.13	25.1773
1066.24	24.4275
1064.36	24.2558
1062.48	24.4489
1060.59	23.5168
1058.71	22.8462
1056.83	24.7877
1054.94	24.9949
1053.05	24.9594
1051.17	28.1337
1049.28	25.1943
1047.39	27.0086
1045.51	29.2367
1043.62	32.7155
1041.73	34.0049
1039.84	36.0978
1037.95	36.2439
1036.06	35.7348
1034.17	37.3909
1032.28	35.7912
1030.39	31.1479
1028.5	33.3234
1026.61	31.1505
1024.71	32.1842
1022.82	33.8757
1020.93	34.9518
1019.03	38.4765
1017.14	41.7595
1015.24	45.9251
1013.35	48.9541
1011.45	52.6182
1009.56	53.9986
1007.66	53.0894
1005.76	50.9231
1003.86	50.3578
1001.97	47.1376
1000.07	41.0956
998.167	37.0478
996.268	33.4786
994.368	25.115
992.466	22.6465
990.565	19.0964
988.664	15.4649
986.762	13.1395
984.86	14.2442
982.957	17.9939
981.053	21.7579
979.15	25.8438
977.245	30.5192
975.34	34.6827
973.435	38.9906
971.53	40.0401
969.624	42.8384
967.717	42.3293
965.809	41.5417
963.902	36.6257
961.994	33.8524
960.086	28.7561
958.177	25.8177
956.267	25.5727
954.357	26.3644
952.447	28.9632
950.536	28.1864
948.625	35.716
946.713	35.7789
944.8	38.497
942.888	38.8802
940.974	35.8502
939.061	34.7637
937.147	34.2574
935.233	30.7796
933.317	27.1011
931.402	24.7119
929.485	23.0359
927.569	20.0092
925.652	17.2805
923.735	13.5138
921.817	10.8641
919.899	11.0707
917.98	9.58033
916.061	11.5562
914.141	15.1113
912.22	18.3922
910.3	19.4141
908.378	22.7165
906.456	24.3603
904.534	26.3826
902.612	26.2973
900.689	26.6662
898.766	24.8293
896.841	26.7748
894.916	27.2597
892.991	24.5468
891.066	21.791
889.14	24.8999
887.214	31.1984
885.287	36.4048
883.36	40.3481
881.432	44.7271
879.504	52.8443
877.575	58.9427
875.646	65.6856
873.716	74.4555
871.786	79.5436
869.855	86.8117
867.924	93.6337
865.992	101.805
864.06	106.489
862.128	111.883
860.194	115.989
858.261	116.767
856.327	116.191
854.393	107.979
852.458	102.776
850.522	97.2612
848.586	94.7844
846.65	90.0636
844.714	83.9523
842.776	80.3159
840.838	77.0767
838.901	72.4152
836.961	69.6128
835.023	66.4291
833.082	64.3189
831.142	63.3987
829.202	61.2711
827.261	58.2245
825.319	58.03
823.377	56.6285
821.434	52.8857
819.491	51.6387
817.548	51.0482
815.604	50.4253
813.66	48.974
811.715	48.5947
809.769	46.5516
807.823	41.8341
805.878	38.4918
803.93	34.5498
801.983	28.0271
800.035	26.1995
798.087	23.3938
796.139	16.7217
794.189	7.84603
792.24	6.41681
790.289	7.09759
788.339	5.46186
786.387	6.1215
784.436	6.28647
782.484	7.07157
780.532	9.4814
778.578	14.4841
776.624	20.4912
774.671	25.7199
772.716	31.0196
770.762	36.1544
768.806	39.8652
766.85	41.2165
764.893	39.7063
762.937	41.3397
760.979	37.8529
759.022	36.2961
757.064	31.6445
755.105	25.0799
753.145	20.2288
751.185	20.7893
749.226	20.0026
747.264	19.2208
745.303	18.768
743.341	19.6221
741.38	20.631
739.417	21.2307
737.454	19.1504
735.49	21.4263
733.526	22.1702
731.562	19.9953
729.596	18.8037
727.631	19.5154
725.665	16.2523
723.699	14.2105
721.732	14.4043
719.764	12.3675
717.797	14.3361
715.828	13.9287
713.859	13.5817
711.889	12.2322
709.919	10.8882
707.949	12.692
705.978	11.9235
704.007	13.13
702.035	17.3452
700.063	21.5087
698.091	21.635
696.117	20.4349
694.143	21.608
692.169	19.5817
690.194	18.1576
688.219	18.3895
686.244	19.2731
684.267	17.7481
682.291	19.3226
680.314	15.294
678.336	13.5199
676.358	11.6967
674.379	9.61057
672.4	8.48529
670.421	6.6744
668.441	5.73376
666.46	3.38856
664.479	4.12492
662.497	4.61795
660.516	5.54179
658.533	7.49165
656.55	11.0742
654.567	11.5082
652.583	15.9658
650.598	21.1039
648.614	22.11
646.628	27.1251
644.643	33.9664
642.656	38.8222
640.669	39.5352
638.682	40.4018
636.694	41.395
634.706	43.6619
632.717	42.1984
630.728	42.7823
628.738	41.9277
626.748	38.527
624.757	34.4695
622.766	29.6561
620.774	23.7109
618.782	19.7285
616.789	17.0483
614.796	15.7293
612.802	13.0766
610.808	15.666
608.814	16.4934
606.818	16.3873
604.822	15.0281
602.827	15.4594
600.83	16.2241
598.833	18.1661
596.836	22.0292
594.838	28.438
592.839	31.8693
590.84	35.4152
588.841	37.3967
586.84	41.9489
584.84	42.6355
582.838	48.7771
580.838	50.407
578.835	55.0151
576.833	59.0906
574.83	60.6062
572.827	62.6602
570.822	64.4372
568.818	63.0298
566.813	65.6351
564.808	63.6895
562.802	61.4754
560.795	61.8848
558.788	63.5738
556.781	64.0906
554.773	62.2439
552.765	64.5013
550.756	64.069
548.747	65.2606
546.737	66.3576
544.726	72.8317
542.716	74.1327
540.704	74.4113
538.692	73.8988
536.68	70.9705
534.667	69.0105
532.654	68.6239
530.64	66.9278
528.626	60.7599
526.611	54.488
524.596	53.2318
522.58	54.9668
520.564	56.3226
518.547	52.9591
516.529	58.0386
514.512	59.5402
512.494	58.5343
510.476	58.5805
508.456	60.3443
506.436	62.2147
504.416	63.8446
502.395	66.9405
500.374	67.4783
498.353	66.7665
496.33	68.3027
494.307	67.2565
492.284	66.4448
490.261	64.8763
488.237	65.0162
486.212	65.5787
484.187	63.2415
482.161	60.4348
480.134	57.7213
478.108	53.5572
476.081	51.8154
474.054	45.3609
472.025	42.1054
469.997	40.8749
467.968	35.022
465.938	35.096
463.908	29.8953
461.877	22.5512
459.846	19.24
457.814	18.7452
455.782	14.801
453.75	14.5617
451.716	18.362
449.683	20.1845
447.649	27.6143
445.614	31.4653
443.579	35.2995
441.543	38.3249
439.508	45.3081
437.47	49.752
435.433	50.6835
433.396	48.7128
431.358	54.7943
429.319	62.2161
427.28	66.2384
425.241	68.5707
423.201	69.8726
421.16	73.8424
419.118	73
417.077	68.7016
415.035	70.3014
412.993	67.6662
410.949	64.5222
408.905	60.3948
406.862	57.7848
404.816	56.3693
402.771	54.4893
400.727	50.9532
398.68	46.7733
396.633	41.0181
394.586	40.9454
392.539	34.8855
390.491	29.386
388.442	24.2671
386.393	19.4937
384.344	15.3104
382.293	14.8442
380.242	12.2298
378.192	11.6546
376.14	8.94184
374.088	11.1694
372.035	6.16436
369.982	4.79972
367.928	4.41235
365.874	0.865665
363.82	-1.63009
361.765	-4.75921
359.709	-1.34282
357.653	1.25122
355.596	3.7851
353.539	1.99043
351.481	3.77802
349.423	6.36561
347.364	4.13791
345.305	8.14035
343.245	9.99414
341.185	10.7105
339.125	15.7647
337.063	19.9652
335.001	29.2546
332.94	39.092
330.876	44.1765
328.813	49.6899
326.749	59.7817
324.685	72.9551
322.621	84.3202
320.555	94.7451
318.489	111.077
316.423	126.345
314.356	144.453
312.29	163.646
310.221	184.853
308.153	204.552
306.084	225.21
304.015	241.549
301.946	261.107
299.875	272.698
297.804	279.11
295.733	284.926
293.661	287.694
291.588	286.636
289.516	280.736
287.443	270.6
285.369	258.569
283.295	245.252
281.22	226.027
279.144	213.622
277.068	200.071
274.992	185.398
272.915	175.123
270.837	167.82
268.76	160.303
266.681	154.945
264.602	153.591
262.523	148.404
260.443	141.031
258.362	128.923
256.282	123.893
254.2	116.187
252.118	105.284
250.036	95.4362
247.952	87.4711
245.869	83.5677
243.784	77.3876
241.7	75.7934
239.616	71.7575
237.53	73.5138
235.443	78.5713
233.357	78.7103
231.27	82.5956
229.182	85.3888
227.094	85.4092
225.005	81.571
222.916	75.407
220.827	72.7171
218.737	60.6975
216.646	52.5934
214.555	43.187
212.462	32.6366
210.37	21.3673
208.278	10.6965
206.185	4.63879
204.091	0.969708
201.997	-0.0327763
199.902	0.84365
197.807	5.07621
195.711	11.2255
193.615	20.1537
191.517	28.4278
189.42	38.2849
187.322	43.4524
185.224	45.6739
183.125	48.2004
181.025	48.6056
178.926	55.3693
176.825	57.9995
174.724	69.5219
172.623	78.8033
170.521	90.0732
168.418	107.93
166.315	123.703
164.212	142.186
162.108	166.384
160.003	193.907
157.898	221.135
155.793	254.083
153.686	294.869
151.58	339.086
149.473	384.007
147.365	430.442
145.257	480.433
143.148	530.486
141.039	582.806
138.929	634.385
136.819	683.327
134.709	729.785
132.597	776.545
130.485	821.22
128.373	863.767
126.26	903.722
124.147	941.481
122.033	976.782
119.919	1010.19
117.804	1048.85
115.688	1089.05
113.573	1145.08
111.456	1206.58
109.339	1281
107.222	1365.57
105.103	1444.73
102.985	1509.93
100.866	1568.92
98.7467	1623.56
96.6262	1630.69
