3502.52	20.3121
3501.25	19.875
3499.98	17.86
3498.71	16.2695
3497.44	15.1681
3496.17	14.4371
3494.9	13.8141
3493.62	13.3166
3492.35	12.9266
3491.08	12.3148
3489.8	11.435
3488.53	10.5187
3487.26	9.61222
3485.98	8.69657
3484.71	7.98066
3483.43	7.58316
3482.16	7.55259
3480.88	7.83153
3479.6	8.35262
3478.33	9.15273
3477.05	10.0132
3475.77	11.0795
3474.5	12.1091
3473.22	13.0255
3471.94	13.7793
3470.66	14.3566
3469.38	14.9999
3468.1	15.4125
3466.82	15.8492
3465.54	15.9597
3464.26	15.6916
3462.98	15.4303
3461.7	15.0634
3460.42	14.581
3459.14	13.9861
3457.86	13.3456
3456.57	12.7699
3455.29	12.2967
3454.01	11.9278
3452.73	11.6142
3451.44	11.373
3450.16	11.0339
3448.87	10.5614
3447.59	10.0754
3446.3	9.54842
3445.02	8.97699
3443.73	8.55457
3442.45	8.25931
3441.16	8.119
3439.88	8.19163
3438.59	8.27079
3437.3	8.52049
3436.01	8.78786
3434.73	9.0033
3433.44	9.20874
3432.15	9.45742
3430.86	9.69687
3429.57	9.9587
3428.28	10.2009
3426.99	10.4712
3425.7	10.8467
3424.41	11.2388
3423.12	11.561
3421.83	11.8954
3420.54	12.1772
3419.24	12.3914
3417.95	12.536
3416.66	12.4529
3415.37	12.2381
3414.07	11.9663
3412.78	11.5331
3411.48	11.2757
3410.19	11.0803
3408.9	11.0673
3407.6	11.2217
3406.31	11.2005
3405.01	11.174
3403.72	11.0791
3402.42	11.071
3401.12	11.1496
3399.82	11.152
3398.53	11.1726
3397.23	11.1185
3395.93	10.9528
3394.63	10.6169
3393.33	10.0798
3392.04	9.4693
3390.74	8.69316
3389.44	7.86065
3388.14	7.12372
3386.84	6.61345
3385.53	6.3413
3384.23	6.41009
3382.93	6.91844
3381.63	7.58988
3380.33	8.53402
3379.03	9.5902
3377.72	10.4076
3376.42	11.0502
3375.12	11.4144
3373.81	11.394
3372.51	11.0633
3371.2	10.4133
3369.9	9.59321
3368.59	8.63397
3367.29	7.51406
3365.98	6.23645
3364.68	5.25242
3363.37	4.47199
3362.06	3.82949
3360.76	3.51038
3359.45	3.49071
3358.14	3.75643
3356.83	4.17457
3355.52	4.73826
3354.22	5.44846
3352.91	6.06844
3351.6	6.44372
3350.29	6.64406
3348.98	6.70309
3347.67	6.57817
3346.36	6.39902
3345.04	6.10222
3343.73	5.87207
3342.42	5.96538
3341.11	6.10286
3339.8	6.4743
3338.48	6.9532
3337.17	7.46993
3335.86	8.17211
3334.54	8.92775
3333.23	9.63491
3331.91	10.2469
3330.6	10.7704
3329.28	11.255
3327.97	11.5549
3326.65	12.0253
3325.34	12.3759
3324.02	12.6997
3322.7	12.8884
3321.38	12.7823
3320.07	12.4184
3318.75	11.786
3317.43	10.8593
3316.11	9.51199
3314.79	8.23835
3313.47	6.99767
3312.15	5.68686
3310.83	4.5393
3309.51	3.52078
3308.19	2.7365
3306.87	2.15417
3305.55	1.70958
3304.23	1.48272
3302.9	1.51559
3301.58	1.67919
3300.26	1.88511
3298.94	2.32583
3297.61	2.78582
3296.29	3.1478
3294.96	3.38786
3293.64	3.38798
3292.31	3.23923
3290.99	2.78044
3289.66	2.16894
3288.34	1.54036
3287.01	0.904333
3285.68	0.195393
3284.36	-0.399789
3283.03	-0.734237
3281.7	-0.851494
3280.37	-0.706543
3279.05	-0.378282
3277.72	0.0705012
3276.39	0.698663
3275.06	1.33868
3273.73	2.05215
3272.4	2.70349
3271.07	3.21459
3269.74	3.75267
3268.41	4.35394
3267.08	4.91275
3265.74	5.49575
3264.41	6.09789
3263.08	6.68918
3261.75	7.05832
3260.41	7.39415
3259.08	7.54878
3257.75	7.50974
3256.41	7.3462
3255.08	7.02834
3253.74	6.75699
3252.41	6.65178
3251.07	6.60219
3249.74	6.56021
3248.4	6.85394
3247.06	7.43048
3245.73	8.23234
3244.39	9.27447
3243.05	10.3052
3241.71	11.3966
3240.37	12.5431
3239.04	13.5491
3237.7	14.3244
3236.36	14.858
3235.02	15.0697
3233.68	14.9038
3232.34	14.4663
3231	13.7644
3229.66	12.945
3228.31	11.9068
3226.97	10.6466
3225.63	9.43661
3224.29	8.45114
3222.94	7.63767
3221.6	7.12119
3220.26	7.00512
3218.91	7.2279
3217.57	7.7082
3216.23	8.43414
3214.88	9.36339
3213.53	10.4096
3212.19	11.4225
3210.84	12.3594
3209.5	13.0532
3208.15	13.3856
3206.8	13.3753
3205.46	12.9374
3204.11	12.2306
3202.76	11.3787
3201.41	10.4948
3200.06	9.60048
3198.71	8.8445
3197.36	8.18322
3196.01	7.71069
3194.66	7.40173
3193.31	7.40875
3191.96	7.66578
3190.61	7.97172
3189.26	8.26319
3187.91	8.34221
3186.56	8.28156
3185.2	8.14974
3183.85	7.84133
3182.5	7.20983
3181.14	6.41703
3179.79	5.50487
3178.44	4.56762
3177.08	3.83524
3175.73	3.20612
3174.37	2.84494
3173.01	2.8994
3171.66	3.2514
3170.3	4.13157
3168.95	5.46712
3167.59	7.20146
3166.23	8.9608
3164.87	10.6191
3163.51	12.011
3162.16	13.0256
3160.8	13.3598
3159.44	12.8407
3158.08	11.6767
3156.72	10.2823
3155.36	8.36832
3154	6.19226
3152.64	4.0393
3151.28	2.30326
3149.91	0.908317
3148.55	0.0430209
3147.19	-0.106922
3145.83	0.229223
3144.46	1.00989
3143.1	2.28043
3141.74	3.96329
3140.37	5.94754
3139.01	8.05525
3137.64	9.95786
3136.28	11.6187
3134.91	12.8584
3133.55	13.6457
3132.18	14.0638
3130.81	14.1257
3129.45	13.8064
3128.08	13.1227
3126.71	12.064
3125.34	10.8573
3123.98	9.57964
3122.61	8.55234
3121.24	7.61185
3119.87	6.86124
3118.5	6.29297
3117.13	5.91545
3115.76	5.7418
3114.39	5.50997
3113.02	5.27181
3111.64	5.00763
3110.27	4.76823
3108.9	4.70865
3107.53	4.84952
3106.15	5.20194
3104.78	5.89071
3103.41	6.5933
3102.03	7.53065
3100.66	8.47905
3099.29	9.48898
3097.91	10.456
3096.53	11.3274
3095.16	12.2117
3093.78	12.92
3092.41	13.3857
3091.03	13.4535
3089.65	13.2553
3088.27	12.9856
3086.9	12.4808
3085.52	11.7608
3084.14	10.8406
3082.76	9.85792
3081.38	8.67161
3080	7.50052
3078.62	6.44972
3077.24	5.38936
3075.86	4.40391
3074.48	3.32943
3073.1	2.25548
3071.72	1.35666
3070.33	0.639864
3068.95	0.106501
3067.57	-0.108931
3066.19	-0.122972
3064.8	0.10964
3063.42	0.424621
3062.03	0.835746
3060.65	1.61546
3059.26	2.58626
3057.88	3.70995
3056.49	4.91753
3055.11	6.04671
3053.72	7.26003
3052.33	8.04088
3050.95	8.61841
3049.56	8.82266
3048.17	8.71309
3046.78	8.36637
3045.4	7.68617
3044.01	6.77141
3042.62	5.7414
3041.23	4.66182
3039.84	3.59669
3038.45	2.64399
3037.06	1.78787
3035.67	1.15241
3034.28	0.672296
3032.88	0.497252
3031.49	0.439546
3030.1	0.531654
3028.71	0.806191
3027.31	1.07563
3025.92	1.5225
3024.52	1.8615
3023.13	2.18409
3021.74	2.47813
3020.34	2.76101
3018.95	3.00576
3017.55	3.45143
3016.16	3.90618
3014.76	4.51647
3013.36	5.16241
3011.96	5.71325
3010.57	6.28946
3009.17	6.88414
3007.77	7.60045
3006.37	8.56826
3004.97	9.48512
3003.57	10.3864
3002.17	11.369
3000.77	12.1794
2999.37	12.6908
2997.97	12.9932
2996.57	13.2839
2995.17	13.7098
2993.77	13.9509
2992.37	14.1047
2990.97	14.458
2989.56	14.7542
2988.16	15.0429
2986.76	15.4301
2985.35	15.8288
2983.95	16.5049
2982.54	17.1332
2981.14	17.8826
2979.73	18.6468
2978.33	19.3887
2976.92	20.0698
2975.51	20.6254
2974.11	21.0598
2972.7	21.4687
2971.29	21.8761
2969.89	22.2453
2968.48	22.6576
2967.07	23.2427
2965.66	23.8911
2964.25	24.64
2962.84	25.4324
2961.43	26.2252
2960.02	27.0541
2958.61	27.8478
2957.2	28.5822
2955.79	29.4114
2954.38	30.1538
2952.96	30.7665
2951.55	31.1551
2950.14	31.1861
2948.73	30.9225
2947.31	30.5488
2945.9	29.9673
2944.48	29.5523
2943.07	29.4197
2941.65	29.4378
2940.24	29.7733
2938.82	30.3631
2937.41	31.2989
2935.99	32.6899
2934.57	34.1269
2933.16	35.8366
2931.74	37.8193
2930.32	39.9037
2928.9	41.7634
2927.48	43.2969
2926.06	44.7171
2924.64	45.8912
2923.22	46.6667
2921.8	47.0808
2920.38	47.3138
2918.96	47.1959
2917.54	46.7847
2916.12	46.0937
2914.7	44.8983
2913.28	43.5726
2911.85	42.0812
2910.43	40.63
2909.01	39.3105
2907.58	38.1039
2906.16	37.2617
2904.74	36.7178
2903.31	36.3519
2901.88	36.0376
2900.46	35.8215
2899.03	35.5009
2897.61	35.1814
2896.18	34.9203
2894.75	34.6987
2893.33	34.5055
2891.9	34.3736
2890.47	34.4059
2889.04	34.7601
2887.61	35.151
2886.18	35.7321
2884.75	36.5776
2883.32	37.7599
2881.89	39.1556
2880.46	40.5484
2879.03	42.0056
2877.6	43.4835
2876.17	44.7414
2874.74	45.5284
2873.3	45.9963
2871.87	46.2024
2870.44	45.9554
2869.01	45.2307
2867.57	43.8986
2866.14	42.2365
2864.7	40.4779
2863.27	38.416
2861.83	36.7277
2860.4	35.3992
2858.96	34.5972
2857.52	34.1329
2856.09	34.05
2854.65	34.4205
2853.21	34.9777
2851.77	35.7317
2850.34	36.4239
2848.9	36.8985
2847.46	36.913
2846.02	36.591
2844.58	35.9842
2843.14	34.8639
2841.7	33.439
2840.26	31.8245
2838.82	30.2093
2837.37	28.7117
2835.93	27.2479
2834.49	26.3046
2833.05	25.8976
2831.6	26.0736
2830.16	26.7986
2828.72	27.9575
2827.27	29.1537
2825.83	30.4876
2824.38	31.6778
2822.94	32.6818
2821.49	33.223
2820.05	33.24
2818.6	32.5598
2817.15	31.5573
2815.71	29.8249
2814.26	27.6109
2812.81	25.028
2811.36	22.2668
2809.91	19.3231
2808.47	16.3034
2807.02	13.6901
2805.57	11.6398
2804.12	10.1187
2802.67	8.84886
2801.22	8.14268
2799.76	8.03139
2798.31	8.58083
2796.86	9.50659
2795.41	10.5904
2793.96	11.7719
2792.5	12.9523
2791.05	13.7225
2789.6	14.3542
2788.14	14.6186
2786.69	14.7619
2785.23	14.683
2783.78	14.5211
2782.32	14.138
2780.86	13.4809
2779.41	12.853
2777.95	12.2071
2776.5	11.5305
2775.04	10.6938
2773.58	9.83359
2772.12	9.12321
2770.66	8.47471
2769.2	7.91625
2767.74	7.469
2766.29	7.20067
2764.83	7.15483
2763.36	7.27716
2761.9	7.72698
2760.44	8.19506
2758.98	8.79676
2757.52	9.67106
2756.06	10.7479
2754.59	11.8284
2753.13	13.1187
2751.67	14.5123
2750.2	16.0095
2748.74	17.4578
2747.28	18.7369
2745.81	19.5635
2744.35	20.3009
2742.88	20.6385
2741.41	20.679
2739.95	20.5444
2738.48	20.2312
2737.01	19.749
2735.55	19.19
2734.08	18.6212
2732.61	18.1846
2731.14	17.9923
2729.67	17.8543
2728.2	17.838
2726.73	17.9492
2725.26	18.2578
2723.79	18.4448
2722.32	18.4492
2720.85	18.181
2719.38	17.807
2717.91	17.1751
2716.44	16.1994
2714.96	14.7997
2713.49	13.2146
2712.02	11.4569
2710.54	9.80511
2709.07	8.13763
2707.59	6.61864
2706.12	5.41942
2704.64	4.5513
2703.17	4.06291
2701.69	3.94718
2700.22	4.2129
2698.74	4.78213
2697.26	5.71303
2695.78	7.07719
2694.31	8.69601
2692.83	10.3984
2691.35	11.9782
2689.87	13.4586
2688.39	14.8113
2686.91	15.7329
2685.43	16.3972
2683.95	16.8406
2682.47	16.973
2680.99	16.9036
2679.51	16.7498
2678.03	16.6876
2676.54	16.6876
2675.06	16.8179
2673.58	16.9207
2672.09	16.9618
2670.61	17.0266
2669.13	17.0586
2667.64	16.9345
2666.16	16.8062
2664.67	16.5519
2663.18	16.3869
2661.7	16.3359
2660.21	16.2918
2658.72	16.3239
2657.24	16.4969
2655.75	16.7591
2654.26	16.9737
2652.77	17.2707
2651.28	17.6078
2649.8	17.7091
2648.31	17.5625
2646.82	17.1492
2645.33	16.6925
2643.84	16.1677
2642.34	15.4198
2640.85	14.635
2639.36	13.7963
2637.87	12.7775
2636.38	11.7227
2634.88	10.5368
2633.39	9.20763
2631.9	7.94717
2630.4	6.84614
2628.91	6.06165
2627.41	5.92473
2625.92	6.39445
2624.42	7.22051
2622.93	8.18633
2621.43	9.60774
2619.93	11.1592
2618.44	12.6675
2616.94	14.0216
2615.44	15.1501
2613.94	16.0688
2612.44	16.6627
2610.95	17.1959
2609.45	17.6103
2607.95	17.6623
2606.45	17.4881
2604.95	16.8427
2603.44	15.8803
2601.94	14.5377
2600.44	13.0675
2598.94	11.4164
2597.44	9.86267
2595.93	8.55393
2594.43	7.5517
2592.93	6.79797
2591.42	6.65931
2589.92	7.15565
2588.42	8.35574
2586.91	10.041
2585.4	11.9574
2583.9	13.9761
2582.39	15.9648
2580.89	17.5862
2579.38	18.8703
2577.87	19.8071
2576.36	20.3813
2574.86	20.4112
2573.35	20.0555
2571.84	19.3841
2570.33	18.5608
2568.82	17.4346
2567.31	16.1021
2565.8	14.9405
2564.29	13.844
2562.78	12.9564
2561.27	12.652
2559.75	13.0715
2558.24	13.9541
2556.73	15.2971
2555.22	16.7879
2553.7	18.1155
2552.19	19.3674
2550.68	20.3231
2549.16	20.7138
2547.65	20.1835
2546.13	19.1458
2544.61	17.582
2543.1	15.7004
2541.58	13.6165
2540.07	11.5183
2538.55	9.60577
2537.03	7.94026
2535.51	6.70956
2533.99	5.8886
2532.48	5.46601
2530.96	5.63159
2529.44	6.17883
2527.92	6.98538
2526.4	7.88743
2524.88	8.81662
2523.36	9.60992
2521.83	10.307
2520.31	10.953
2518.79	11.2568
2517.27	10.9731
2515.74	10.2936
2514.22	9.34822
2512.7	8.26956
2511.17	7.2516
2509.65	6.36393
2508.12	5.73263
2506.6	5.50274
2505.07	5.42443
2503.55	5.76728
2502.02	6.46036
2500.49	7.45975
2498.97	8.26549
2497.44	8.95822
2495.91	9.43268
2494.38	9.84266
2492.85	9.90731
2491.32	9.75485
2489.8	9.75764
2488.27	9.43375
2486.74	8.85656
2485.2	8.10476
2483.67	7.39194
2482.14	6.68265
2480.61	6.13414
2479.08	5.58797
2477.55	5.05168
2476.01	4.69656
2474.48	4.51723
2472.95	4.51346
2471.41	4.53829
2469.88	4.56692
2468.34	4.76869
2466.81	4.98498
2465.27	4.94115
2463.74	4.66218
2462.2	4.0902
2460.66	3.39707
2459.12	2.55341
2457.59	1.58036
2456.05	0.546083
2454.51	-0.332058
2452.97	-0.883506
2451.43	-1.07023
2449.89	-0.693054
2448.35	-0.0648681
2446.81	0.992634
2445.27	2.26403
2443.73	3.93978
2442.19	5.91848
2440.65	7.96794
2439.11	9.94467
2437.56	11.6571
2436.02	12.9793
2434.48	13.9722
2432.93	14.5485
2431.39	14.7548
2429.84	14.5386
2428.3	13.7027
2426.75	12.5028
2425.21	11.2864
2423.66	10.4445
2422.12	9.75581
2420.57	9.46265
2419.02	9.4395
2417.47	9.92521
2415.93	10.4535
2414.38	10.9433
2412.83	11.4761
2411.28	11.7337
2409.73	11.7377
2408.18	11.2951
2406.63	10.5988
2405.08	9.51854
2403.53	8.39677
2401.98	6.98417
2400.42	5.65418
2398.87	4.74332
2397.32	4.3245
2395.77	4.52834
2394.21	5.30051
2392.66	6.54013
2391.1	8.40581
2389.55	10.5324
2387.99	12.7209
2386.44	14.7822
2384.88	16.3726
2383.33	17.3815
2381.77	17.8158
2380.21	17.6656
2378.66	16.9116
2377.1	15.6019
2375.54	13.8505
2373.98	12.0057
2372.42	10.5974
2370.86	9.43354
2369.3	9.06317
2367.74	9.08459
2366.18	9.73531
2364.62	10.9716
2363.06	12.5644
2361.5	14.173
2359.94	15.4518
2358.37	16.3226
2356.81	16.7111
2355.25	16.4813
2353.68	15.8654
2352.12	14.9158
2350.56	13.6001
2348.99	12.1504
2347.43	10.6337
2345.86	9.54926
2344.29	8.83232
2342.73	8.64943
2341.16	9.14458
2339.59	10.5313
2338.03	12.5714
2336.46	15.1478
2334.89	17.8374
2333.32	20.4675
2331.75	22.6641
2330.18	24.2213
2328.61	25.227
2327.04	25.5818
2325.47	25.5624
2323.9	24.9157
2322.33	24.0266
2320.76	23.2049
2319.18	22.6088
2317.61	22.2239
2316.04	22.2721
2314.47	22.5977
2312.89	23.1878
2311.32	23.9556
2309.74	24.8275
2308.17	25.6345
2306.59	26.0941
2305.02	25.9258
2303.44	25.2804
2301.86	24.1307
2300.29	22.6981
2298.71	21.0021
2297.13	19.1345
2295.55	17.3404
2293.97	15.84
2292.4	14.559
2290.82	13.7733
2289.24	13.3796
2287.66	13.5932
2286.08	14.2661
2284.49	15.4353
2282.91	16.8893
2281.33	18.3207
2279.75	19.8265
2278.17	21.1319
2276.58	21.8517
2275	22.1087
2273.42	21.9298
2271.83	21.291
2270.25	20.3989
2268.66	19.2405
2267.08	18.1824
2265.49	17.11
2263.91	16.0657
2262.32	15.3214
2260.73	14.6126
2259.14	14.0851
2257.56	13.7179
2255.97	13.4827
2254.38	13.4458
2252.79	13.3477
2251.2	13.2612
2249.61	13.2297
2248.02	13.3274
2246.43	13.7013
2244.84	14.1663
2243.25	14.9214
2241.66	15.8071
2240.07	17.0114
2238.47	18.4143
2236.88	20.1476
2235.29	21.9317
2233.69	23.4678
2232.1	24.9084
2230.5	26.2036
2228.91	27.2604
2227.31	28.03
2225.72	28.6142
2224.12	28.9997
2222.53	29.1711
2220.93	29.3034
2219.33	29.1452
2217.73	28.8173
2216.14	28.3726
2214.54	27.8986
2212.94	27.5054
2211.34	27.1167
2209.74	26.9137
2208.14	27.0634
2206.54	27.2414
2204.94	27.5544
2203.34	27.8579
2201.74	27.9729
2200.13	28.2415
2198.53	28.3591
2196.93	28.1296
2195.33	27.7828
2193.72	27.4485
2192.12	27.0012
2190.51	26.4317
2188.91	26.0061
2187.3	25.7277
2185.7	25.2872
2184.09	24.8593
2182.48	24.764
2180.88	24.6181
2179.27	24.5999
2177.66	24.7089
2176.05	25.0745
2174.45	25.8201
2172.84	26.7819
2171.23	28.1376
2169.62	29.7519
2168.01	31.5702
2166.4	33.682
2164.79	35.8103
2163.18	37.9399
2161.56	39.5693
2159.95	40.7859
2158.34	41.6554
2156.73	42.1056
2155.11	42.4122
2153.5	42.492
2151.89	42.8869
2150.27	43.929
2148.66	45.6624
2147.04	48.1985
2145.43	51.865
2143.81	56.6769
2142.19	62.7096
2140.58	70.2118
2138.96	78.7433
2137.34	88.0474
2135.72	97.5711
2134.1	106.967
2132.48	115.87
2130.86	123.569
2129.25	129.654
2127.63	133.874
2126	135.705
2124.38	135.246
2122.76	132.503
2121.14	127.594
2119.52	121.182
2117.9	113.428
2116.27	104.78
2114.65	95.6591
2113.03	86.6231
2111.4	77.9223
2109.78	69.8767
2108.15	62.8223
2106.53	56.9712
2104.9	51.8426
2103.27	47.4986
2101.65	43.9117
2100.02	40.7407
2098.39	37.919
2096.77	35.5115
2095.14	33.4127
2093.51	31.7289
2091.88	30.152
2090.25	28.8026
2088.62	27.5353
2086.99	26.4809
2085.36	25.8094
2083.73	25.4739
2082.1	25.4088
2080.46	25.5754
2078.83	25.9603
2077.2	26.6425
2075.57	27.1585
2073.93	27.5141
2072.3	27.4414
2070.66	27.0646
2069.03	26.4773
2067.4	25.5966
2065.76	24.45
2064.12	22.9439
2062.49	21.2165
2060.85	19.3026
2059.21	17.7101
2057.58	16.5005
2055.94	15.9462
2054.3	15.8591
2052.66	16.3318
2051.02	17.5727
2049.38	19.2969
2047.74	21.4744
2046.1	23.9366
2044.46	26.1272
2042.82	28.1917
2041.18	29.8305
2039.53	30.7448
2037.89	30.8731
2036.25	30.2695
2034.61	29.098
2032.96	27.3937
2031.32	25.1581
2029.67	22.463
2028.03	19.5567
2026.38	16.4859
2024.74	13.808
2023.09	11.5249
2021.44	9.81138
2019.8	8.77306
2018.15	8.30505
2016.5	8.10322
2014.85	8.29076
2013.21	8.67253
2011.56	9.39861
2009.91	10.2257
2008.26	11.0996
2006.61	11.921
2004.96	12.7001
2003.3	13.4767
2001.65	14.2512
2000	14.7083
1998.35	15.0016
1996.7	15.1731
1995.04	15.4522
1993.39	15.7795
1991.74	16.0488
1990.08	16.2863
1988.43	16.4854
1986.77	16.6125
1985.12	16.7333
1983.46	16.9829
1981.8	17.1725
1980.15	17.4853
1978.49	17.9137
1976.83	18.5174
1975.17	19.2428
1973.51	20.3228
1971.86	21.5552
1970.2	22.806
1968.54	24.2399
1966.88	25.4671
1965.22	26.6922
1963.55	27.6215
1961.89	28.0361
1960.23	28.311
1958.57	28.3717
1956.91	28.2101
1955.24	27.7061
1953.58	26.9666
1951.92	26.0486
1950.25	25.2894
1948.59	24.6298
1946.92	24.109
1945.26	23.7021
1943.59	23.4423
1941.92	23.2564
1940.26	22.998
1938.59	22.5566
1936.92	22.0741
1935.25	21.5136
1933.59	20.56
1931.92	19.5096
1930.25	18.3847
1928.58	17.4006
1926.91	16.5044
1925.24	15.6626
1923.57	15.006
1921.9	14.4692
1920.22	14.1886
1918.55	14.3281
1916.88	14.8991
1915.21	15.7238
1913.53	16.8041
1911.86	17.9045
1910.18	19.2266
1908.51	20.1502
1906.83	20.6304
1905.16	20.6567
1903.48	20.3181
1901.81	19.5528
1900.13	18.352
1898.45	16.7641
1896.78	14.8877
1895.1	12.99
1893.42	11.0545
1891.74	9.1444
1890.06	7.43231
1888.38	5.97925
1886.7	4.85812
1885.02	4.24654
1883.34	4.09587
1881.66	4.67543
1879.98	5.61914
1878.3	7.05727
1876.61	8.90613
1874.93	11.1013
1873.25	13.4842
1871.56	15.9617
1869.88	18.2763
1868.19	20.3442
1866.51	22.3053
1864.82	24.0146
1863.14	25.281
1861.45	25.9335
1859.76	26.2583
1858.08	25.8564
1856.39	24.5664
1854.7	22.6171
1853.01	20.3716
1851.32	17.8547
1849.63	15.0295
1847.95	12.037
1846.25	9.19833
1844.56	6.64965
1842.87	4.35922
1841.18	2.51679
1839.49	1.41739
1837.8	0.892552
1836.11	0.842789
1834.41	1.13269
1832.72	1.76083
1831.03	2.26354
1829.33	2.61169
1827.64	2.7399
1825.94	2.93573
1824.25	2.9046
1822.55	2.5453
1820.85	2.05625
1819.16	1.61441
1817.46	1.16606
1815.76	0.776146
1814.06	0.80028
1812.36	1.06189
1810.67	1.70864
1808.97	2.75728
1807.27	4.2408
1805.57	6.10821
1803.87	8.32486
1802.17	10.8083
1800.46	13.2932
1798.76	15.6141
1797.06	17.5954
1795.36	18.7536
1793.65	19.1437
1791.95	18.6411
1790.25	17.5776
1788.54	16.1024
1786.84	14.5963
1785.13	12.9832
1783.43	11.5543
1781.72	10.5085
1780.01	10.0302
1778.31	10.0295
1776.6	10.6143
1774.89	12.2042
1773.18	14.4636
1771.47	17.0477
1769.77	19.8318
1768.06	22.8321
1766.35	25.6723
1764.64	28.3898
1762.92	30.6974
1761.21	32.7071
1759.5	34.3134
1757.79	35.1141
1756.08	35.1611
1754.36	34.6622
1752.65	33.6766
1750.94	32.6482
1749.22	31.6766
1747.51	31.0751
1745.79	30.6943
1744.08	30.569
1742.36	30.8637
1740.65	31.2084
1738.93	31.6786
1737.21	32.0743
1735.49	32.4519
1733.78	32.4784
1732.06	32.0004
1730.34	30.8661
1728.62	29.435
1726.9	27.7878
1725.18	26.2307
1723.46	25.0616
1721.74	24.2727
1720.02	23.942
1718.3	24.143
1716.57	24.7922
1714.85	25.8615
1713.13	27.4396
1711.41	29.6886
1709.68	32.4415
1707.96	35.526
1706.23	38.6748
1704.51	41.9433
1702.78	45.2432
1701.05	48.5193
1699.33	51.4509
1697.6	53.9902
1695.87	56.166
1694.15	58.1166
1692.42	59.66
1690.69	61.0242
1688.96	62.4621
1687.23	64.1598
1685.5	66.1344
1683.77	68.1707
1682.04	70.2259
1680.31	71.9511
1678.58	73.3266
1676.85	74.3516
1675.11	74.9996
1673.38	75.4044
1671.65	75.618
1669.91	75.6245
1668.18	75.2899
1666.44	74.7172
1664.71	74.3815
1662.97	74.2137
1661.24	74.5557
1659.5	75.4229
1657.76	77.1037
1656.03	79.7599
1654.29	82.9268
1652.55	86.5544
1650.81	90.8158
1649.07	95.5996
1647.33	100.781
1645.59	106.266
1643.85	111.763
1642.11	116.802
1640.37	121.033
1638.63	124.317
1636.89	126.611
1635.15	127.838
1633.4	128.117
1631.66	127.748
1629.92	126.955
1628.17	125.976
1626.43	125.201
1624.68	125.106
1622.94	126.052
1621.19	127.901
1619.45	130.461
1617.7	133.911
1615.95	138.144
1614.21	143.159
1612.46	148.617
1610.71	154.272
1608.96	160.066
1607.21	165.715
1605.46	170.715
1603.71	175.028
1601.96	178.318
1600.21	180.81
1598.46	182.643
1596.71	183.736
1594.95	184.383
1593.2	184.707
1591.45	184.515
1589.7	183.996
1587.94	183.026
1586.19	181.661
1584.43	180.227
1582.68	178.684
1580.92	176.865
1579.16	174.966
1577.41	173.179
1575.65	171.194
1573.89	169.145
1572.13	167.098
1570.38	165.329
1568.62	164.125
1566.86	163.467
1565.1	163.073
1563.34	163.264
1561.58	163.635
1559.82	163.946
1558.06	163.951
1556.29	163.614
1554.53	162.595
1552.77	160.794
1551.01	158.125
1549.24	154.653
1547.48	150.81
1545.71	146.701
1543.95	142.467
1542.18	138.276
1540.42	134.3
1538.65	130.546
1536.89	127.27
1535.12	124.966
1533.35	123.539
1531.58	122.846
1529.82	123.063
1528.05	123.874
1526.28	125.249
1524.51	126.743
1522.74	128.069
1520.97	129.455
1519.2	130.802
1517.42	131.901
1515.65	132.728
1513.88	133.134
1512.11	133.264
1510.33	132.886
1508.56	131.663
1506.79	129.82
1505.01	127.701
1503.24	125.232
1501.46	122.664
1499.69	120.195
1497.91	117.961
1496.13	116.172
1494.36	114.787
1492.58	114.065
1490.8	114.164
1489.02	115.452
1487.24	117.733
1485.46	121.049
1483.68	125.22
1481.9	130.122
1480.12	135.613
1478.34	141.511
1476.56	147.273
1474.78	152.855
1473	157.934
1471.21	162.202
1469.43	165.651
1467.65	168.188
1465.86	170.141
1464.08	171.769
1462.29	172.935
1460.51	173.714
1458.72	174.483
1456.93	175.462
1455.15	176.801
1453.36	178.472
1451.57	180.934
1449.79	183.753
1448	186.735
1446.21	189.802
1444.42	192.635
1442.63	194.911
1440.84	196.789
1439.05	198.186
1437.26	199.423
1435.46	200.29
1433.67	200.494
1431.88	200.262
1430.09	199.671
1428.29	198.534
1426.5	196.88
1424.71	195.029
1422.91	193.16
1421.12	191.292
1419.32	189.437
1417.52	187.782
1415.73	186.553
1413.93	185.541
1412.13	184.774
1410.34	184.309
1408.54	184.222
1406.74	184.485
1404.94	184.747
1403.14	185.268
1401.34	185.806
1399.54	186.578
1397.74	187.682
1395.94	189.136
1394.14	190.711
1392.33	192.336
1390.53	193.799
1388.73	194.956
1386.92	195.871
1385.12	196.634
1383.32	197.257
1381.51	197.87
1379.7	198.622
1377.9	199.286
1376.09	200.602
1374.29	202.977
1372.48	206.497
1370.67	211.371
1368.86	217.601
1367.05	225.028
1365.25	233.516
1363.44	242.622
1361.63	252.482
1359.82	262.742
1358.01	273.084
1356.19	283.325
1354.38	292.951
1352.57	301.405
1350.76	308.392
1348.95	313.574
1347.13	316.99
1345.32	318.391
1343.5	317.872
1341.69	315.443
1339.87	311.632
1338.06	306.277
1336.24	300.045
1334.43	293.249
1332.61	286.043
1330.79	278.87
1328.97	271.724
1327.16	264.956
1325.34	258.695
1323.52	252.843
1321.7	247.356
1319.88	241.821
1318.06	236.566
1316.24	231.77
1314.41	227.294
1312.59	223.28
1310.77	219.638
1308.95	216.282
1307.12	213.4
1305.3	211.082
1303.48	209.406
1301.65	208.314
1299.83	207.855
1298	207.741
1296.18	208.219
1294.35	209.376
1292.52	211.099
1290.69	213.417
1288.87	216.197
1287.04	218.753
1285.21	220.989
1283.38	222.592
1281.55	223.229
1279.72	222.851
1277.89	221.261
1276.06	218.431
1274.23	214.402
1272.4	209.376
1270.57	203.455
1268.73	196.927
1266.9	190.151
1265.07	183.554
1263.23	177.284
1261.4	171.704
1259.56	167.048
1257.73	163.641
1255.89	161.419
1254.06	160.155
1252.22	160.127
1250.38	160.535
1248.54	161.564
1246.71	162.713
1244.87	164.2
1243.03	165.297
1241.19	165.732
1239.35	165.62
1237.51	164.545
1235.67	162.68
1233.83	160.214
1231.98	157.458
1230.14	154.807
1228.3	151.817
1226.46	149.185
1224.61	147.214
1222.77	145.882
1220.92	145.175
1219.08	144.962
1217.23	144.993
1215.39	144.923
1213.54	144.713
1211.7	144.263
1209.85	143.53
1208	142.479
1206.15	140.977
1204.3	139.129
1202.45	137.067
1200.61	134.84
1198.76	132.468
1196.91	130.417
1195.05	128.556
1193.2	126.946
1191.35	125.649
1189.5	124.552
1187.65	123.812
1185.79	123.16
1183.94	122.433
1182.09	121.656
1180.23	120.881
1178.38	119.626
1176.52	117.936
1174.67	116.064
1172.81	113.891
1170.95	111.409
1169.1	108.95
1167.24	106.318
1165.38	104.126
1163.52	102.42
1161.66	101.451
1159.8	101.547
1157.94	102.254
1156.08	103.569
1154.22	105.34
1152.36	107.463
1150.5	109.349
1148.64	110.688
1146.77	111.558
1144.91	111.63
1143.05	110.872
1141.18	109.449
1139.32	107.529
1137.45	105.448
1135.59	102.969
1133.72	100.537
1131.86	98.4037
1129.99	96.7909
1128.12	95.9483
1126.25	95.9816
1124.39	96.9818
1122.52	98.6561
1120.65	101.015
1118.78	103.72
1116.91	106.733
1115.04	109.463
1113.17	111.809
1111.3	113.338
1109.42	113.579
1107.55	112.335
1105.68	109.379
1103.81	105.239
1101.93	100.096
1100.06	94.3479
1098.18	88.4143
1096.31	82.6246
1094.43	77.4162
1092.56	73.1788
1090.68	69.8537
1088.8	68.1222
1086.93	67.9079
1085.05	68.7072
1083.17	70.172
1081.29	72.4393
1079.41	74.9495
1077.53	77.5877
1075.65	80.2004
1073.77	82.077
1071.89	83.2895
1070.01	83.6637
1068.13	83.3359
1066.24	82.1036
1064.36	80.3137
1062.48	78.0564
1060.59	75.5512
1058.71	72.9378
1056.83	70.3812
1054.94	68.0073
1053.05	66.189
1051.17	64.8101
1049.28	63.9449
1047.39	63.5059
1045.51	63.4928
1043.62	63.7749
1041.73	64.233
1039.84	64.4651
1037.95	64.3642
1036.06	64.0966
1034.17	63.5515
1032.28	62.9412
1030.39	62.0887
1028.5	61.133
1026.61	60.2643
1024.71	59.5049
1022.82	58.9245
1020.93	58.2981
1019.03	58.0599
1017.14	58.3511
1015.24	58.9441
1013.35	59.6664
1011.45	60.163
1009.56	60.5453
1007.66	60.8247
1005.76	61.2144
1003.86	61.5437
1001.97	61.9452
1000.07	62.2033
998.167	62.3586
996.268	62.0312
994.368	61.7616
992.466	61.5951
990.565	61.4957
988.664	61.0798
986.762	60.9286
984.86	61.013
982.957	61.6805
981.053	62.7562
979.15	64.0715
977.245	65.634
975.34	67.1919
973.435	68.814
971.53	69.9851
969.624	70.8825
967.717	71.3982
965.809	71.5087
963.902	71.3191
961.994	70.8415
960.086	70.3585
958.177	69.8116
956.267	69.2684
954.357	68.7822
952.447	68.1873
950.536	67.7755
948.625	67.5358
946.713	67.6779
944.8	67.9546
942.888	68.4308
940.974	69.4373
939.061	70.7974
937.147	72.8034
935.233	74.9261
933.317	76.9544
931.402	78.8094
929.485	80.3134
927.569	81.3251
925.652	81.3454
923.735	80.3119
921.817	78.6547
919.899	76.4907
917.98	73.8883
916.061	70.8952
914.141	67.6447
912.22	64.5064
910.3	61.9449
908.378	59.6141
906.456	58.0764
904.534	57.5308
902.612	57.9279
900.689	59.0101
898.766	61.2948
896.841	64.8632
894.916	69.3062
892.991	74.0303
891.066	78.8977
889.14	83.6818
887.214	88.4279
885.287	92.563
883.36	95.823
881.432	98.2035
879.504	99.6529
877.575	100.566
875.646	101.115
873.716	101.385
871.786	101.383
869.855	100.998
867.924	100.446
865.992	99.5338
864.06	98.5203
862.128	96.9042
860.194	94.9681
858.261	92.8217
856.327	90.4724
854.393	88.1459
852.458	85.8244
850.522	83.6861
848.586	81.6553
846.65	79.6539
844.714	77.7618
842.776	75.4301
840.838	73.0879
838.901	70.5855
836.961	67.4682
835.023	64.0454
833.082	60.3222
831.142	56.66
829.202	52.8667
827.261	49.0145
825.319	45.6695
823.377	42.9117
821.434	40.7645
819.491	38.9384
817.548	37.4597
815.604	36.6039
813.66	36.3718
811.715	36.3019
809.769	36.6749
807.823	37.3265
805.878	37.936
803.93	37.7512
801.983	37.0989
800.035	36.1549
798.087	34.5892
796.139	32.4766
794.189	29.7237
792.24	26.5713
790.289	23.6664
788.339	21.1806
786.387	19.0278
784.436	17.2111
782.484	15.9677
780.532	15.2817
778.578	15.459
776.624	16.4602
774.671	18.0131
772.716	19.9655
770.762	22.3537
768.806	25.0305
766.85	28.267
764.893	31.5176
762.937	34.8007
760.979	38.1481
759.022	41.6159
757.064	45.0544
755.105	47.9914
753.145	50.4705
751.185	52.1147
749.226	52.8592
747.264	53.0063
745.303	52.0463
743.341	50.6289
741.38	48.8392
739.417	46.2603
737.454	43.5018
735.49	40.7309
733.526	38.2164
731.562	35.6852
729.596	33.4388
727.631	31.7118
725.665	30.5554
723.699	30.2101
721.732	30.0175
719.764	29.9737
717.797	30.1573
715.828	29.9187
713.859	29.2081
711.889	28.3459
709.919	27.2233
707.949	26.4508
705.978	25.7777
704.007	25.6888
702.035	26.3055
700.063	27.7309
698.091	30.061
696.117	32.9523
694.143	36.3335
692.169	40.6646
690.194	45.7867
688.219	51.276
686.244	56.5457
684.267	61.5941
682.291	66.075
680.314	69.3536
678.336	71.5987
676.358	72.4156
674.379	71.8579
672.4	69.7712
670.421	66.5598
668.441	62.5532
666.46	57.8245
664.479	52.6078
662.497	47.275
660.516	42.3014
658.533	38.0851
656.55	34.6151
654.567	32.3586
652.583	31.1666
650.598	30.5456
648.614	30.4366
646.628	30.2482
644.643	30.2995
642.656	30.3826
640.669	29.9796
638.682	29.3428
636.694	28.487
634.706	27.6016
632.717	26.3406
630.728	25.2
628.738	24.0149
626.748	22.7445
624.757	21.691
622.766	20.5195
620.774	19.2936
618.782	18.3146
616.789	17.2621
614.796	16.1087
612.802	14.7645
610.808	12.9208
608.814	10.7669
606.818	8.16704
604.822	5.65977
602.827	3.15606
600.83	1.44361
598.833	0.725165
596.836	0.822241
594.838	1.89764
592.839	4.2935
590.84	7.9375
588.841	12.5866
586.84	17.4841
584.84	22.3927
582.838	27.4729
580.838	31.5175
578.835	34.8231
576.833	36.7059
574.83	37.2652
572.827	36.0737
570.822	33.7676
568.818	30.5321
566.813	26.8394
564.808	23.1449
562.802	19.8512
560.795	17.313
558.788	15.8411
556.781	15.3592
554.773	16.0577
552.765	17.9208
550.756	20.3718
548.747	23.1155
546.737	25.6843
544.726	27.8195
542.716	29.2905
540.704	29.9069
538.692	29.6554
536.68	28.545
534.667	26.7906
532.654	24.2463
530.64	21.6165
528.626	19.1315
526.611	17.1936
524.596	16.1245
522.58	16.0879
520.564	17.031
518.547	18.6821
516.529	21.0273
514.512	23.8443
512.494	26.8675
510.476	30.0023
508.456	32.6996
506.436	34.635
504.416	35.649
502.395	35.3284
500.374	33.8288
498.353	31.3335
496.33	27.7922
494.307	23.5352
492.284	18.648
490.261	13.8141
488.237	9.60074
486.212	6.05055
484.187	2.93963
482.161	1.00046
480.134	-0.0403415
478.108	0.156432
476.081	0.714627
474.054	1.96073
472.025	3.38104
469.997	4.92736
467.968	6.47367
465.938	7.94613
463.908	9.26282
461.877	10.0466
459.846	10.032
457.814	9.26845
455.782	7.82809
453.75	6.08429
451.716	4.20576
449.683	2.42734
447.649	1.12539
445.614	0.405861
443.579	-0.0419876
441.543	-0.258668
439.508	0.000582089
437.47	0.422919
435.433	1.22173
433.396	2.3608
431.358	3.48322
429.319	4.64632
427.28	5.54706
425.241	6.2202
423.201	6.45191
421.16	6.78965
419.118	7.39235
417.077	8.00859
415.035	8.86311
412.993	9.85597
410.949	11.1377
408.905	12.977
406.862	15.3418
404.816	18.4181
402.771	21.7543
400.727	25.4551
398.68	29.0961
396.633	32.9429
394.586	36.7664
392.539	40.3192
390.491	43.3386
388.442	45.7725
386.393	47.7333
384.344	49.2891
382.293	49.7349
380.242	49.4863
378.192	48.8276
376.14	48.347
374.088	47.5256
372.035	46.9858
369.982	46.5307
367.928	45.9444
365.874	45.2456
363.82	44.6164
361.765	44.2514
359.709	44.1597
357.653	44.3874
355.596	45.1718
353.539	46.4563
351.481	47.9537
349.423	49.4823
347.364	50.9644
345.305	52.8793
343.245	55.0263
341.185	57.6019
339.125	60.586
337.063	64.3132
335.001	68.5762
332.94	73.8467
330.876	80.371
328.813	88.4948
326.749	98.4389
324.685	110.257
322.621	123.848
320.555	138.726
318.489	155.288
316.423	173.495
314.356	192.83
312.29	213.329
310.221	234.468
308.153	255.816
306.084	276.481
304.015	296.121
301.946	314.484
299.875	330.453
297.804	343.808
295.733	354.141
293.661	361.556
291.588	365.921
289.516	366.927
287.443	365.35
285.369	361.487
283.295	356.021
281.22	349.698
279.144	342.904
277.068	336.344
274.992	330.563
272.915	326.1
270.837	323.303
268.76	322.428
266.681	323.55
264.602	326.793
262.523	332.25
260.443	339.817
258.362	349.518
256.282	360.451
254.2	372.461
252.118	385.382
250.036	398.8
247.952	412.062
245.869	425.001
243.784	437.252
241.7	449.071
239.616	460.072
237.53	470.792
235.443	481.223
233.357	491.179
231.27	500.241
229.182	508.091
227.094	514.507
225.005	519.659
222.916	523.584
220.827	526.385
218.737	528.32
216.646	529.426
214.555	530.537
212.462	532.083
210.37	533.881
208.278	536.287
206.185	539.588
204.091	543.835
201.997	548.664
199.902	554.484
197.807	561.697
195.711	570.07
193.615	579.461
191.517	589.928
189.42	601.553
187.322	614.164
185.224	627.223
183.125	641.303
181.025	656.623
178.926	673.429
176.825	691.901
174.724	712.391
172.623	735.542
170.521	762.113
168.418	793.186
166.315	828.944
164.212	870.174
162.108	917.013
160.003	969.578
157.898	1028.42
155.793	1093.38
153.686	1165.66
151.58	1243.94
149.473	1327.15
147.365	1411.96
145.257	1499.15
143.148	1587.63
141.039	1676.5
138.929	1764.36
136.819	1850.05
134.709	1932.21
132.597	2010.4
130.485	2084.53
128.373	2154.95
126.26	2222.79
124.147	2289.83
122.033	2358.62
119.919	2431.6
117.804	2511.09
115.688	2599.44
113.573	2698.69
111.456	2810.13
109.339	2932.51
107.222	3061.83
105.103	3190.69
102.985	3309.32
100.866	3410.25
98.7467	3491.24
96.6262	3565.36
