3502.52	1.52576
3501.25	3.0639
3499.98	5.26953
3498.71	7.0808
3497.44	7.64366
3496.17	7.76618
3494.9	6.03334
3493.62	2.91701
3492.35	-0.154218
3491.08	-2.45466
3489.8	-2.5509
3488.53	-1.84716
3487.26	-0.669805
3485.98	0.668369
3484.71	-0.00929352
3483.43	-1.45301
3482.16	-2.96389
3480.88	-4.98912
3479.6	-6.20187
3478.33	-7.81432
3477.05	-8.75835
3475.77	-8.63654
3474.5	-8.82483
3473.22	-8.14662
3471.94	-6.08438
3470.66	-5.12675
3469.38	-4.42291
3468.1	-4.35187
3466.82	-3.90193
3465.54	-2.5945
3464.26	-2.25503
3462.98	-2.64995
3461.7	-3.18447
3460.42	-5.07538
3459.14	-7.67378
3457.86	-10.2312
3456.57	-11.5952
3455.29	-11.2457
3454.01	-9.99265
3452.73	-8.21455
3451.44	-5.44363
3450.16	-2.92359
3448.87	-2.11922
3447.59	-2.21723
3446.3	-2.33091
3445.02	-2.71418
3443.73	-2.46953
3442.45	-2.50861
3441.16	-2.44824
3439.88	-3.48481
3438.59	-6.44774
3437.3	-9.12947
3436.01	-9.02253
3434.73	-7.97509
3433.44	-4.80345
3432.15	-2.13904
3430.86	-0.234149
3429.57	0.00447483
3428.28	-1.51591
3426.99	-2.7358
3425.7	-1.58294
3424.41	-0.186653
3423.12	2.40751
3421.83	4.11474
3420.54	4.50562
3419.24	1.95991
3417.95	-2.59282
3416.66	-8.33963
3415.37	-12.3486
3414.07	-14.1323
3412.78	-12.0005
3411.48	-6.92844
3410.19	-1.39072
3408.9	2.24065
3407.6	3.31702
3406.31	1.30431
3405.01	-0.757832
3403.72	-2.28862
3402.42	-2.04224
3401.12	-0.952611
3399.82	-1.88658
3398.53	-3.41176
3397.23	-5.78361
3395.93	-7.65028
3394.63	-8.12825
3393.33	-5.84407
3392.04	-1.04018
3390.74	3.67816
3389.44	5.91012
3388.14	7.75615
3386.84	9.00297
3385.53	9.3757
3384.23	7.75582
3382.93	7.83273
3381.63	8.16972
3380.33	6.92595
3379.03	4.85344
3377.72	4.02506
3376.42	4.88094
3375.12	5.51031
3373.81	5.39981
3372.51	6.13173
3371.2	4.29571
3369.9	-0.0963826
3368.59	-4.38147
3367.29	-6.9129
3365.98	-7.37219
3364.68	-6.18737
3363.37	-3.36933
3362.06	0.278153
3360.76	1.90047
3359.45	3.17912
3358.14	4.84128
3356.83	5.29323
3355.52	4.69123
3354.22	3.50975
3352.91	1.81945
3351.6	-0.276133
3350.29	-3.31515
3348.98	-5.87287
3347.67	-6.13723
3346.36	-5.61519
3345.04	-3.42395
3343.73	-0.200686
3342.42	4.38982
3341.11	7.91543
3339.8	8.64416
3338.48	7.18207
3337.17	5.94061
3335.86	4.40543
3334.54	2.78262
3333.23	0.683797
3331.91	0.493221
3330.6	-0.422187
3329.28	-1.82382
3327.97	-2.69465
3326.65	-2.9959
3325.34	-1.94207
3324.02	-0.419568
3322.7	0.587721
3321.38	1.93046
3320.07	3.4916
3318.75	5.14074
3317.43	5.59923
3316.11	5.1713
3314.79	5.58966
3313.47	7.27776
3312.15	7.34921
3310.83	5.70963
3309.51	4.82328
3308.19	3.42234
3306.87	0.951079
3305.55	-1.22678
3304.23	-0.759309
3302.9	2.05738
3301.58	3.99319
3300.26	4.55363
3298.94	5.05702
3297.61	4.83058
3296.29	3.90854
3294.96	2.96938
3293.64	3.5896
3292.31	4.18415
3290.99	4.36522
3289.66	3.27038
3288.34	3.10589
3287.01	3.47054
3285.68	4.74965
3284.36	7.46742
3283.03	9.60636
3281.7	10.754
3280.37	10.4394
3279.05	8.05241
3277.72	5.80276
3276.39	2.33308
3275.06	0.364491
3273.73	0.462066
3272.4	0.576785
3271.07	2.44793
3269.74	4.82516
3268.41	6.82549
3267.08	8.05411
3265.74	6.9678
3264.41	4.92216
3263.08	2.7647
3261.75	-0.599461
3260.41	-2.77967
3259.08	-4.29377
3257.75	-4.75077
3256.41	-4.63498
3255.08	-3.98786
3253.74	-3.30273
3252.41	-0.667002
3251.07	2.25077
3249.74	5.62788
3248.4	7.41388
3247.06	7.40466
3245.73	5.30986
3244.39	2.1946
3243.05	-0.604104
3241.71	-0.896541
3240.37	1.06199
3239.04	4.71872
3237.7	8.91296
3236.36	11.9131
3235.02	13.7614
3233.68	14.0794
3232.34	13.7351
3231	12.225
3229.66	9.82068
3228.31	7.9969
3226.97	6.82169
3225.63	5.2538
3224.29	5.03482
3222.94	5.53934
3221.6	6.73206
3220.26	7.30577
3218.91	6.53273
3217.57	5.48129
3216.23	4.02697
3214.88	1.95055
3213.53	1.13272
3212.19	2.12132
3210.84	4.04197
3209.5	5.69865
3208.15	5.77523
3206.8	5.54441
3205.46	4.88257
3204.11	4.85348
3202.76	6.08424
3201.41	9.0782
3200.06	11.584
3198.71	12.8159
3197.36	11.7643
3196.01	10.234
3194.66	7.09051
3193.31	5.22917
3191.96	4.88064
3190.61	5.83477
3189.26	6.39083
3187.91	5.46101
3186.56	3.49001
3185.2	0.920507
3183.85	-2.04737
3182.5	-3.34299
3181.14	-2.46875
3179.79	-0.53173
3178.44	1.56375
3177.08	1.58054
3175.73	1.28198
3174.37	0.826383
3173.01	0.608984
3171.66	1.78516
3170.3	4.08552
3168.95	6.55771
3167.59	8.00271
3166.23	7.00283
3164.87	4.71043
3163.51	2.71618
3162.16	-0.676596
3160.8	-1.75174
3159.44	-2.21308
3158.08	-1.6805
3156.72	-0.629761
3155.36	0.265381
3154	-0.17757
3152.64	-0.689626
3151.28	-2.4175
3149.91	-2.88982
3148.55	-4.5115
3147.19	-5.1982
3145.83	-3.96734
3144.46	-3.13628
3143.1	-3.06343
3141.74	-2.88571
3140.37	-2.38159
3139.01	-1.52248
3137.64	-0.899686
3136.28	0.208374
3134.91	2.49613
3133.55	2.34625
3132.18	1.58023
3130.81	1.34848
3129.45	2.25096
3128.08	4.40411
3126.71	7.583
3125.34	10.383
3123.98	13.0036
3122.61	12.4078
3121.24	10.9138
3119.87	9.64087
3118.5	8.81111
3117.13	8.87611
3115.76	8.53928
3114.39	7.666
3113.02	6.07674
3111.64	3.2272
3110.27	0.699102
3108.9	-0.393116
3107.53	0.530184
3106.15	4.17051
3104.78	7.01031
3103.41	9.51164
3102.03	9.94644
3100.66	8.17593
3099.29	4.76398
3097.91	1.37564
3096.53	-1.94392
3095.16	-3.3685
3093.78	-4.08079
3092.41	-3.61145
3091.03	-2.97603
3089.65	-2.66433
3088.27	-2.43736
3086.9	-2.33207
3085.52	-3.3422
3084.14	-4.20079
3082.76	-4.6743
3081.38	-5.15908
3080	-5.3388
3078.62	-5.12029
3077.24	-3.5096
3075.86	-1.49849
3074.48	-0.309936
3073.1	0.0257651
3071.72	-0.10388
3070.33	-0.312014
3068.95	-0.655255
3067.57	0.390923
3066.19	2.28981
3064.8	3.29779
3063.42	2.0611
3062.03	0.260978
3060.65	-0.922654
3059.26	-1.05033
3057.88	0.474211
3056.49	4.38858
3055.11	7.30207
3053.72	8.46278
3052.33	7.39179
3050.95	5.6719
3049.56	4.85539
3048.17	3.62041
3046.78	3.30603
3045.4	2.35491
3044.01	0.668479
3042.62	-1.47976
3041.23	-3.42129
3039.84	-4.67191
3038.45	-3.43225
3037.06	-2.50448
3035.67	-0.951365
3034.28	-0.985372
3032.88	0.728021
3031.49	3.08468
3030.1	5.89671
3028.71	8.25371
3027.31	10.3475
3025.92	10.8241
3024.52	9.87507
3023.13	6.44481
3021.74	3.52463
3020.34	1.09107
3018.95	-1.13235
3017.55	-3.12797
3016.16	-3.59376
3014.76	-1.79637
3013.36	0.87149
3011.96	3.33071
3010.57	4.98975
3009.17	5.87225
3007.77	5.81211
3006.37	4.39384
3004.97	4.00167
3003.57	4.71838
3002.17	5.08348
3000.77	5.07975
2999.37	4.18319
2997.97	3.69119
2996.57	3.93537
2995.17	3.37933
2993.77	3.1137
2992.37	2.29239
2990.97	0.728927
2989.56	-0.719284
2988.16	-2.01125
2986.76	-1.5241
2985.35	0.301254
2983.95	1.99388
2982.54	2.74707
2981.14	3.85996
2979.73	5.57235
2978.33	8.25498
2976.92	10.8227
2975.51	13.278
2974.11	14.7784
2972.7	15.5096
2971.29	13.4183
2969.89	12.8164
2968.48	13.019
2967.07	14.3648
2965.66	15.4435
2964.25	14.5942
2962.84	13.1269
2961.43	12.6811
2960.02	9.51208
2958.61	8.95136
2957.2	9.31716
2955.79	10.8789
2954.38	11.8106
2952.96	9.50605
2951.55	6.65408
2950.14	4.45381
2948.73	0.979852
2947.31	1.5671
2945.9	4.6793
2944.48	10.3776
2943.07	16.44
2941.65	20.5947
2940.24	23.0365
2938.82	24.1366
2937.41	23.6222
2935.99	23.5787
2934.57	22.2514
2933.16	19.7693
2931.74	17.041
2930.32	14.0498
2928.9	10.8542
2927.48	7.87661
2926.06	6.26846
2924.64	5.80172
2923.22	5.83532
2921.8	6.74637
2920.38	10.1404
2918.96	13.8672
2917.54	16.8705
2916.12	17.437
2914.7	17.6442
2913.28	16.7538
2911.85	15.2942
2910.43	14.0197
2909.01	13.8025
2907.58	13.4477
2906.16	13.1503
2904.74	12.1899
2903.31	12.0925
2901.88	12.3267
2900.46	11.5829
2899.03	11.6737
2897.61	12.5905
2896.18	13.4524
2894.75	15.0524
2893.33	16.4757
2891.9	15.6893
2890.47	13.035
2889.04	8.71186
2887.61	7.06648
2886.18	5.68469
2884.75	4.5768
2883.32	7.22548
2881.89	11.115
2880.46	12.705
2879.03	13.3291
2877.6	12.7188
2876.17	11.9432
2874.74	8.5535
2873.3	5.19998
2871.87	5.0087
2870.44	6.36898
2869.01	8.90219
2867.57	12.0762
2866.14	14.0627
2864.7	15.7717
2863.27	17.4205
2861.83	18.7173
2860.4	19.2217
2858.96	19.8729
2857.52	19.7442
2856.09	16.8844
2854.65	12.6347
2853.21	9.84482
2851.77	8.81552
2850.34	7.97306
2848.9	7.89145
2847.46	9.62771
2846.02	10.2714
2844.58	10.2232
2843.14	10.6821
2841.7	12.1166
2840.26	13.7185
2838.82	13.2209
2837.37	12.4303
2835.93	10.3361
2834.49	6.68167
2833.05	3.95884
2831.6	1.803
2830.16	0.730432
2828.72	0.965092
2827.27	0.592075
2825.83	1.01151
2824.38	0.369903
2822.94	-0.62867
2821.49	-1.59605
2820.05	-3.51567
2818.6	-5.12488
2817.15	-5.27159
2815.71	-4.42358
2814.26	-1.89431
2812.81	0.568173
2811.36	3.28703
2809.91	5.52726
2808.47	6.57159
2807.02	6.66857
2805.57	6.12368
2804.12	5.59164
2802.67	4.57418
2801.22	2.26139
2799.76	1.04185
2798.31	0.000176352
2796.86	-0.742985
2795.41	-1.70508
2793.96	-2.62352
2792.5	-3.2463
2791.05	-4.83188
2789.6	-5.91304
2788.14	-4.90256
2786.69	-2.90224
2785.23	0.172783
2783.78	3.93275
2782.32	7.4448
2780.86	9.72495
2779.41	9.78117
2777.95	9.24884
2776.5	7.8453
2775.04	6.29846
2773.58	4.11871
2772.12	3.82666
2770.66	4.02516
2769.2	5.05993
2767.74	5.54239
2766.29	6.46143
2764.83	6.63741
2763.36	6.40545
2761.9	4.94085
2760.44	4.61221
2758.98	4.71166
2757.52	5.84373
2756.06	6.00244
2754.59	5.75525
2753.13	4.14057
2751.67	1.25679
2750.2	-1.48608
2748.74	-3.28128
2747.28	-2.70388
2745.81	-0.0151566
2744.35	3.36826
2742.88	7.04009
2741.41	10.0003
2739.95	12.4551
2738.48	14.4042
2737.01	14.8
2735.55	14.3148
2734.08	12.6963
2732.61	10.106
2731.14	7.4581
2729.67	5.04451
2728.2	3.81987
2726.73	2.76241
2725.26	2.06071
2723.79	1.74183
2722.32	1.06082
2720.85	0.194202
2719.38	-0.352956
2717.91	-1.12077
2716.44	-1.10541
2714.96	-0.423848
2713.49	1.61157
2712.02	4.02697
2710.54	5.89528
2709.07	5.88552
2707.59	4.36287
2706.12	2.75283
2704.64	2.79925
2703.17	3.17573
2701.69	3.981
2700.22	4.63814
2698.74	4.50935
2697.26	1.9074
2695.78	-1.7688
2694.31	-3.19167
2692.83	-2.41906
2691.35	-0.992305
2689.87	1.03025
2688.39	3.32444
2686.91	5.37896
2685.43	5.42135
2683.95	3.89973
2682.47	3.5945
2680.99	3.63539
2679.51	4.65268
2678.03	6.09198
2676.54	6.87648
2675.06	6.63709
2673.58	3.39038
2672.09	-1.19472
2670.61	-4.50194
2669.13	-5.65589
2667.64	-3.96594
2666.16	-0.556637
2664.67	2.62526
2663.18	4.48271
2661.7	4.23865
2660.21	2.91042
2658.72	1.57443
2657.24	1.62062
2655.75	1.57558
2654.26	0.885267
2652.77	0.696285
2651.28	1.29734
2649.8	3.14798
2648.31	4.68703
2646.82	5.89076
2645.33	7.52622
2643.84	6.21287
2642.34	3.57335
2640.85	3.39121
2639.36	6.6329
2637.87	11.2248
2636.38	14.1116
2634.88	15.403
2633.39	14.3232
2631.9	8.81963
2630.4	2.10081
2628.91	-2.62384
2627.41	-3.61307
2625.92	-2.63411
2624.42	-0.977636
2622.93	2.66072
2621.43	6.49202
2619.93	8.1454
2618.44	7.94416
2616.94	6.06188
2615.44	3.54077
2613.94	0.765357
2612.44	-2.10675
2610.95	-2.41576
2609.45	-1.7271
2607.95	-1.41074
2606.45	-0.125489
2604.95	1.63802
2603.44	3.2287
2601.94	5.35065
2600.44	7.32892
2598.94	9.36799
2597.44	9.72186
2595.93	8.80853
2594.43	7.72664
2592.93	5.34147
2591.42	1.07546
2589.92	-1.50268
2588.42	-2.85648
2586.91	-2.03296
2585.4	1.10609
2583.9	6.55939
2582.39	12.8643
2580.89	17.0629
2579.38	18.0672
2577.87	18.4228
2576.36	17.037
2574.86	14.5911
2573.35	11.572
2571.84	9.50395
2570.33	6.96697
2568.82	3.07598
2567.31	-1.33948
2565.8	-3.91682
2564.29	-4.37592
2562.78	-3.73536
2561.27	-2.07955
2559.75	1.29669
2558.24	3.69745
2556.73	4.18975
2555.22	3.28227
2553.7	2.71355
2552.19	2.00304
2550.68	0.577839
2549.16	-1.55545
2547.65	-3.15596
2546.13	-4.32034
2544.61	-4.8498
2543.1	-3.3978
2541.58	0.442008
2540.07	4.15588
2538.55	7.16744
2537.03	8.6552
2535.51	8.96797
2533.99	8.47558
2532.48	7.86741
2530.96	8.48289
2529.44	8.82204
2527.92	8.64172
2526.4	7.5358
2524.88	5.90236
2523.36	2.96961
2521.83	-0.320423
2520.31	-1.69748
2518.79	-0.17641
2517.27	0.950706
2515.74	4.17888
2514.22	7.37627
2512.7	9.95671
2511.17	8.88203
2509.65	6.64203
2508.12	5.21116
2506.6	4.24261
2505.07	1.63108
2503.55	2.73011
2502.02	5.80047
2500.49	8.50783
2498.97	8.57867
2497.44	9.01038
2495.91	8.25602
2494.38	5.23866
2492.85	0.702733
2491.32	-0.762311
2489.8	-0.513192
2488.27	-0.331771
2486.74	-0.663541
2485.2	0.253029
2483.67	1.06586
2482.14	0.460969
2480.61	-0.708991
2479.08	-0.844326
2477.55	0.1074
2476.01	0.183379
2474.48	-0.00186808
2472.95	1.01306
2471.41	2.4974
2469.88	1.93461
2468.34	0.396762
2466.81	-1.25436
2465.27	-2.31814
2463.74	-5.62207
2462.2	-7.69804
2460.66	-7.01296
2459.12	-5.24916
2457.59	-3.71689
2456.05	-0.397128
2454.51	3.58017
2452.97	6.65819
2451.43	6.27111
2449.89	5.87143
2448.35	4.91618
2446.81	2.23718
2445.27	-0.42545
2443.73	-1.18229
2442.19	-1.84067
2440.65	-1.92399
2439.11	-0.791368
2437.56	1.68799
2436.02	3.11888
2434.48	3.6764
2432.93	4.38684
2431.39	4.66848
2429.84	3.6006
2428.3	4.08083
2426.75	6.44069
2425.21	8.66003
2423.66	10.517
2422.12	12.0239
2420.57	12.496
2419.02	12.8294
2417.47	12.694
2415.93	12.562
2414.38	13.2161
2412.83	13.3158
2411.28	13.923
2409.73	11.9515
2408.18	8.10842
2406.63	5.50972
2405.08	3.01807
2403.53	0.545807
2401.98	1.35122
2400.42	3.48307
2398.87	6.97712
2397.32	7.75342
2395.77	7.72053
2394.21	8.70057
2392.66	8.21999
2391.1	7.55038
2389.55	8.17825
2387.99	9.80301
2386.44	11.7366
2384.88	13.3691
2383.33	14.4915
2381.77	14.2373
2380.21	9.86581
2378.66	3.95724
2377.1	-3.20559
2375.54	-8.39317
2373.98	-11.1315
2372.42	-9.90562
2370.86	-6.59986
2369.3	-3.09388
2367.74	-0.537917
2366.18	1.81888
2364.62	2.61194
2363.06	3.5024
2361.5	4.93252
2359.94	5.22381
2358.37	4.57965
2356.81	3.65771
2355.25	3.23253
2353.68	3.68251
2352.12	4.01878
2350.56	5.90545
2348.99	9.7662
2347.43	10.8314
2345.86	11.3448
2344.29	11.8899
2342.73	11.1877
2341.16	9.13408
2339.59	5.7981
2338.03	4.62507
2336.46	6.31221
2334.89	8.57159
2333.32	13.9828
2331.75	19.5662
2330.18	22.7809
2328.61	21.8652
2327.04	16.9608
2325.47	11.3745
2323.9	4.76152
2322.33	-0.871992
2320.76	-1.80569
2319.18	-0.100502
2317.61	4.70371
2316.04	9.28161
2314.47	12.7664
2312.89	14.3763
2311.32	11.0495
2309.74	4.82392
2308.17	0.51519
2306.59	-2.56585
2305.02	-1.55846
2303.44	1.16863
2301.86	4.73985
2300.29	6.02684
2298.71	4.66201
2297.13	0.114338
2295.55	-4.24668
2293.97	-8.23288
2292.4	-7.84776
2290.82	-3.23538
2289.24	3.35308
2287.66	8.96
2286.08	13.2671
2284.49	12.6925
2282.91	8.14177
2281.33	0.851798
2279.75	-5.01265
2278.17	-7.33067
2276.58	-7.64748
2275	-5.93653
2273.42	-2.12216
2271.83	1.06145
2270.25	2.38697
2268.66	2.92832
2267.08	4.50501
2265.49	6.96419
2263.91	8.86235
2262.32	9.90822
2260.73	10.6853
2259.14	9.48555
2257.56	6.64517
2255.97	4.91082
2254.38	4.65399
2252.79	5.72085
2251.2	8.07379
2249.61	10.2085
2248.02	11.7859
2246.43	10.7103
2244.84	8.26113
2243.25	5.59327
2241.66	2.37934
2240.07	0.587025
2238.47	0.634758
2236.88	2.42873
2235.29	4.64693
2233.69	5.33227
2232.1	4.9358
2230.5	3.11103
2228.91	-0.438933
2227.31	-3.39492
2225.72	-5.6509
2224.12	-4.90297
2222.53	-2.49231
2220.93	1.20554
2219.33	4.25087
2217.73	5.51156
2216.14	4.75035
2214.54	2.29634
2212.94	-0.654215
2211.34	-2.34689
2209.74	-2.89451
2208.14	-1.08395
2206.54	0.888793
2204.94	3.15467
2203.34	5.09066
2201.74	5.31789
2200.13	4.6953
2198.53	3.21328
2196.93	2.04036
2195.33	2.96419
2193.72	4.54052
2192.12	7.11613
2190.51	8.08377
2188.91	7.26307
2187.3	5.57549
2185.7	3.59178
2184.09	1.46503
2182.48	1.91795
2180.88	2.61547
2179.27	3.53554
2177.66	3.82225
2176.05	4.42425
2174.45	6.70105
2172.84	9.43011
2171.23	9.84885
2169.62	11.0786
2168.01	9.67565
2166.4	7.78347
2164.79	5.46413
2163.18	3.74353
2161.56	5.26529
2159.95	7.69391
2158.34	9.14897
2156.73	11.3901
2155.11	12.1023
2153.5	14.6917
2151.89	14.9059
2150.27	16.1638
2148.66	18.8461
2147.04	19.9181
2145.43	19.8942
2143.81	18.4436
2142.19	15.5174
2140.58	14.0326
2138.96	10.9691
2137.34	10.7783
2135.72	12.3483
2134.1	13.8262
2132.48	15.7102
2130.86	17.2731
2129.25	17.2897
2127.63	17.469
2126	17.6659
2124.38	19.7323
2122.76	23.8738
2121.14	28.2889
2119.52	31.4587
2117.9	32.9074
2116.27	29.662
2114.65	23.5741
2113.03	17.1113
2111.4	11.9483
2109.78	9.87615
2108.15	10.7037
2106.53	12.1927
2104.9	14.4074
2103.27	14.6523
2101.65	13.4807
2100.02	14.0623
2098.39	14.6668
2096.77	17.1761
2095.14	20.4761
2093.51	22.2331
2091.88	23.0592
2090.25	20.7574
2088.62	17.5591
2086.99	15.7435
2085.36	12.348
2083.73	10.1638
2082.1	8.50667
2080.46	7.43459
2078.83	7.35505
2077.2	7.79343
2075.57	10.7171
2073.93	13.296
2072.3	12.3971
2070.66	9.83665
2069.03	6.85636
2067.4	4.95395
2065.76	4.30289
2064.12	5.26119
2062.49	6.86695
2060.85	5.50647
2059.21	0.191612
2057.58	-5.76942
2055.94	-8.06657
2054.3	-5.61518
2052.66	1.18125
2051.02	10.2179
2049.38	19.1716
2047.74	23.5984
2046.1	21.6258
2044.46	15.6018
2042.82	9.35148
2041.18	3.79517
2039.53	0.00338226
2037.89	-1.80512
2036.25	-0.826937
2034.61	0.486347
2032.96	-0.071056
2031.32	-0.90826
2029.67	-1.39905
2028.03	0.700751
2026.38	3.16998
2024.74	6.40032
2023.09	10.1915
2021.44	12.9033
2019.8	12.8239
2018.15	11.0337
2016.5	8.57142
2014.85	8.70373
2013.21	8.74866
2011.56	9.5209
2009.91	9.66377
2008.26	9.25553
2006.61	8.51664
2004.96	7.02218
2003.3	6.19492
2001.65	6.29293
2000	7.39008
1998.35	10.0105
1996.7	11.2081
1995.04	12.028
1993.39	12.6523
1991.74	11.2552
1990.08	8.61739
1988.43	4.56031
1986.77	2.22478
1985.12	2.74369
1983.46	3.48004
1981.8	5.64746
1980.15	8.50205
1978.49	10.2848
1976.83	11.3393
1975.17	11.9521
1973.51	13.8672
1971.86	15.3775
1970.2	15.2177
1968.54	14.6218
1966.88	12.8062
1965.22	10.6042
1963.55	8.5105
1961.89	8.61614
1960.23	9.6641
1958.57	9.50212
1956.91	8.11577
1955.24	6.63274
1953.58	4.72899
1951.92	3.99641
1950.25	3.87721
1948.59	5.93594
1946.92	8.90588
1945.26	10.5044
1943.59	10.6871
1941.92	10.634
1940.26	10.093
1938.59	9.91325
1936.92	9.82116
1935.25	9.42965
1933.59	10.2075
1931.92	8.80593
1930.25	7.86912
1928.58	7.09222
1926.91	6.5913
1925.24	7.01094
1923.57	8.55766
1921.9	8.12802
1920.22	6.37521
1918.55	2.45779
1916.88	-0.505926
1915.21	-3.20676
1913.53	-3.1984
1911.86	-0.4534
1910.18	5.59484
1908.51	10.5547
1906.83	11.2676
1905.16	10.4109
1903.48	8.32974
1901.81	5.35016
1900.13	2.54799
1898.45	1.13926
1896.78	3.19349
1895.1	6.40232
1893.42	7.47666
1891.74	9.9076
1890.06	12.2149
1888.38	13.212
1886.7	10.4123
1885.02	7.70299
1883.34	6.76628
1881.66	6.33066
1879.98	6.43226
1878.3	7.66642
1876.61	10.4907
1874.93	10.9326
1873.25	7.33072
1871.56	4.10129
1869.88	0.882383
1868.19	-2.45443
1866.51	-3.85287
1864.82	-4.10883
1863.14	-1.37624
1861.45	-0.297491
1859.76	0.660797
1858.08	1.82012
1856.39	2.77713
1854.7	4.95295
1853.01	6.60909
1851.32	7.00108
1849.63	7.04129
1847.95	6.51207
1846.25	6.5225
1844.56	5.82598
1842.87	5.54382
1841.18	5.95122
1839.49	4.60104
1837.8	2.07612
1836.11	-0.500876
1834.41	-0.90425
1832.72	0.231761
1831.03	1.34946
1829.33	0.921636
1827.64	-0.653824
1825.94	-2.93462
1824.25	-5.48104
1822.55	-6.86126
1820.85	-5.64636
1819.16	-0.953
1817.46	3.91404
1815.76	6.97672
1814.06	9.15699
1812.36	9.78251
1810.67	8.36255
1808.97	6.2086
1807.27	3.79338
1805.57	4.49874
1803.87	4.95232
1802.17	5.81688
1800.46	6.19851
1798.76	5.88697
1797.06	4.30423
1795.36	3.7041
1793.65	3.29935
1791.95	5.09271
1790.25	6.41139
1788.54	7.63189
1786.84	6.73208
1785.13	5.35484
1783.43	3.27342
1781.72	3.38167
1780.01	3.13146
1778.31	3.86178
1776.6	5.65348
1774.89	7.7088
1773.18	8.97301
1771.47	9.88613
1769.77	9.98357
1768.06	9.31683
1766.35	6.43809
1764.64	4.07745
1762.92	3.52132
1761.21	3.55373
1759.5	3.93255
1757.79	4.88893
1756.08	5.9631
1754.36	5.74147
1752.65	4.3572
1750.94	3.21059
1749.22	1.54951
1747.51	-2.27182
1745.79	-6.57193
1744.08	-9.06644
1742.36	-9.67496
1740.65	-8.79423
1738.93	-5.06868
1737.21	1.63081
1735.49	7.42328
1733.78	10.3053
1732.06	12.6706
1730.34	13.3863
1728.62	11.6964
1726.9	8.53296
1725.18	6.68919
1723.46	6.23584
1721.74	5.84067
1720.02	5.67446
1718.3	7.64208
1716.57	8.65161
1714.85	8.37892
1713.13	6.99146
1711.41	5.38129
1709.68	3.84993
1707.96	3.03305
1706.23	2.20699
1704.51	4.46902
1702.78	8.10781
1701.05	11.8214
1699.33	14.3648
1697.6	15.5787
1695.87	15.2962
1694.15	12.3131
1692.42	8.40368
1690.69	8.23724
1688.96	8.81257
1687.23	9.93921
1685.5	8.75978
1683.77	7.95486
1682.04	6.50004
1680.31	4.22158
1678.58	4.27341
1676.85	8.19412
1675.11	12.1115
1673.38	15.8953
1671.65	16.0247
1669.91	17.3717
1668.18	17.2486
1666.44	17.0533
1664.71	16.8998
1662.97	16.8596
1661.24	16.7257
1659.5	16.3653
1657.76	15.1894
1656.03	14.7827
1654.29	13.3853
1652.55	13.644
1650.81	13.5551
1649.07	13.8574
1647.33	16.5052
1645.59	18.5815
1643.85	19.7213
1642.11	17.6608
1640.37	14.7405
1638.63	14.1469
1636.89	14.8248
1635.15	17.3345
1633.4	20.7879
1631.66	22.1547
1629.92	22.6437
1628.17	19.0516
1626.43	15.1996
1624.68	13.8133
1622.94	15.4905
1621.19	16.9977
1619.45	18.4318
1617.7	19.4045
1615.95	21.1607
1614.21	19.8404
1612.46	18.998
1610.71	20.3617
1608.96	22.168
1607.21	22.951
1605.46	25.6128
1603.71	27.3181
1601.96	28.562
1600.21	26.5265
1598.46	25.0742
1596.71	23.5406
1594.95	20.6137
1593.2	20.6142
1591.45	23.3455
1589.7	25.3487
1587.94	27.8615
1586.19	28.5534
1584.43	29.1097
1582.68	28.1765
1580.92	26.4606
1579.16	26.496
1577.41	26.1688
1575.65	25.6424
1573.89	27.0101
1572.13	29.6741
1570.38	31.1607
1568.62	30.6318
1566.86	30.1568
1565.1	30.396
1563.34	29.4896
1561.58	27.6591
1559.82	27.3358
1558.06	28.9295
1556.29	25.8242
1554.53	21.2271
1552.77	17.4766
1551.01	16.2191
1549.24	14.9797
1547.48	13.7327
1545.71	15.3946
1543.95	18.0683
1542.18	16.1268
1540.42	12.923
1538.65	7.48228
1536.89	3.47231
1535.12	0.0583849
1533.35	-0.819852
1531.58	2.44757
1529.82	6.91046
1528.05	8.83903
1526.28	8.8541
1524.51	5.64824
1522.74	4.21036
1520.97	2.5852
1519.2	1.48244
1517.42	1.29559
1515.65	2.04301
1513.88	1.70623
1512.11	1.96421
1510.33	1.71988
1508.56	5.49286
1506.79	8.61031
1505.01	11.4797
1503.24	14.3376
1501.46	17.9006
1499.69	17.9543
1497.91	15.1798
1496.13	8.24109
1494.36	1.78201
1492.58	-3.59953
1490.8	-4.84348
1489.02	-1.15366
1487.24	6.95088
1485.46	14.8637
1483.68	21.4145
1481.9	22.1496
1480.12	19.5156
1478.34	14.5968
1476.56	8.66113
1474.78	3.34205
1473	0.14727
1471.21	-0.754472
1469.43	1.09289
1467.65	2.38623
1465.86	4.44394
1464.08	5.76986
1462.29	7.02761
1460.51	8.98447
1458.72	11.3071
1456.93	14.2112
1455.15	18.1619
1453.36	20.4901
1451.57	22.1142
1449.79	22.7048
1448	23.0538
1446.21	23.9937
1444.42	25.3642
1442.63	28.3247
1440.84	31.3775
1439.05	32.3921
1437.26	32.6097
1435.46	30.4939
1433.67	26.8469
1431.88	24.3162
1430.09	24.6903
1428.29	28.4954
1426.5	32.7686
1424.71	35.4276
1422.91	34.6989
1421.12	28.6922
1419.32	20.462
1417.52	13.7164
1415.73	11.394
1413.93	13.4136
1412.13	18.8102
1410.34	24.4415
1408.54	27.5844
1406.74	28.8691
1404.94	29.3892
1403.14	29.0421
1401.34	28.6649
1399.54	28.7513
1397.74	29.5132
1395.94	27.8682
1394.14	24.4097
1392.33	20.8952
1390.53	18.0694
1388.73	14.902
1386.92	12.7832
1385.12	12.6515
1383.32	13.072
1381.51	12.4158
1379.7	11.8867
1377.9	10.0549
1376.09	10.4417
1374.29	12.2335
1372.48	15.3398
1370.67	18.1527
1368.86	21.2031
1367.05	23.1953
1365.25	23.075
1363.44	19.9842
1361.63	18.7503
1359.82	17.576
1358.01	15.4308
1356.19	13.7738
1354.38	15.4232
1352.57	16.9231
1350.76	17.2735
1348.95	17.5665
1347.13	17.7924
1345.32	18.0546
1343.5	17.2491
1341.69	18.1399
1339.87	20.1042
1338.06	21.3384
1336.24	22.1954
1334.43	23.3794
1332.61	23.5506
1330.79	26.657
1328.97	31.2956
1327.16	36.186
1325.34	39.5657
1323.52	40.2284
1321.7	39.5116
1319.88	36.5622
1318.06	31.2843
1316.24	26.8679
1314.41	24.9749
1312.59	23.117
1310.77	23.4561
1308.95	24.1398
1307.12	27.5031
1305.3	28.9881
1303.48	27.6816
1301.65	23.8018
1299.83	18.9401
1298	12.3876
1296.18	7.6882
1294.35	5.4329
1292.52	6.68843
1290.69	8.78759
1288.87	10.8489
1287.04	12.5863
1285.21	12.1628
1283.38	9.79725
1281.55	7.87107
1279.72	5.87904
1277.89	2.03068
1276.06	0.192048
1274.23	1.36632
1272.4	6.60868
1270.57	13.6938
1268.73	23.3108
1266.9	32.9338
1265.07	35.2206
1263.23	28.0471
1261.4	16.4824
1259.56	5.9735
1257.73	-2.81342
1255.89	-8.21052
1254.06	-7.46882
1252.22	-4.71498
1250.38	-3.54442
1248.54	-3.89732
1246.71	-5.33438
1244.87	-1.81939
1243.03	2.71888
1241.19	7.96235
1239.35	14.408
1237.51	18.5099
1235.67	19.6878
1233.83	19.1091
1231.98	15.9454
1230.14	14.1304
1228.3	11.221
1226.46	6.65334
1224.61	1.66277
1222.77	-4.08357
1220.92	-8.44236
1219.08	-8.72291
1217.23	-6.89595
1215.39	-3.90283
1213.54	0.70981
1211.7	3.75604
1209.85	4.8986
1208	5.32042
1206.15	6.40237
1204.3	8.066
1202.45	8.79994
1200.61	8.53943
1198.76	10.2693
1196.91	10.7497
1195.05	10.1765
1193.2	10.1089
1191.35	10.3901
1189.5	11.7355
1187.65	12.4016
1185.79	11.0542
1183.94	9.74418
1182.09	8.48245
1180.23	7.00173
1178.38	7.98335
1176.52	11.8765
1174.67	19.2454
1172.81	24.4407
1170.95	24.7508
1169.1	23.6624
1167.24	22.0038
1165.38	20.2946
1163.52	21.9532
1161.66	25.8432
1159.8	31.4503
1157.94	35.738
1156.08	37.4655
1154.22	38.7807
1152.36	37.7222
1150.5	35.5016
1148.64	32.4978
1146.77	29.0478
1144.91	26.6739
1143.05	26.9942
1141.18	28.7121
1139.32	31.8952
1137.45	34.2563
1135.59	34.7108
1133.72	33.3038
1131.86	32.8733
1129.99	33.128
1128.12	35.0366
1126.25	37.8913
1124.39	41.1877
1122.52	42.9501
1120.65	41.2568
1118.78	37.0811
1116.91	32.4833
1115.04	28.4526
1113.17	26.0879
1111.3	25.6783
1109.42	26.5945
1107.55	27.6638
1105.68	29.0033
1103.81	29.0811
1101.93	29.6835
1100.06	32.2841
1098.18	35.1349
1096.31	36.1213
1094.43	34.4659
1092.56	28.6924
1090.68	20.8616
1088.8	10.4262
1086.93	1.93709
1085.05	-3.19952
1083.17	-2.07759
1081.29	3.6456
1079.41	14.354
1077.53	26.2777
1075.65	35.9551
1073.77	39.5713
1071.89	37.8217
1070.01	30.5769
1068.13	22.2918
1066.24	13.9952
1064.36	10.8756
1062.48	13.1294
1060.59	16.3481
1058.71	20.2894
1056.83	24.0676
1054.94	25.3021
1053.05	22.9327
1051.17	19.3941
1049.28	17.6053
1047.39	17.44
1045.51	18.5126
1043.62	21.8424
1041.73	26.222
1039.84	29.4051
1037.95	30.4108
1036.06	30.5452
1034.17	30.1814
1032.28	28.2697
1030.39	29.4601
1028.5	30.2224
1026.61	35.1096
1024.71	43.0421
1022.82	53.3016
1020.93	65.297
1019.03	80.7392
1017.14	98.7061
1015.24	119.94
1013.35	139.9
1011.45	163.013
1009.56	184.199
1007.66	202.487
1005.76	216.958
1003.86	228.439
1001.97	233.407
1000.07	228.26
998.167	214.497
996.268	193.515
994.368	166.574
992.466	139.53
990.565	114.472
988.664	93.8328
986.762	76.3954
984.86	62.5716
982.957	53.5231
981.053	46.6557
979.15	41.2376
977.245	35.2838
975.34	27.6067
973.435	18.5708
971.53	10.5864
969.624	4.8697
967.717	1.396
965.809	0.768503
963.902	2.12054
961.994	2.86428
960.086	4.30338
958.177	6.60769
956.267	10.9214
954.357	13.7736
952.447	13.0246
950.536	8.7914
948.625	2.93227
946.713	-2.69985
944.8	-5.18797
942.888	-2.59272
940.974	3.35962
939.061	9.07198
937.147	12.3482
935.233	11.244
933.317	9.11877
931.402	7.66678
929.485	7.35443
927.569	9.87223
925.652	11.6263
923.735	12.2719
921.817	11.5828
919.899	10.2617
917.98	10.6962
916.061	12.0773
914.141	12.7899
912.22	14.1229
910.3	12.1272
908.378	8.85961
906.456	4.3624
904.534	1.68283
902.612	-0.335486
900.689	-2.87017
898.766	-7.20646
896.841	-9.58495
894.916	-13.4233
892.991	-14.6975
891.066	-12.1302
889.14	-5.82805
887.214	2.30215
885.287	9.67593
883.36	12.982
881.432	15.9839
879.504	12.9068
877.575	7.90788
875.646	5.42778
873.716	4.70992
871.786	8.05563
869.855	11.6698
867.924	13.1081
865.992	16.3615
864.06	15.2948
862.128	11.3432
860.194	8.60217
858.261	5.34632
856.327	4.08508
854.393	1.46815
852.458	-0.741756
850.522	1.22969
848.586	3.28622
846.65	5.76714
844.714	9.35653
842.776	11.2095
840.838	12.4562
838.901	11.248
836.961	9.54177
835.023	8.27438
833.082	4.87292
831.142	2.70564
829.202	-0.314633
827.261	-3.5031
825.319	-3.99801
823.377	-4.26048
821.434	-3.00396
819.491	0.135278
817.548	1.69862
815.604	4.15429
813.66	5.02136
811.715	5.56241
809.769	8.99449
807.823	11.4637
805.878	14.3364
803.93	17.3321
801.983	18.1825
800.035	17.8052
798.087	14.5749
796.139	7.52579
794.189	2.74768
792.24	-2.12683
790.289	-5.90667
788.339	-8.15209
786.387	-7.3788
784.436	-3.90291
782.484	0.446974
780.532	4.36042
778.578	10.6494
776.624	15.0733
774.671	17.8174
772.716	17.2298
770.762	14.622
768.806	10.2245
766.85	6.0555
764.893	1.99166
762.937	-1.47972
760.979	-3.39853
759.022	-3.98437
757.064	-3.66474
755.105	-3.95001
753.145	-4.75211
751.185	-4.43531
749.226	-3.89125
747.264	-3.01127
745.303	0.360061
743.341	3.45058
741.38	7.11938
739.417	8.53207
737.454	8.37222
735.49	8.355
733.526	9.15716
731.562	10.9155
729.596	14.0016
727.631	14.7655
725.665	13.0292
723.699	10.398
721.732	5.98279
719.764	3.15106
717.797	2.66026
715.828	5.21928
713.859	9.01308
711.889	9.79336
709.919	8.63516
707.949	7.91085
705.978	4.43866
704.007	0.412044
702.035	-3.22603
700.063	-4.98862
698.091	-5.46317
696.117	-4.96819
694.143	-1.41008
692.169	3.86937
690.194	7.48847
688.219	8.74079
686.244	9.78531
684.267	10.8585
682.291	14.183
680.314	18.0169
678.336	22.7204
676.358	24.954
674.379	22.8833
672.4	16.1131
670.421	8.53443
668.441	1.63151
666.46	-0.312142
664.479	-0.6956
662.497	3.64501
660.516	9.0218
658.533	12.9832
656.55	14.6029
654.567	15.1072
652.583	13.986
650.598	14.2275
648.614	14.9455
646.628	18.9958
644.643	22.6997
642.656	26.5291
640.669	31.3072
638.682	34.8861
636.694	35.8289
634.706	35.8843
632.717	35.0163
630.728	32.5727
628.738	26.9171
626.748	23.3567
624.757	21.9434
622.766	21.4724
620.774	22.3437
618.782	23.3684
616.789	24.6201
614.796	24.4967
612.802	21.7344
610.808	20.6258
608.814	20.5542
606.818	21.1943
604.822	24.3905
602.827	28.8138
600.83	37.1083
598.833	44.4513
596.836	50.195
594.838	53.5995
592.839	55.3702
590.84	52.4413
588.841	49.6403
586.84	49.0831
584.84	51.6784
582.838	53.9333
580.838	57.3843
578.835	59.7419
576.833	62.3574
574.83	61.7202
572.827	61.7352
570.822	63.0587
568.818	63.8933
566.813	66.0721
564.808	68.465
562.802	71.587
560.795	74.4099
558.788	76.0437
556.781	75.9611
554.773	73.3826
552.765	68.9141
550.756	65.5586
548.747	65.0463
546.737	67.8845
544.726	72.4658
542.716	80.2559
540.704	88.1669
538.692	94.9422
536.68	101.475
534.667	107.025
532.654	113.983
530.64	118.774
528.626	119.617
526.611	118.403
524.596	114.952
522.58	111.747
520.564	110.689
518.547	108.932
516.529	107.315
514.512	105.03
512.494	98.4734
510.476	92.7014
508.456	88.318
506.436	88.5601
504.416	92.2921
502.395	96.5655
500.374	99.9504
498.353	100.024
496.33	94.4089
494.307	90.3657
492.284	84.9549
490.261	81.3584
488.237	77.5557
486.212	74.3453
484.187	70.9961
482.161	65.0333
480.134	59.8578
478.108	59.9104
476.081	61.3611
474.054	64.6161
472.025	67.2408
469.997	69.5472
467.968	70.9521
465.938	70.676
463.908	70.2508
461.877	69.9247
459.846	68.5512
457.814	66.0344
455.782	63.8527
453.75	62.6376
451.716	63.5988
449.683	66.2078
447.649	68.2696
445.614	69.7416
443.579	71.6312
441.543	74.0344
439.508	75.5368
437.47	74.9141
435.433	74.2719
433.396	71.7617
431.358	67.4001
429.319	63.3495
427.28	62.764
425.241	65.3354
423.201	64.8263
421.16	61.447
419.118	57.617
417.077	52.6848
415.035	47.4944
412.993	43.0765
410.949	40.7831
408.905	39.7956
406.862	34.88
404.816	28.6291
402.771	22.1258
400.727	16.7265
398.68	14.1039
396.633	16.1548
394.586	20.861
392.539	28.5537
390.491	32.7859
388.442	33.643
386.393	30.303
384.344	22.3562
382.293	14.7329
380.242	9.81347
378.192	7.87717
376.14	10.8889
374.088	12.0543
372.035	14.183
369.982	16.1488
367.928	14.6562
365.874	10.6157
363.82	6.04218
361.765	1.92259
359.709	-0.378976
357.653	-4.42957
355.596	-4.55733
353.539	-0.773939
351.481	4.148
349.423	6.80158
347.364	10.0201
345.305	9.45785
343.245	7.37335
341.185	0.997178
339.125	-5.47821
337.063	-8.05387
335.001	-7.06196
332.94	-5.14183
330.876	-2.04218
328.813	-1.61491
326.749	-1.12515
324.685	-2.01015
322.621	-3.95751
320.555	-1.6466
318.489	4.89493
316.423	11.8848
314.356	19.4108
312.29	25.4466
310.221	29.0092
308.153	31.5004
306.084	29.1398
304.015	28.115
301.946	29.2918
299.875	32.2542
297.804	40.687
295.733	52.2447
293.661	66.2468
291.588	83.3613
289.516	97.2777
287.443	110.924
285.369	123.867
283.295	139.298
281.22	161.919
279.144	191.527
277.068	229.229
274.992	270.717
272.915	310.788
270.837	352.951
268.76	398.233
266.681	452.339
264.602	522.126
262.523	608.072
260.443	707.647
258.362	814.492
256.282	925.075
254.2	1040.54
252.118	1152.01
250.036	1255.07
247.952	1350.76
245.869	1430.04
243.784	1484.46
241.7	1512.36
239.616	1516.31
237.53	1502.71
235.443	1471.94
233.357	1428.04
231.27	1383.43
229.182	1333.54
227.094	1276
225.005	1211.36
222.916	1143.19
220.827	1074.28
218.737	1005.55
216.646	934.785
214.555	871.903
212.462	813.719
210.37	757.933
208.278	702.05
206.185	647.023
204.091	587.289
201.997	522.484
199.902	451.311
197.807	384.676
195.711	327.186
193.615	277.615
191.517	237.121
189.42	202.472
187.322	167.586
185.224	134.644
183.125	102.621
181.025	75.5788
178.926	56.2727
176.825	40.5684
174.724	29.1293
172.623	16.1741
170.521	4.92584
168.418	-1.92785
166.315	-6.9357
164.212	-7.54228
162.108	-0.856502
160.003	9.16214
157.898	17.9403
155.793	15.9072
153.686	7.89206
151.58	-5.39361
149.473	-24.4344
147.365	-44.4391
145.257	-58.1063
143.148	-64.6682
141.039	-65.9674
138.929	-67.5432
136.819	-62.6086
134.709	-48.5057
132.597	-34.9266
130.485	-24.4615
128.373	-17.0373
126.26	-15.9497
124.147	-21.4833
122.033	-30.2573
119.919	-34.9675
117.804	-31.4722
115.688	-30.4279
113.573	-28.1584
111.456	-26.2546
109.339	-26.9289
107.222	-32.1163
105.103	-37.5873
102.985	-48.3766
100.866	-62.1811
98.7467	-86.5502
96.6262	-118.219
