3502.52	-6.0155
3501.25	-8.68542
3499.98	-23.3748
3498.71	-2.08118
3497.44	-19.8069
3496.17	-11.5496
3494.9	-6.3114
3493.62	-13.0901
3492.35	-9.88794
3491.08	-17.7036
3489.8	-15.5363
3488.53	-4.38757
3487.26	0.744385
3485.98	-19.1423
3484.71	-12.0465
3483.43	-4.96753
3482.16	-0.906616
3480.88	-7.8634
3479.6	-6.83728
3478.33	-0.827637
3477.05	-22.8359
3475.77	-8.86145
3474.5	-21.9037
3473.22	-20.9631
3471.94	-5.03931
3470.66	-6.13147
3469.38	-8.24121
3468.1	-4.36731
3466.82	-11.5101
3465.54	-17.6692
3464.26	-19.8447
3462.98	-12.0365
3461.7	5.75574
3460.42	6.53186
3459.14	-9.70813
3457.86	-0.963867
3456.57	-12.2355
3455.29	-9.52258
3454.01	1.17407
3452.73	-0.144165
3451.44	-5.47791
3450.16	-0.826782
3448.87	4.80896
3447.59	-1.57031
3446.3	4.03491
3445.02	-8.37427
3443.73	0.201782
3442.45	24.7626
3441.16	8.30933
3439.88	-23.1583
3438.59	-16.641
3437.3	-0.137329
3436.01	6.35205
3434.73	9.82703
3433.44	4.28833
3432.15	9.73547
3430.86	10.1692
3429.57	5.58887
3428.28	9.99548
3426.99	-2.61182
3425.7	-4.23218
3424.41	14.134
3423.12	2.48743
3421.83	20.8275
3420.54	-9.84534
3419.24	11.4692
3417.95	2.77087
3416.66	11.0599
3415.37	10.3368
3414.07	13.601
3412.78	19.8529
3411.48	-7.9071
3410.19	14.3206
3408.9	13.5363
3407.6	3.74023
3406.31	12.9324
3405.01	-0.887207
3403.72	14.2819
3402.42	13.4395
3401.12	-7.41431
3399.82	15.7207
3398.53	30.8446
3397.23	-8.04248
3395.93	22.0594
3394.63	21.1506
3393.33	17.231
3392.04	16.3009
3390.74	-14.6398
3389.44	2.40918
3388.14	9.44788
3386.84	-4.52368
3385.53	31.4946
3384.23	9.50305
3382.93	22.5015
3381.63	-10.5099
3380.33	16.4691
3379.03	-1.56152
3377.72	11.3983
3376.42	-1.65125
3375.12	15.29
3373.81	17.2219
3372.51	12.1448
3371.2	6.05859
3369.9	27.9635
3368.59	15.8595
3367.29	26.7469
3365.98	2.62549
3364.68	23.4957
3363.37	10.3573
3362.06	4.21069
3360.76	1.05579
3359.45	-1.10754
3358.14	17.7212
3356.83	6.54199
3355.52	3.35474
3354.22	18.1597
3352.91	16.957
3351.6	-14.2534
3350.29	10.5286
3348.98	24.3029
3347.67	-15.9301
3346.36	8.82971
3345.04	27.5823
3343.73	3.32764
3342.42	12.0659
3341.11	3.79712
3339.8	16.5215
3338.48	11.239
3337.17	24.9497
3335.86	-20.3462
3334.54	11.3512
3333.23	13.0421
3331.91	-3.27319
3330.6	15.4048
3329.28	36.0765
3327.97	11.7419
3326.65	8.40125
3325.34	18.0547
3324.02	-10.2981
3322.7	-12.6569
3321.38	14.9788
3320.07	-0.391846
3318.75	12.2319
3317.43	-2.14966
3316.11	-13.5372
3314.79	6.06995
3313.47	-2.32861
3312.15	2.26758
3310.83	-9.14185
3309.51	8.44373
3308.19	-17.9758
3306.87	-8.40088
3305.55	10.1692
3304.23	13.7343
3302.9	-11.7061
3301.58	-5.151
3300.26	-14.6007
3298.94	-3.0553
3297.61	18.4849
3296.29	-0.979248
3294.96	-5.448
3293.64	-36.9214
3292.31	-23.3992
3290.99	-0.881592
3289.66	19.6315
3288.34	17.1401
3287.01	-3.35535
3285.68	9.14465
3284.36	-17.3595
3283.03	-3.86792
3281.7	-23.3805
3280.37	6.10291
3279.05	20.5825
3277.72	-8.94226
3276.39	-20.4711
3275.06	-19.0037
3273.73	9.46008
3272.4	-3.08032
3271.07	-10.6245
3269.74	-0.172119
3268.41	-15.7239
3267.08	-8.27893
3265.74	-4.83801
3264.41	13.5997
3263.08	-7.96667
3261.75	-3.53601
3260.41	31.8906
3259.08	19.3143
3257.75	5.73401
3256.41	3.15076
3255.08	18.5642
3253.74	23.9738
3252.41	-6.61938
3251.07	4.78418
3249.74	11.1844
3248.4	-15.4186
3247.06	18.9747
3245.73	1.36548
3244.39	6.75305
3243.05	19.1376
3241.71	-0.481079
3240.37	0.897339
3239.04	5.27258
3237.7	31.6449
3236.36	4.0144
3235.02	11.3807
3233.68	15.7443
3232.34	6.10522
3231	20.463
3229.66	14.818
3228.31	30.1699
3226.97	7.51965
3225.63	6.86609
3224.29	25.2097
3222.94	16.5511
3221.6	-20.1107
3220.26	42.2246
3218.91	-6.44214
3217.57	13.8879
3216.23	17.2159
3214.88	12.5405
3213.53	29.8632
3212.19	15.1832
3210.84	2.50012
3209.5	1.81494
3208.15	27.1272
3206.8	21.4363
3205.46	11.7434
3204.11	29.0481
3202.76	-5.6499
3201.41	14.6498
3200.06	-22.0538
3198.71	18.2408
3197.36	24.533
3196.01	-3.17749
3194.66	17.1097
3193.31	22.3944
3191.96	9.67676
3190.61	-1.04346
3189.26	10.2346
3187.91	14.5096
3186.56	8.7821
3185.2	28.0524
3183.85	10.3202
3182.5	-0.413696
3181.14	22.8494
3179.79	12.1099
3178.44	11.3689
3177.08	1.62476
3175.73	19.8784
3174.37	7.13025
3173.01	11.379
3171.66	18.6262
3170.3	7.87109
3168.95	-29.8871
3167.59	19.3531
3166.23	5.59033
3164.87	-1.17419
3163.51	17.059
3162.16	3.28979
3160.8	-16.4823
3159.44	16.7439
3158.08	2.96777
3156.72	9.18945
3155.36	12.4087
3154	-22.3744
3152.64	-10.1597
3151.28	21.0527
3149.91	13.2627
3148.55	42.4705
3147.19	16.6759
3145.83	-3.12097
3144.46	12.08
3143.1	21.2784
3141.74	-2.52466
3140.37	-13.3308
3139.01	21.8608
3137.64	11.0508
3136.28	9.23767
3134.91	7.42236
3133.55	15.6053
3132.18	-9.2146
3130.81	2.96387
3129.45	11.1392
3128.08	14.313
3126.71	7.48376
3125.34	4.65295
3123.98	16.8197
3122.61	-4.01648
3121.24	-4.85425
3119.87	17.3055
3118.5	15.463
3117.13	-12.3817
3115.76	22.7703
3114.39	-12.0791
3113.02	-7.93103
3111.64	5.21472
3110.27	14.3583
3108.9	-4.50061
3107.53	3.63831
3106.15	13.7747
3104.78	17.9095
3103.41	-41.9587
3102.03	8.17065
3100.66	5.29773
3099.29	8.42297
3097.91	-16.4546
3096.53	25.6653
3095.16	3.78357
3093.78	3.8988
3092.41	13.0117
3091.03	-9.8772
3089.65	9.23083
3088.27	-2.66272
3086.9	-20.5587
3085.52	9.54224
3084.14	25.6416
3082.76	10.7384
3081.38	7.83215
3080	26.9243
3078.62	-16.986
3077.24	15.1014
3075.86	13.1864
3074.48	-18.7312
3073.1	2.34827
3071.72	-8.57397
3070.33	-6.49866
3068.95	17.5743
3067.57	7.64563
3066.19	23.7137
3064.8	1.77942
3063.42	21.8428
3062.03	3.90369
3060.65	-2.03699
3059.26	0.019165
3057.88	4.07275
3056.49	-5.87512
3055.11	2.17371
3053.72	35.2203
3052.33	13.2651
3050.95	-8.69324
3049.56	-22.6532
3048.17	13.3844
3046.78	17.4189
3045.4	5.45166
3044.01	6.48206
3042.62	18.5094
3041.23	4.53491
3039.84	-8.44177
3038.45	11.579
3037.06	17.5973
3035.67	12.6134
3034.28	7.62695
3032.88	6.63831
3031.49	-2.35303
3030.1	-9.34644
3028.71	-6.34253
3027.31	4.65918
3025.92	9.65857
3024.52	0.655396
3023.13	16.6509
3021.74	11.6429
3020.34	-7.36719
3018.95	-1.37891
3017.55	-6.3938
3016.16	8.58972
3014.76	-12.4299
3013.36	-4.45105
3011.96	-13.4753
3010.57	-28.5013
3009.17	0.469727
3007.77	-12.5607
3006.37	-17.5935
3004.97	9.37134
3003.57	-20.667
3002.17	-16.7068
3000.77	26.2513
2999.37	3.20691
2997.97	2.16028
2996.57	9.11133
2995.17	16.0601
2993.77	19.0066
2992.37	0.950928
2990.97	5.89294
2989.56	6.83264
2988.16	1.77124
2986.76	12.7063
2985.35	13.6395
2983.95	-6.42981
2982.54	-8.50024
2981.14	2.42603
2979.73	7.35132
2978.33	-2.72668
2976.92	24.1941
2975.51	9.11182
2974.11	22.0281
2972.7	-0.0574951
2971.29	15.8535
2969.89	38.7635
2968.48	42.6714
2967.07	34.5768
2965.66	49.4805
2964.25	26.382
2962.84	49.2815
2961.43	35.1785
2960.02	20.0737
2958.61	32.9675
2957.2	60.8588
2955.79	29.748
2954.38	32.6354
2952.96	22.521
2951.55	18.4042
2950.14	51.2859
2948.73	35.1656
2947.31	44.0428
2945.9	50.9188
2944.48	29.7926
2943.07	21.6646
2941.65	63.5347
2940.24	53.4028
2938.82	22.2692
2937.41	39.134
2935.99	37.9966
2934.57	60.8579
2933.16	38.7168
2931.74	42.5743
2930.32	76.4302
2928.9	27.2837
2927.48	56.1359
2926.06	62.9863
2924.64	85.8351
2923.22	38.682
2921.8	29.5278
2920.38	43.3715
2918.96	40.2133
2917.54	37.054
2916.12	84.8926
2914.7	81.73
2913.28	59.5658
2911.85	39.3995
2910.43	15.2319
2909.01	27.063
2907.58	40.8925
2906.16	64.7208
2904.74	46.5472
2903.31	27.3722
2901.88	27.1956
2900.46	47.0178
2899.03	48.8389
2897.61	56.6577
2896.18	56.4757
2894.75	32.2925
2893.33	43.1075
2891.9	37.9216
2890.47	4.73401
2889.04	72.5452
2887.61	55.355
2886.18	44.1635
2884.75	34.9712
2883.32	29.7771
2881.89	41.5822
2880.46	52.386
2879.03	56.1882
2877.6	26.9896
2876.17	21.7899
2874.74	46.589
2873.3	29.3871
2871.87	49.1837
2870.44	27.9801
2869.01	20.7745
2867.57	8.56799
2866.14	53.361
2864.7	30.1528
2863.27	16.9432
2861.83	44.733
2860.4	48.5217
2858.96	40.3097
2857.52	64.0966
2856.09	50.8824
2854.65	31.6675
2853.21	25.452
2851.77	24.2352
2850.34	44.0181
2848.9	-13.2004
2847.46	40.5808
2846.02	14.3611
2844.58	41.1406
2843.14	40.9194
2841.7	3.69727
2840.26	17.4746
2838.82	22.2511
2837.37	27.027
2835.93	23.8025
2834.49	12.577
2833.05	11.3513
2831.6	5.12427
2830.16	-19.1025
2828.72	12.6698
2827.27	38.4417
2825.83	-44.7871
2824.38	28.9836
2822.94	-7.24634
2821.49	-4.47668
2820.05	22.2931
2818.6	14.0616
2817.15	-2.16968
2815.71	7.59827
2814.26	-7.63403
2812.81	23.1333
2811.36	3.90051
2809.91	-18.333
2808.47	-34.5667
2807.02	17.1992
2805.57	21.9653
2804.12	3.73071
2802.67	-17.5045
2801.22	-8.73926
2799.76	5.02576
2798.31	16.79
2796.86	26.5543
2795.41	19.3187
2793.96	-12.9172
2792.5	19.8466
2791.05	0.610107
2789.6	45.3744
2788.14	9.13782
2786.69	9.90149
2785.23	-16.3353
2783.78	39.4282
2782.32	-14.8083
2780.86	24.9547
2779.41	16.7181
2777.95	-7.51855
2776.5	12.2454
2775.04	2.00879
2773.58	3.77209
2772.12	-47.4639
2770.66	24.2994
2769.2	-48.9366
2767.74	3.8269
2766.29	-12.4089
2764.83	11.3553
2763.36	5.11963
2761.9	7.88416
2760.44	11.6488
2758.98	6.41357
2757.52	32.1788
2756.06	1.94397
2754.59	-15.2903
2753.13	16.4752
2751.67	3.24146
2750.2	37.0078
2748.74	-12.2256
2747.28	16.5411
2745.81	47.3083
2744.35	-15.9242
2742.88	2.84387
2741.41	5.61194
2739.95	19.3806
2738.48	20.1492
2737.01	3.91846
2735.55	-21.3118
2734.08	11.4583
2732.61	-6.77124
2731.14	-25.0006
2729.67	14.7706
2728.2	-2.45789
2726.73	-10.686
2725.26	11.0868
2723.79	-20.1405
2722.32	34.6331
2720.85	-4.5929
2719.38	5.18164
2717.91	32.9565
2716.44	26.7318
2714.96	-8.49231
2713.49	19.2839
2712.02	20.061
2710.54	-3.16174
2709.07	-8.38403
2707.59	1.39465
2706.12	18.174
2704.64	19.9535
2703.17	-28.2664
2701.69	-5.48572
2700.22	17.2957
2698.74	1.07727
2697.26	-3.1405
2695.78	10.6427
2694.31	3.42615
2692.83	-3.78955
2691.35	-19.0046
2689.87	44.7808
2688.39	-11.4338
2686.91	-23.6472
2685.43	12.1405
2683.95	-0.0718994
2682.47	-30.2837
2680.99	12.5056
2679.51	24.2949
2678.03	-4.91455
2676.54	2.87598
2675.06	-13.3324
2673.58	17.4597
2672.09	-24.7474
2670.61	-3.95398
2669.13	8.84033
2667.64	32.6348
2666.16	-30.5702
2664.67	-16.7739
2663.18	15.0223
2661.7	-3.18042
2660.21	-41.3823
2658.72	-9.58386
2657.24	-11.7848
2655.75	18.0149
2654.26	-8.18481
2652.77	12.6166
2651.28	17.418
2649.8	-7.77966
2648.31	-3.97693
2646.82	-29.1733
2645.33	-9.36914
2643.84	-17.5645
2642.34	9.24097
2640.85	8.04675
2639.36	4.85315
2637.87	10.6608
2636.38	11.4683
2634.88	6.2771
2633.39	25.0856
2631.9	-11.1046
2630.4	-8.29456
2628.91	17.5162
2627.41	10.3275
2625.92	23.1394
2624.42	-32.0479
2622.93	32.7649
2621.43	3.57886
2619.93	-2.6073
2618.44	-12.7927
2616.94	-4.97742
2615.44	-9.16162
2613.94	43.6548
2612.44	29.4713
2610.95	32.2886
2609.45	3.1062
2607.95	-1.07532
2606.45	8.74316
2604.95	26.5625
2603.44	11.3823
2601.94	-11.7972
2600.44	-15.9767
2598.94	43.8445
2597.44	14.6659
2595.93	-1.51233
2594.43	50.3102
2592.93	35.1329
2591.42	4.9563
2589.92	3.77942
2588.42	0.603516
2586.91	-9.57202
2585.4	-3.74744
2583.9	30.0775
2582.39	16.9028
2580.89	-1.27112
2579.38	-16.4452
2577.87	-0.618652
2576.36	16.2078
2574.86	23.0347
2573.35	-7.13794
2571.84	10.6896
2570.33	6.51733
2568.82	-31.6548
2567.31	-36.8262
2565.8	31.0022
2564.29	19.8311
2562.78	26.6597
2561.27	5.48865
2559.75	46.318
2558.24	35.1475
2556.73	10.9769
2555.22	21.8065
2553.7	-5.36377
2552.19	16.4664
2550.68	28.2963
2549.16	28.1265
2547.65	10.9568
2546.13	42.7866
2544.61	8.61694
2543.1	18.4471
2541.58	39.2773
2540.07	42.108
2538.55	15.9381
2537.03	21.7687
2535.51	22.5986
2533.99	26.4288
2532.48	5.25903
2530.96	21.0891
2529.44	23.9189
2527.92	-16.2513
2526.4	-1.42188
2524.88	31.4076
2523.36	27.2372
2521.83	32.0662
2520.31	38.8953
2518.79	5.72424
2517.27	-8.44714
2515.74	23.3812
2514.22	41.2094
2512.7	52.037
2511.17	20.8644
2509.65	18.6919
2508.12	6.51868
2506.6	14.3453
2505.07	7.17188
2503.55	8.9978
2502.02	25.8234
2500.49	10.6486
2498.97	52.4733
2497.44	24.298
2495.91	62.1217
2494.38	53.9454
2492.85	29.7682
2491.32	10.5908
2489.8	27.413
2488.27	0.234497
2486.74	13.0555
2485.2	-17.1241
2483.67	0.696289
2482.14	18.5154
2480.61	30.3342
2479.08	36.1521
2477.55	-14.0303
2476.01	-37.2133
2474.48	14.6029
2472.95	36.4186
2471.41	-13.7662
2469.88	-8.95215
2468.34	56.8612
2466.81	3.67407
2465.27	28.4863
2463.74	50.2977
2462.2	-17.8917
2460.66	8.91797
2459.12	-30.2732
2457.59	-16.4653
2456.05	23.3419
2454.51	11.1486
2452.97	-6.04578
2451.43	27.7585
2449.89	33.5625
2448.35	-52.6348
2446.81	6.16711
2445.27	10.9681
2443.73	11.7683
2442.19	-32.4327
2440.65	8.3656
2439.11	-4.83777
2437.56	-3.04138
2436.02	-1.24634
2434.48	13.5476
2432.93	-42.6595
2431.39	36.1323
2429.84	20.9233
2428.3	-9.28711
2426.75	23.5016
2425.21	-30.7107
2423.66	-11.9248
2422.12	9.86023
2420.57	13.6442
2419.02	-16.5725
2417.47	12.209
2415.93	36.9891
2414.38	-13.2314
2412.83	14.5461
2411.28	-7.67712
2409.73	2.09839
2408.18	7.87268
2406.63	-29.3546
2405.08	27.4167
2403.53	22.1875
2401.98	-6.04382
2400.42	-7.27588
2398.87	1.48987
2397.32	17.2549
2395.77	18.0186
2394.21	4.78052
2392.66	25.5413
2391.1	-0.698975
2389.55	3.05872
2387.99	10.8156
2386.44	63.5703
2384.88	15.324
2383.33	27.0763
2381.77	16.8269
2380.21	-14.424
2378.66	-0.676147
2377.1	-16.9302
2375.54	15.8147
2373.98	-5.44226
2372.42	18.2996
2370.86	16.0397
2369.3	19.7784
2367.74	-18.4847
2366.18	14.2507
2364.62	10.9845
2363.06	23.717
2361.5	-23.5525
2359.94	13.1766
2358.37	8.90442
2356.81	18.6304
2355.25	12.3546
2353.68	0.0770264
2352.12	7.79797
2350.56	38.5177
2348.99	17.2351
2347.43	-15.0487
2345.86	-19.3347
2344.29	33.3781
2342.73	38.089
2341.16	0.79834
2339.59	-19.4937
2338.03	13.2123
2336.46	46.9161
2334.89	0.618896
2333.32	27.3198
2331.75	17.019
2330.18	12.7159
2328.61	-1.58789
2327.04	-2.89429
2325.47	39.7979
2323.9	15.4885
2322.33	65.1768
2320.76	22.864
2319.18	7.54919
2317.61	2.23206
2316.04	15.9142
2314.47	23.5941
2312.89	40.2719
2311.32	27.948
2309.74	28.6227
2308.17	10.2958
2306.59	9.96643
2305.02	47.6355
2303.44	26.303
2301.86	71.9684
2300.29	56.6327
2298.71	5.29456
2297.13	47.955
2295.55	84.613
2293.97	8.27002
2292.4	-2.07532
2290.82	65.5779
2289.24	56.2291
2287.66	45.8784
2286.08	11.5264
2284.49	31.1719
2282.91	-5.18372
2281.33	31.4585
2279.75	27.0991
2278.17	59.7378
2276.58	20.3746
2275	38.0096
2273.42	27.6427
2271.83	122.274
2270.25	13.9043
2268.66	33.5317
2267.08	26.158
2265.49	77.7821
2263.91	10.4047
2262.32	68.0259
2260.73	34.6447
2259.14	24.262
2257.56	57.8771
2255.97	-4.50916
2254.38	41.1029
2252.79	79.713
2251.2	36.321
2249.61	33.9275
2248.02	32.5327
2246.43	46.1355
2244.84	48.7368
2243.25	50.3365
2241.66	52.9338
2240.07	35.5299
2238.47	67.1246
2236.88	39.717
2235.29	16.3076
2233.69	52.897
2232.1	37.4839
2230.5	88.0698
2228.91	63.6537
2227.31	63.236
2225.72	98.8164
2224.12	44.3956
2222.53	54.9725
2220.93	68.5482
2219.33	89.1216
2217.73	66.6937
2216.14	50.2643
2214.54	70.8328
2212.94	33.3999
2211.34	36.9656
2209.74	34.5292
2208.14	26.0916
2206.54	41.6514
2204.94	32.2104
2203.34	54.7676
2201.74	83.3231
2200.13	43.8771
2198.53	41.4297
2196.93	55.9801
2195.33	44.5294
2193.72	10.077
2192.12	-12.3773
2190.51	59.167
2188.91	21.7103
2187.3	81.2513
2185.7	73.7906
2184.09	3.3291
2182.48	16.8652
2180.88	37.4004
2179.27	39.9338
2177.66	39.4658
2176.05	31.9961
2174.45	49.5248
2172.84	75.0524
2171.23	67.5779
2169.62	123.102
2168.01	60.6252
2166.4	76.1467
2164.79	52.6666
2163.18	72.1847
2161.56	84.7014
2159.95	59.2172
2158.34	91.7308
2156.73	37.2434
2155.11	46.7545
2153.5	46.2643
2151.89	106.772
2150.27	40.2788
2148.66	55.7845
2147.04	48.2882
2145.43	94.791
2143.81	40.2921
2142.19	62.7919
2140.58	89.2902
2138.96	90.7869
2137.34	19.282
2135.72	37.7758
2134.1	94.2689
2132.48	68.7605
2130.86	84.25
2129.25	49.7384
2127.63	58.2264
2126	61.712
2124.38	26.1964
2122.76	65.6798
2121.14	79.1611
2119.52	74.642
2117.9	58.1212
2116.27	29.599
2114.65	20.0753
2113.03	30.5503
2111.4	73.0245
2109.78	74.4967
2108.15	60.9681
2106.53	37.4381
2104.9	51.9069
2103.27	48.3739
2101.65	36.8397
2100.02	39.3042
2098.39	46.7678
2096.77	47.2302
2095.14	38.6904
2093.51	-9.84998
2091.88	22.6082
2090.25	37.0648
2088.62	46.5209
2086.99	51.9747
2085.36	24.4281
2083.73	51.8793
2082.1	12.3297
2080.46	22.7789
2078.83	46.2267
2077.2	69.6729
2075.57	49.1185
2073.93	58.5619
2072.3	61.0049
2070.66	61.4463
2069.03	20.8865
2067.4	69.325
2065.76	59.7622
2064.12	38.198
2062.49	13.6331
2060.85	16.066
2059.21	65.4984
2057.58	59.9292
2055.94	42.3585
2054.3	57.7866
2052.66	8.21326
2051.02	11.6389
2049.38	12.0625
2047.74	16.4855
2046.1	89.907
2044.46	38.327
2042.82	22.7455
2041.18	50.1625
2039.53	3.57813
2037.89	57.9928
2036.25	-0.594482
2034.61	42.8173
2032.96	57.2274
2031.32	61.6362
2029.67	62.0435
2028.03	21.4497
2026.38	42.8539
2024.74	49.2571
2023.09	86.6581
2021.44	26.0582
2019.8	28.4568
2018.15	6.85364
2016.5	29.2496
2014.85	24.6433
2013.21	50.0359
2011.56	18.4265
2009.91	64.8159
2008.26	27.2036
2006.61	17.5896
2004.96	19.9746
2003.3	61.3574
2001.65	33.7383
2000	46.1182
1998.35	46.4961
1996.7	36.8726
1995.04	18.2471
1993.39	29.6199
1991.74	22.9915
1990.08	52.3604
1988.43	48.7283
1986.77	37.0942
1985.12	45.4578
1983.46	67.8198
1981.8	55.1809
1980.15	20.5393
1978.49	73.8955
1976.83	69.2505
1975.17	65.6035
1973.51	70.9546
1971.86	70.3037
1970.2	22.6506
1968.54	56.9954
1966.88	40.3386
1965.22	56.6792
1963.55	81.0183
1961.89	32.3552
1960.23	32.6899
1958.57	60.0225
1956.91	45.3525
1955.24	46.6814
1953.58	-8.99316
1951.92	36.3308
1950.25	55.6526
1948.59	22.9717
1946.92	23.2886
1945.26	12.6038
1943.59	27.9155
1941.92	53.2258
1940.26	29.533
1938.59	64.8379
1936.92	39.1404
1935.25	25.4404
1933.59	31.7385
1931.92	9.03296
1930.25	25.325
1928.58	39.615
1926.91	75.9023
1925.24	16.1865
1923.57	18.4683
1921.9	41.7471
1920.22	30.0237
1918.55	13.2966
1916.88	48.5674
1915.21	50.8352
1913.53	15.1001
1911.86	50.3618
1910.18	1.62061
1908.51	25.877
1906.83	64.1292
1905.16	31.3792
1903.48	44.626
1901.81	54.8696
1900.13	24.1099
1898.45	44.3469
1896.78	19.5813
1895.1	48.8115
1893.42	37.0391
1891.74	15.2632
1890.06	44.4839
1888.38	42.7007
1886.7	36.9143
1885.02	32.125
1883.34	82.3313
1881.66	31.5344
1879.98	65.7341
1878.3	-2.07007
1876.61	19.1218
1874.93	-0.689941
1873.25	-5.50488
1871.56	40.6755
1869.88	43.8528
1868.19	48.0259
1866.51	35.1951
1864.82	-2.63989
1863.14	9.52124
1861.45	18.6787
1859.76	53.8313
1858.08	3.98047
1856.39	62.1252
1854.7	-8.73413
1853.01	43.4019
1851.32	47.5344
1849.63	9.66187
1847.95	55.7854
1846.25	5.90381
1844.56	-12.9817
1842.87	-1.87183
1841.18	38.2341
1839.49	42.3347
1837.8	50.4304
1836.11	-24.4775
1834.41	0.609375
1832.72	15.6914
1831.03	-21.2312
1829.33	-10.1592
1827.64	4.90894
1825.94	26.9712
1824.25	5.02905
1822.55	24.0811
1820.85	24.1289
1819.16	17.1721
1817.46	-8.79077
1815.76	-4.75879
1814.06	19.2686
1812.36	-53.7104
1810.67	-17.6938
1808.97	-9.68262
1807.27	13.323
1805.57	-5.67627
1803.87	-17.6816
1802.17	19.3079
1800.46	-9.70898
1798.76	11.2693
1797.06	-15.7581
1795.36	-0.790527
1793.65	1.17017
1791.95	-4.87476
1790.25	-24.925
1788.54	-11.981
1786.84	16.957
1785.13	-19.1113
1783.43	-43.1855
1781.72	3.73413
1780.01	24.6484
1778.31	34.5557
1776.6	31.4575
1774.89	36.3533
1773.18	26.2424
1771.47	0.125244
1769.77	-27.9973
1768.06	-49.1272
1766.35	16.7371
1764.64	4.59497
1762.92	0.446289
1761.21	43.291
1759.5	11.1292
1757.79	30.9614
1756.08	33.7861
1754.36	8.60498
1752.65	23.417
1750.94	30.2224
1749.22	-6.97925
1747.51	26.8132
1745.79	71.5979
1744.08	53.3762
1742.36	30.1479
1740.65	57.9126
1738.93	37.6699
1737.21	47.4204
1735.49	45.1638
1733.78	11.9009
1732.06	16.6309
1730.34	45.3525
1728.62	-12.9319
1726.9	8.77734
1725.18	53.4783
1723.46	24.1719
1721.74	-2.14111
1720.02	39.5388
1718.3	-32.7888
1716.57	45.8762
1714.85	64.5337
1713.13	16.1838
1711.41	75.8274
1709.68	42.4624
1707.96	62.0908
1706.23	26.7117
1704.51	27.3252
1702.78	21.9319
1701.05	33.5298
1699.33	98.1211
1697.6	61.7039
1695.87	82.2798
1694.15	42.8481
1692.42	35.4089
1690.69	59.9626
1688.96	54.5078
1687.23	46.0461
1685.5	26.5769
1683.77	72.0996
1682.04	46.6145
1680.31	101.122
1678.58	29.6211
1676.85	86.1138
1675.11	75.5984
1673.38	-25.9248
1671.65	93.5439
1669.91	51.0051
1668.18	51.4585
1666.44	58.9048
1664.71	91.3423
1662.97	111.773
1661.24	77.1956
1659.5	53.6104
1657.76	90.0173
1656.03	83.4177
1654.29	113.809
1652.55	113.193
1650.81	162.57
1649.07	126.938
1647.33	100.299
1645.59	106.652
1643.85	68.998
1642.11	96.3352
1640.37	164.666
1638.63	77.988
1636.89	80.303
1635.15	103.611
1633.4	75.9102
1631.66	105.203
1629.92	62.4863
1628.17	111.763
1626.43	114.032
1624.68	127.294
1622.94	122.549
1621.19	107.795
1619.45	117.035
1617.7	130.267
1615.95	129.491
1614.21	113.708
1612.46	138.917
1610.71	196.119
1608.96	99.3145
1607.21	143.502
1605.46	74.6829
1603.71	197.856
1601.96	169.021
1600.21	129.18
1598.46	113.332
1596.71	139.475
1594.95	161.613
1593.2	157.743
1591.45	80.8667
1589.7	150.984
1587.94	143.093
1586.19	132.196
1584.43	195.292
1582.68	161.382
1580.92	122.464
1579.16	165.539
1577.41	212.608
1575.65	148.671
1573.89	145.727
1572.13	140.776
1570.38	124.819
1568.62	118.856
1566.86	117.886
1565.1	70.9097
1563.34	92.9282
1561.58	42.9402
1559.82	92.9458
1558.06	92.9451
1556.29	89.9385
1554.53	76.9268
1552.77	34.908
1551.01	51.8843
1549.24	72.855
1547.48	71.8196
1545.71	5.77832
1543.95	58.7329
1542.18	39.6804
1540.42	64.6235
1538.65	76.5613
1536.89	60.4937
1535.12	-24.5796
1533.35	48.342
1531.58	59.2598
1529.82	75.1724
1528.05	20.0786
1526.28	-2.0188
1524.51	36.8804
1522.74	-53.2268
1520.97	86.6614
1519.2	31.5461
1517.42	23.4265
1515.65	-30.6978
1513.88	42.1736
1512.11	7.04077
1510.33	-10.0964
1508.56	1.76367
1506.79	15.6199
1505.01	24.4719
1503.24	27.3203
1501.46	3.16479
1499.69	-46.9946
1497.91	46.844
1496.13	25.6777
1494.36	-8.49048
1492.58	-8.66211
1490.8	39.1631
1489.02	7.98657
1487.24	-14.1941
1485.46	-2.37671
1483.68	47.4382
1481.9	54.2502
1480.12	61.0601
1478.34	51.8669
1476.56	114.673
1474.78	27.4753
1473	9.27686
1471.21	39.0764
1469.43	80.874
1467.65	-23.3303
1465.86	27.4651
1464.08	71.2573
1462.29	52.0496
1460.51	71.8403
1458.72	1.62988
1456.93	107.418
1455.15	32.2065
1453.36	78.9929
1451.57	92.7795
1449.79	108.565
1448	59.3508
1446.21	12.1355
1444.42	79.9199
1442.63	67.7053
1440.84	41.4905
1439.05	33.2759
1437.26	26.061
1435.46	-11.1536
1433.67	12.6321
1431.88	44.4197
1430.09	50.2063
1428.29	46.9949
1426.5	38.7842
1424.71	-2.42554
1422.91	7.36572
1421.12	105.159
1419.32	55.9541
1417.52	3.74878
1415.73	67.5464
1413.93	35.3457
1412.13	82.1479
1410.34	-18.0496
1408.54	-13.2437
1406.74	4.56445
1404.94	-8.62549
1403.14	-2.81299
1401.34	47.0017
1399.54	17.8188
1397.74	-14.3601
1395.94	37.4639
1394.14	4.29077
1392.33	72.1204
1390.53	75.9531
1388.73	53.7891
1386.92	110.63
1385.12	122.474
1383.32	46.321
1381.51	93.1724
1379.7	38.0271
1377.9	44.886
1376.09	23.75
1374.29	21.6179
1372.48	5.49023
1370.67	34.3667
1368.86	18.2478
1367.05	16.1333
1365.25	60.0247
1363.44	21.9194
1361.63	-1.17969
1359.82	27.7261
1358.01	18.6384
1356.19	49.5542
1354.38	10.4768
1352.57	59.4036
1350.76	36.3367
1348.95	46.2754
1347.13	42.2197
1345.32	15.1711
1343.5	46.1272
1341.69	41.0903
1339.87	21.0593
1338.06	39.0344
1336.24	16.0159
1334.43	22.0032
1332.61	87.9985
1330.79	23.0002
1328.97	46.0083
1327.16	57.0229
1325.34	17.0442
1323.52	62.0723
1321.7	108.109
1319.88	80.1504
1318.06	52.2004
1316.24	123.257
1314.41	116.322
1312.59	59.3943
1310.77	106.473
1308.95	88.5601
1307.12	96.6545
1305.3	41.7563
1303.48	37.8657
1301.65	63.9827
1299.83	52.1084
1298	32.2417
1296.18	71.3816
1294.35	70.5317
1292.52	19.6882
1290.69	34.8528
1288.87	55.0264
1287.04	59.2065
1285.21	29.3962
1283.38	16.5935
1281.55	24.7988
1279.72	-33.9863
1277.89	12.2354
1276.06	36.4661
1274.23	8.70508
1272.4	-21.0479
1270.57	16.2075
1268.73	-5.52905
1266.9	16.7437
1265.07	16.0247
1263.23	51.3137
1261.4	-37.3887
1259.56	-9.08301
1257.73	50.2307
1255.89	34.5537
1254.06	20.8853
1252.22	-62.7764
1250.38	2.57129
1248.54	-3.07178
1246.71	-42.7078
1244.87	-18.3345
1243.03	66.0457
1241.19	3.43506
1239.35	-26.1675
1237.51	-31.7607
1235.67	-18.3474
1233.83	30.075
1231.98	-50.4958
1230.14	-26.0579
1228.3	-26.6118
1226.46	-9.15723
1224.61	-33.696
1222.77	2.77417
1220.92	-76.7495
1219.08	-58.2644
1217.23	-52.772
1215.39	-98.271
1213.54	-82.7642
1211.7	-38.2488
1209.85	-33.7263
1208	-64.197
1206.15	-94.6609
1204.3	-38.1177
1202.45	-44.5679
1200.61	-68.0103
1198.76	-76.446
1196.91	-64.8755
1195.05	-11.2988
1193.2	-87.7158
1191.35	-25.1255
1189.5	-40.5305
1187.65	10.0713
1185.79	-30.321
1183.94	-47.708
1182.09	-53.0881
1180.23	-28.4644
1178.38	-67.8342
1176.52	-97.1992
1174.67	-61.5593
1172.81	27.0852
1170.95	-14.2656
1169.1	29.3889
1167.24	9.04761
1165.38	17.7104
1163.52	21.3772
1161.66	35.0474
1159.8	23.7212
1157.94	38.3994
1156.08	-17.9192
1154.22	82.7639
1152.36	68.4509
1150.5	81.1416
1148.64	-10.1665
1146.77	-37.4714
1144.91	-22.7747
1143.05	56.9233
1141.18	-1.37549
1139.32	-4.67407
1137.45	65.0286
1135.59	-43.2671
1133.72	39.438
1131.86	5.14331
1129.99	-37.1511
1128.12	-27.4458
1126.25	-32.7397
1124.39	-55.0352
1122.52	54.6694
1120.65	-53.6272
1118.78	-13.9248
1116.91	0.776611
1115.04	20.4753
1113.17	14.1729
1111.3	-39.1323
1109.42	13.5603
1107.55	-48.7505
1105.68	7.93677
1103.81	-50.3806
1101.93	-67.7009
1100.06	12.9746
1098.18	-65.3542
1096.31	-5.68774
1094.43	-6.02539
1092.56	-48.3691
1090.68	-66.7175
1088.8	-7.07178
1086.93	-20.4324
1085.05	38.2004
1083.17	-124.173
1081.29	-38.5537
1079.41	-91.9414
1077.53	15.6631
1075.65	-35.7405
1073.77	13.8484
1071.89	5.42749
1070.01	60.9985
1068.13	-24.4399
1066.24	21.1118
1064.36	56.6533
1062.48	91.1855
1060.59	77.7058
1058.71	71.2158
1056.83	112.714
1054.94	159.201
1053.05	147.676
1051.17	149.139
1049.28	164.588
1047.39	82.0244
1045.51	94.4475
1043.62	78.8567
1041.73	142.251
1039.84	54.6326
1037.95	85.9988
1036.06	41.3484
1034.17	107.684
1032.28	44.0029
1030.39	81.3052
1028.5	81.5918
1026.61	109.86
1024.71	105.111
1022.82	226.345
1020.93	213.561
1019.03	331.757
1017.14	326.936
1015.24	405.094
1013.35	444.233
1011.45	528.352
1009.56	625.452
1007.66	601.529
1005.76	649.587
1003.86	689.623
1001.97	691.636
1000.07	626.628
998.167	607.596
996.268	527.543
994.368	452.466
992.466	333.365
990.565	237.24
988.664	324.092
986.762	278.917
984.86	159.719
982.957	162.496
981.053	200.244
979.15	135.97
977.245	89.6672
975.34	92.3374
973.435	57.9817
971.53	55.5984
969.624	53.187
967.717	50.7473
965.809	22.2791
963.902	50.7832
961.994	50.2578
960.086	14.7029
958.177	40.1179
956.267	31.5027
954.357	67.8569
952.447	58.1819
950.536	98.4756
948.625	-31.2622
946.713	42.968
944.8	97.1663
942.888	40.3337
940.974	116.467
939.061	55.5688
937.147	58.6375
935.233	-46.3254
933.317	18.676
931.402	44.6453
929.485	8.57861
927.569	65.479
925.652	111.345
923.735	127.177
921.817	27.9731
919.899	29.7351
917.98	-9.53833
916.061	35.1521
914.141	46.8069
912.22	38.425
910.3	23.009
908.378	83.5542
906.456	1.0647
904.534	8.53809
902.612	65.9766
900.689	60.3757
898.766	57.7395
896.841	28.0635
894.916	47.3521
892.991	61.603
891.066	72.8179
889.14	56.9927
887.214	59.1313
885.287	100.232
883.36	47.2944
881.432	114.319
879.504	91.3062
877.575	14.2534
875.646	16.1643
873.716	111.037
871.786	139.87
869.855	79.6655
867.924	136.425
865.992	144.143
864.06	56.8242
862.128	-11.5325
860.194	54.0723
858.261	29.6411
856.327	86.1689
854.393	97.6606
852.458	71.1145
850.522	104.53
848.586	35.9075
846.65	51.2495
844.714	33.5537
842.776	113.818
840.838	43.0464
838.901	106.24
836.961	48.3948
835.023	82.5144
833.082	85.5947
831.142	21.6409
829.202	25.6506
827.261	47.627
825.319	111.564
823.377	40.4688
821.434	45.3347
819.491	-11.8315
817.548	11.97
815.604	-15.2659
813.66	15.4666
811.715	71.1624
809.769	138.827
807.823	-16.5413
805.878	99.0601
803.93	20.626
801.983	97.1626
800.035	5.66455
798.087	-32.8621
796.139	-38.417
794.189	32.9949
792.24	45.3796
790.289	-15.2683
788.339	4.05737
786.387	-16.6453
784.436	-24.3733
782.484	-31.1321
780.532	5.08545
778.578	-20.7273
776.624	-2.56274
774.671	-44.4207
772.716	-3.30664
770.762	-66.2136
768.806	-1.14771
766.85	-83.1018
764.893	-34.0781
762.937	-25.0735
760.979	-46.0933
759.022	-27.1299
757.064	-35.187
755.105	-34.2627
753.145	-79.3574
751.185	-73.4697
749.226	-167.596
747.264	-57.7417
745.303	-8.8999
743.341	-9.07275
741.38	-61.2563
739.417	-42.457
737.454	-14.6665
735.49	-123.888
733.526	-90.1201
731.562	-45.3618
729.596	-159.613
727.631	-113.87
725.665	-108.134
723.699	-10.4048
721.732	-25.6816
719.764	-104.963
717.797	-35.2456
715.828	-56.5342
713.859	-46.8218
711.889	-48.1108
709.919	-79.4004
707.949	5.31396
705.978	-72.9736
704.007	-5.25537
702.035	-25.5337
700.063	-58.8081
698.091	91.9263
696.117	-13.3359
694.143	-4.58838
692.169	41.168
690.194	-13.0669
688.219	68.7085
686.244	88.498
684.267	45.2964
682.291	-10.8882
680.314	83.9409
678.336	43.7852
676.358	-32.3511
674.379	74.5264
672.4	-54.5742
670.421	-22.6563
668.441	-64.7178
666.46	74.2422
664.479	6.22705
662.497	20.2319
660.516	34.2646
658.533	136.322
656.55	12.4063
654.567	118.521
652.583	36.6597
650.598	215.832
648.614	236.033
646.628	284.266
644.643	314.535
642.656	355.833
640.669	362.168
638.682	265.539
636.694	237.945
634.706	230.388
632.717	231.872
630.728	209.392
628.738	129.954
626.748	133.557
624.757	188.201
622.766	137.89
620.774	19.6191
618.782	17.3955
616.789	80.2158
614.796	26.082
612.802	95.9951
610.808	7.95703
608.814	-56.0327
606.818	-40.9771
604.822	19.1309
602.827	83.291
600.83	-3.50049
598.833	-20.2388
596.836	44.0747
594.838	-58.5591
592.839	-47.1401
590.84	61.332
588.841	97.8608
586.84	31.4414
584.84	-75.9204
582.838	-11.2271
580.838	36.5239
578.835	-41.6709
576.833	-48.8076
574.83	-8.8877
572.827	-84.9106
570.822	-77.8765
568.818	-22.7856
566.813	-66.6348
564.808	62.5732
562.802	-35.1616
560.795	-71.8384
558.788	-20.458
556.781	26.9819
554.773	29.479
552.765	69.0327
550.756	40.6436
548.747	84.311
546.737	112.037
544.726	128.816
542.716	224.653
540.704	180.545
538.692	188.492
536.68	216.494
534.667	207.547
532.654	187.655
530.64	203.814
528.626	274.025
526.611	324.287
524.596	303.597
522.58	297.956
520.564	344.363
518.547	317.815
516.529	241.313
514.512	355.854
512.494	213.439
510.476	175.064
508.456	219.728
506.436	144.43
504.416	148.168
502.395	124.942
500.374	62.748
498.353	47.585
496.33	24.4507
494.307	20.3433
492.284	9.26172
490.261	107.203
488.237	16.1636
486.212	9.14209
484.187	11.1367
482.161	74.145
480.134	82.1626
478.108	71.1885
476.081	32.2197
474.054	65.2534
472.025	-18.7148
469.997	62.314
467.968	-48.6646
465.938	106.346
463.908	57.3433
461.877	61.3223
459.846	110.282
457.814	59.2168
455.782	139.124
453.75	100.998
451.716	105.836
449.683	78.6348
447.649	99.3892
445.614	111.095
443.579	64.7476
441.543	69.3428
439.508	183.877
437.47	150.342
435.433	103.738
433.396	171.057
431.358	125.295
429.319	210.445
427.28	83.5044
425.241	175.466
423.201	83.3257
421.16	116.076
419.118	137.711
417.077	116.229
415.035	101.621
412.993	198.88
410.949	240.001
408.905	197.978
406.862	208.805
404.816	220.472
402.771	261.978
400.727	305.315
398.68	230.472
396.633	192.443
394.586	201.226
392.539	191.81
390.491	148.187
388.442	168.35
386.393	225.294
384.344	138.01
382.293	140.485
380.242	134.719
378.192	77.7041
376.14	79.4243
374.088	72.8789
372.035	69.0562
369.982	92.9473
367.928	-44.4556
365.874	40.8379
363.82	65.8242
361.765	9.48975
359.709	95.8257
357.653	64.8228
355.596	-33.5278
353.539	14.7695
351.481	-70.3052
349.423	-60.75
347.364	-47.5801
345.305	-61.7993
343.245	54.5708
341.185	-34.4678
339.125	46.0698
337.063	24.1738
335.001	30.833
332.94	-1.95459
330.876	45.7861
328.813	-110.94
326.749	3.84863
324.685	75.1426
322.621	-29.0605
320.555	34.2119
318.489	72.9673
316.423	19.1855
314.356	24.8569
312.29	30.98
310.221	22.5254
308.153	-40.4976
306.084	-80.1104
304.015	-4.32275
301.946	9.86523
299.875	-4.5791
297.804	82.3564
295.733	43.6499
293.661	1.29053
291.588	71.2681
289.516	138.585
287.443	58.2173
285.369	120.156
283.295	216.39
281.22	222.909
279.144	266.703
277.068	220.776
274.992	458.104
272.915	447.678
270.837	529.487
268.76	722.538
266.681	807.788
264.602	914.262
262.523	1089.93
260.443	1169.81
258.362	1330.85
256.282	1534.08
254.2	1712.46
252.118	1920
250.036	2000.72
247.952	2331.55
245.869	2410.53
243.784	2521.62
241.7	2755.84
239.616	2567.2
237.53	2626.63
235.443	2571.17
233.357	2509.82
231.27	2371.55
229.182	2265.37
227.094	2187.29
225.005	1984.26
222.916	2028.32
220.827	1869.44
218.737	1732.63
216.646	1536.88
214.555	1496.21
212.462	1278.57
210.37	1171.01
208.278	981.509
206.185	875.091
204.091	794.701
201.997	586.396
199.902	468.152
197.807	321.971
195.711	217.854
193.615	87.8379
191.517	2.86572
189.42	-52.9951
187.322	-112.77
185.224	-84.4502
183.125	-273.997
181.025	-176.465
178.926	-267.779
176.825	-288.963
174.724	-178.003
172.623	-242.853
170.521	-110.567
168.418	-69.0645
166.315	108.64
164.212	288.561
162.108	554.754
160.003	912.164
157.898	1264.88
155.793	1822.9
153.686	2621.24
151.58	3004.96
149.473	3276.01
147.365	3174.5
145.257	3005.41
143.148	2464.78
141.039	1977.63
138.929	1535.05
136.819	1077.02
134.709	613.58
132.597	572.771
130.485	425.631
128.373	73.2432
126.26	67.5693
124.147	150.735
122.033	-5.25
119.919	-165.298
117.804	-108.439
115.688	-44.5371
113.573	132.422
111.456	-47.5039
109.339	101.745
107.222	268.273
105.103	257.063
102.985	404.263
100.866	384.902
98.7467	421.093
96.6262	228.831
