3502.52	-2.59082
3501.25	10.3339
3499.98	-16.7566
3498.71	-21.8607
3497.44	2.02002
3496.17	-0.112915
3494.9	-17.261
3493.62	-2.42285
3492.35	-22.5997
3491.08	-2.79114
3489.8	-4.99634
3488.53	6.78333
3487.26	-11.4508
3485.98	-25.7
3484.71	-14.9636
3483.43	7.75879
3482.16	-9.53381
3480.88	3.15894
3479.6	-13.1626
3478.33	10.5017
3477.05	0.151001
3475.77	13.7856
3474.5	-3.59399
3473.22	-1.98853
3471.94	-3.39746
3470.66	9.17944
3469.38	6.74121
3468.1	2.28845
3466.82	-17.1791
3465.54	-13.661
3464.26	10.8422
3462.98	-13.6693
3461.7	-16.1953
3460.42	-13.7362
3459.14	2.70825
3457.86	5.13794
3456.57	8.55286
3455.29	-6.04688
3454.01	11.3381
3452.73	-2.29126
3451.44	-6.93555
3450.16	4.4054
3448.87	11.7314
3447.59	-3.9574
3446.3	3.33875
3445.02	15.62
3443.73	-1.11353
3442.45	1.1377
3441.16	-8.62573
3439.88	4.59583
3438.59	-3.19788
3437.3	6.99365
3436.01	8.17004
3434.73	23.3313
3433.44	17.4775
3432.15	23.6086
3430.86	8.72473
3429.57	1.82556
3428.28	16.9113
3426.99	7.98181
3425.7	13.0371
3424.41	22.0771
3423.12	12.1021
3421.83	-5.88831
3420.54	27.106
3419.24	16.085
3417.95	20.0487
3416.66	22.9971
3415.37	15.9301
3414.07	14.8477
3412.78	28.7499
3411.48	8.6366
3410.19	30.5081
3408.9	14.3639
3407.6	24.2043
3406.31	39.0293
3405.01	30.8387
3403.72	33.6326
3402.42	37.4109
3401.12	20.1735
3399.82	24.9205
3398.53	20.6521
3397.23	26.3679
3395.93	38.0681
3394.63	30.7526
3393.33	17.4216
3392.04	31.0748
3390.74	33.7122
3389.44	51.3337
3388.14	28.9396
3386.84	4.52954
3385.53	31.1036
3384.23	33.6624
3382.93	32.205
3381.63	34.7316
3380.33	40.2423
3379.03	49.7374
3377.72	32.2164
3376.42	63.6794
3375.12	30.1267
3373.81	38.5577
3372.51	20.9733
3371.2	42.3722
3369.9	25.7557
3368.59	44.1227
3367.29	66.474
3365.98	56.8088
3364.68	31.1281
3363.37	32.4305
3362.06	61.7177
3360.76	25.9884
3359.45	41.2427
3358.14	27.4812
3356.83	15.7036
3355.52	7.90918
3354.22	22.0992
3352.91	3.27307
3351.6	39.4307
3350.29	31.572
3348.98	28.6964
3347.67	29.8052
3346.36	33.8978
3345.04	38.9741
3343.73	3.03418
3342.42	35.0778
3341.11	39.1051
3339.8	16.1162
3338.48	36.1108
3337.17	22.0891
3335.86	31.051
3334.54	26.9968
3333.23	14.926
3331.91	33.8398
3330.6	18.7362
3329.28	10.6162
3327.97	1.47986
3326.65	31.3273
3325.34	8.15894
3324.02	-12.0267
3322.7	22.7712
3321.38	15.5538
3320.07	18.3188
3318.75	38.0675
3317.43	-9.1991
3316.11	9.51648
3314.79	13.2168
3313.47	11.8998
3312.15	5.56714
3310.83	25.217
3309.51	11.8516
3308.19	8.46973
3306.87	-12.9297
3305.55	-10.3444
3304.23	2.22437
3302.9	10.7754
3301.58	2.31116
3300.26	14.8307
3298.94	-6.66626
3297.61	-21.181
3296.29	18.2889
3294.96	-10.2574
3293.64	-16.8203
3292.31	-2.39929
3290.99	5.005
3289.66	-19.6072
3288.34	-21.2356
3287.01	-6.88025
3285.68	-10.5417
3284.36	-2.21924
3283.03	5.08679
3281.7	-8.62378
3280.37	-6.35046
3279.05	-27.0924
3277.72	4.14819
3276.39	-9.62769
3275.06	-7.4198
3273.73	-11.2269
3272.4	-16.0516
3271.07	-1.8927
3269.74	6.25146
3268.41	20.3778
3267.08	11.4895
3265.74	20.5834
3264.41	28.6627
3263.08	9.72388
3261.75	19.7708
3260.41	7.79993
3259.08	13.8146
3257.75	-1.18896
3256.41	45.7935
3255.08	33.7595
3253.74	62.7079
3252.41	42.642
3251.07	62.5602
3249.74	78.4622
3248.4	37.348
3247.06	75.2161
3245.73	62.0703
3244.39	46.9086
3243.05	77.7307
3241.71	83.5366
3240.37	89.3274
3239.04	78.1018
3237.7	74.8606
3236.36	87.6038
3235.02	91.3309
3233.68	59.0422
3232.34	95.7397
3231	65.42
3229.66	118.085
3228.31	102.733
3226.97	95.3684
3225.63	110.986
3224.29	116.588
3222.94	83.1765
3221.6	104.748
3220.26	109.303
3218.91	43.8452
3217.57	103.37
3216.23	73.8817
3214.88	69.3756
3213.53	95.8567
3212.19	112.322
3210.84	82.7706
3209.5	88.2059
3208.15	74.6263
3206.8	77.0292
3205.46	67.4189
3204.11	81.7941
3202.76	81.1539
3201.41	92.4991
3200.06	94.8269
3198.71	120.142
3197.36	66.4429
3196.01	116.728
3194.66	76.9993
3193.31	86.2552
3191.96	81.4969
3190.61	69.7238
3189.26	62.9382
3187.91	86.136
3186.56	73.3191
3185.2	77.4879
3183.85	71.6422
3182.5	90.785
3181.14	86.9106
3179.79	75.0217
3178.44	70.1216
3177.08	39.2043
3175.73	55.2733
3174.37	58.3307
3173.01	56.3711
3171.66	78.4005
3170.3	105.416
3168.95	64.4147
3167.59	78.4023
3166.23	67.3738
3164.87	55.3339
3163.51	63.2802
3162.16	57.2126
3160.8	76.1295
3159.44	93.035
3158.08	53.9272
3156.72	63.8064
3155.36	71.6714
3154	55.5234
3152.64	48.3625
3151.28	61.1882
3149.91	44.0006
3148.55	100.8
3147.19	64.5864
3145.83	91.3601
3144.46	76.1206
3143.1	85.8685
3141.74	96.6058
3140.37	69.3278
3139.01	107.037
3137.64	89.7371
3136.28	76.4209
3134.91	100.093
3133.55	90.7548
3132.18	100.402
3130.81	60.0393
3129.45	93.6613
3128.08	65.2744
3126.71	58.8721
3125.34	72.4611
3123.98	102.037
3122.61	39.5994
3121.24	63.1525
3119.87	64.6935
3118.5	93.2225
3117.13	60.7401
3115.76	77.2428
3114.39	65.7374
3113.02	74.2203
3111.64	58.6914
3110.27	75.1516
3108.9	73.6002
3107.53	58.038
3106.15	84.4644
3104.78	36.8824
3103.41	85.2869
3102.03	82.6799
3100.66	27.0625
3099.29	94.4365
3097.91	78.7977
3096.53	59.1472
3095.16	37.4897
3093.78	37.8188
3092.41	36.1372
3091.03	32.4481
3089.65	2.74524
3088.27	24.0356
3086.9	40.3157
3085.52	43.5826
3084.14	19.8427
3082.76	37.0923
3081.38	61.3291
3080	21.5592
3078.62	31.7799
3077.24	59.9906
3075.86	22.1914
3074.48	52.3823
3073.1	36.5615
3071.72	33.7338
3070.33	41.897
3068.95	51.0507
3067.57	42.1984
3066.19	-5.66614
3064.8	29.4601
3063.42	-6.42224
3062.03	19.6862
3060.65	41.7889
3059.26	35.88
3057.88	36.962
3056.49	29.0386
3055.11	36.1036
3053.72	23.1605
3052.33	-15.7883
3050.95	-0.748657
3049.56	19.286
3048.17	18.3123
3046.78	-17.672
3045.4	32.3384
3044.01	28.3403
3042.62	28.3322
3041.23	7.31873
3039.84	5.29797
3038.45	10.2693
3037.06	-27.7672
3035.67	28.1892
3034.28	-5.86206
3032.88	13.0797
3031.49	-12.9867
3030.1	-12.0592
3028.71	17.8602
3027.31	-39.2271
3025.92	-9.3208
3024.52	27.5775
3023.13	29.4731
3021.74	4.35803
3020.34	-29.7633
3018.95	11.1122
3017.55	-31.0221
3016.16	-12.1602
3014.76	13.6921
3013.36	36.5424
3011.96	16.3823
3010.57	21.2188
3009.17	-8.95325
3007.77	31.8721
3006.37	-7.30884
3004.97	-5.49597
3003.57	9.30811
3002.17	22.1097
3000.77	35.9061
2999.37	22.6968
2997.97	43.4817
2996.57	-1.73914
2995.17	7.03516
2993.77	61.804
2992.37	62.568
2990.97	41.3267
2989.56	50.08
2988.16	40.8325
2986.76	93.5753
2985.35	12.3147
2983.95	33.0481
2982.54	81.7811
2981.14	32.5055
2979.73	45.2296
2978.33	79.9452
2976.92	60.6598
2975.51	96.3668
2974.11	60.0723
2972.7	81.7749
2971.29	65.4685
2969.89	89.1624
2968.48	84.8519
2967.07	92.5359
2965.66	87.2179
2964.25	98.896
2962.84	122.571
2961.43	110.24
2960.02	73.9066
2958.61	117.572
2957.2	137.233
2955.79	120.889
2954.38	124.543
2952.96	172.195
2951.55	97.8424
2950.14	95.4884
2948.73	77.1311
2947.31	80.769
2945.9	136.406
2944.48	113.04
2943.07	111.671
2941.65	86.3
2940.24	121.926
2938.82	117.55
2937.41	131.172
2935.99	122.791
2934.57	117.409
2933.16	173.023
2931.74	140.636
2930.32	137.247
2928.9	156.855
2927.48	152.461
2926.06	152.067
2924.64	87.6696
2923.22	119.271
2921.8	138.872
2920.38	156.47
2918.96	162.065
2917.54	123.661
2916.12	153.254
2914.7	106.847
2913.28	131.439
2911.85	124.027
2910.43	148.615
2909.01	85.2029
2907.58	19.7891
2906.16	84.376
2904.74	87.96
2903.31	90.5435
2901.88	96.125
2900.46	79.7075
2899.03	75.2896
2897.61	142.868
2896.18	22.4487
2894.75	87.0286
2893.33	82.6067
2891.9	118.186
2890.47	105.763
2889.04	43.3403
2887.61	36.9167
2886.18	106.493
2884.75	50.0703
2883.32	17.646
2881.89	44.2227
2880.46	42.7993
2879.03	49.3745
2877.6	58.9504
2876.17	54.5271
2874.74	44.1033
2873.3	48.6802
2871.87	40.2561
2870.44	28.835
2869.01	16.4116
2867.57	16.988
2866.14	6.56763
2864.7	-1.85376
2863.27	64.7246
2861.83	60.3044
2860.4	27.8843
2858.96	44.4653
2857.52	58.0466
2856.09	3.62817
2854.65	13.2109
2853.21	2.79565
2851.77	72.3792
2850.34	20.9656
2848.9	11.5508
2847.46	22.1389
2846.02	32.7268
2844.58	-10.6836
2843.14	31.907
2841.7	40.4978
2840.26	40.0901
2838.82	8.68311
2837.37	43.2776
2835.93	19.8745
2834.49	18.4709
2833.05	-1.92969
2831.6	5.66846
2830.16	-40.7295
2828.72	14.873
2827.27	-29.5227
2825.83	0.0825195
2824.38	21.6897
2822.94	48.2971
2821.49	55.9065
2820.05	-4.48071
2818.6	14.1311
2817.15	14.7466
2815.71	-8.6377
2814.26	-1.01978
2812.81	-29.3999
2811.36	16.2222
2809.91	43.845
2808.47	-41.5303
2807.02	-3.90405
2805.57	-30.2739
2804.12	-47.644
2802.67	3.98657
2801.22	-15.3782
2799.76	-32.7415
2798.31	-14.1047
2796.86	45.5352
2795.41	17.1772
2793.96	-15.179
2792.5	-1.53369
2791.05	3.11353
2789.6	-59.2349
2788.14	-5.58374
2786.69	-19.9294
2785.23	8.72607
2783.78	25.3845
2782.32	-41.9551
2780.86	40.7061
2779.41	29.3706
2777.95	-42.9629
2776.5	-30.2927
2775.04	-34.6218
2773.58	-0.949463
2772.12	-3.27295
2770.66	-61.5967
2769.2	-18.9163
2767.74	32.7644
2766.29	-10.551
2764.83	6.13574
2763.36	-19.1758
2761.9	-12.4846
2760.44	17.2083
2758.98	13.9033
2757.52	7.60156
2756.06	63.3013
2754.59	16.0042
2753.13	24.7075
2751.67	33.415
2750.2	30.1245
2748.74	53.8359
2747.28	-4.45068
2745.81	24.2651
2744.35	41.9832
2742.88	36.7046
2741.41	30.4272
2739.95	47.1531
2738.48	-19.1204
2737.01	-16.3906
2735.55	45.342
2734.08	2.07642
2732.61	7.81348
2731.14	-5.448
2729.67	6.29297
2728.2	25.0359
2726.73	46.7808
2725.26	41.5298
2723.79	23.2791
2722.32	9.03174
2720.85	49.7871
2719.38	28.5444
2717.91	30.3035
2716.44	53.0647
2714.96	17.8281
2713.49	-0.40625
2712.02	53.3623
2710.54	-3.86841
2709.07	20.9033
2707.59	35.6782
2706.12	-31.5442
2704.64	31.2344
2703.17	0.0153809
2701.69	-21.2019
2700.22	23.5835
2698.74	50.3699
2697.26	61.1584
2695.78	-2.04956
2694.31	30.7434
2692.83	11.5393
2691.35	2.33716
2689.87	-9.86353
2688.39	5.93604
2686.91	12.7395
2685.43	4.54639
2683.95	6.35303
2682.47	28.1611
2680.99	-20.0271
2679.51	-5.21509
2678.03	-1.39966
2676.54	31.4153
2675.06	46.2339
2673.58	2.05396
2672.09	41.876
2670.61	9.69946
2669.13	-10.4741
2667.64	1.35229
2666.16	5.17993
2664.67	-4.98901
2663.18	4.84204
2661.7	64.6758
2660.21	32.5115
2658.72	40.3486
2657.24	3.18677
2655.75	18.0261
2654.26	63.8674
2652.77	11.7112
2651.28	-70.4453
2649.8	-25.5994
2648.31	-61.7529
2646.82	3.09595
2645.33	32.9458
2643.84	17.7966
2642.34	17.6492
2640.85	-6.49805
2639.36	24.3562
2637.87	-2.78638
2636.38	9.06982
2634.88	48.9294
2633.39	-39.2126
2631.9	18.6487
2630.4	4.51001
2628.91	16.3728
2627.41	6.23633
2625.92	12.1013
2624.42	48.968
2622.93	29.8335
2621.43	55.7024
2619.93	84.5696
2618.44	35.4387
2616.94	36.3091
2615.44	52.1797
2613.94	45.0518
2612.44	21.9233
2610.95	6.7959
2609.45	51.6689
2607.95	33.5435
2606.45	29.4172
2604.95	30.293
2603.44	66.1692
2601.94	89.0461
2600.44	45.9224
2598.94	-8.20044
2597.44	41.677
2595.93	9.55444
2594.43	73.4331
2592.93	81.311
2591.42	134.19
2589.92	69.0679
2588.42	96.9475
2586.91	108.827
2585.4	70.7063
2583.9	77.5857
2582.39	72.4646
2580.89	90.3455
2579.38	62.2249
2577.87	85.105
2576.36	70.9836
2574.86	83.863
2573.35	62.7427
2571.84	104.622
2570.33	118.501
2568.82	71.3789
2567.31	111.259
2565.8	77.1365
2564.29	62.0149
2562.78	98.8914
2561.27	116.768
2559.75	78.6455
2558.24	115.522
2556.73	78.3972
2555.22	38.2717
2553.7	-24.8538
2552.19	64.0212
2550.68	86.8938
2549.16	121.767
2547.65	93.6396
2546.13	32.5093
2544.61	70.3799
2543.1	98.2495
2541.58	3.11792
2540.07	42.9873
2538.55	130.854
2537.03	19.7209
2535.51	127.585
2533.99	113.45
2532.48	65.3135
2530.96	71.1758
2529.44	56.0369
2527.92	67.8965
2526.4	26.7549
2524.88	-7.3877
2523.36	89.4695
2521.83	39.324
2520.31	79.1782
2518.79	53.0315
2517.27	47.8831
2515.74	111.733
2514.22	132.581
2512.7	64.428
2511.17	51.2729
2509.65	27.1182
2508.12	82.9602
2506.6	104.802
2505.07	88.6421
2503.55	70.48
2502.02	98.3167
2500.49	88.1514
2498.97	102.984
2497.44	112.817
2495.91	105.646
2494.38	73.4741
2492.85	120.3
2491.32	29.124
2489.8	165.947
2488.27	46.7676
2486.74	36.5864
2485.2	43.4028
2483.67	76.2192
2482.14	116.031
2480.61	26.8428
2479.08	101.651
2477.55	-17.5417
2476.01	101.263
2474.48	57.0659
2472.95	63.8669
2471.41	31.6667
2469.88	41.4629
2468.34	43.2566
2466.81	-10.9509
2465.27	-0.160156
2463.74	89.6279
2462.2	58.4136
2460.66	51.1968
2459.12	43.9773
2457.59	-24.2449
2456.05	46.5313
2454.51	10.3062
2452.97	-12.9219
2451.43	-51.1538
2449.89	-15.3862
2448.35	6.37769
2446.81	22.1399
2445.27	7.89917
2443.73	10.657
2442.19	4.41089
2440.65	41.1638
2439.11	82.9121
2437.56	-38.3396
2436.02	7.40503
2434.48	-23.8533
2432.93	1.88574
2431.39	-45.3774
2429.84	-13.6421
2428.3	-22.9111
2426.75	10.8184
2425.21	-48.4543
2423.66	-39.7319
2422.12	-10.0112
2420.57	36.7073
2419.02	-54.5752
2417.47	46.1375
2415.93	-26.1528
2414.38	0.555664
2412.83	10.2595
2411.28	39.9622
2409.73	-15.3381
2408.18	66.3594
2406.63	49.0532
2405.08	5.7439
2403.53	60.4343
2401.98	-50.8809
2400.42	71.8035
2398.87	32.4822
2397.32	-6.8396
2395.77	11.8357
2394.21	40.5073
2392.66	3.17651
2391.1	33.845
2389.55	87.5081
2387.99	47.1702
2386.44	20.8274
2384.88	-11.5166
2383.33	-8.86353
2381.77	19.7864
2380.21	29.4333
2378.66	20.0781
2377.1	85.719
2375.54	-14.6411
2373.98	48.9946
2372.42	-54.3716
2370.86	13.2593
2369.3	15.8879
2367.74	-56.4873
2366.18	27.1353
2364.62	74.7549
2363.06	24.3728
2361.5	5.98633
2359.94	-8.40161
2358.37	-24.7917
2356.81	28.8149
2355.25	19.4187
2353.68	54.019
2352.12	50.6169
2350.56	28.2141
2348.99	38.8062
2347.43	41.3975
2345.86	118.984
2344.29	-17.4304
2342.73	11.1521
2341.16	-19.2678
2339.59	17.3113
2338.03	53.8862
2336.46	57.4575
2334.89	94.0283
2333.32	180.596
2331.75	200.161
2330.18	200.722
2328.61	182.284
2327.04	63.8413
2325.47	141.396
2323.9	182.95
2322.33	70.4993
2320.76	93.0483
2319.18	105.594
2317.61	106.136
2316.04	114.679
2314.47	94.2178
2312.89	111.753
2311.32	39.2871
2309.74	117.82
2308.17	73.3508
2306.59	160.877
2305.02	85.4026
2303.44	96.9263
2301.86	74.4468
2300.29	73.9678
2298.71	23.4844
2297.13	155
2295.55	86.5122
2293.97	83.0239
2292.4	124.533
2290.82	111.04
2289.24	194.546
2287.66	140.049
2286.08	68.551
2284.49	127.05
2282.91	75.5488
2281.33	111.045
2279.75	79.54
2278.17	98.033
2276.58	174.524
2275	85.0129
2273.42	166.5
2271.83	149.987
2270.25	105.472
2268.66	124.954
2267.08	-5.56396
2265.49	102.916
2263.91	60.394
2262.32	13.8728
2260.73	157.348
2259.14	167.823
2257.56	89.2952
2255.97	83.7676
2254.38	100.239
2252.79	103.708
2251.2	147.176
2249.61	169.642
2248.02	148.11
2246.43	106.574
2244.84	88.0378
2243.25	69.5012
2241.66	151.961
2240.07	55.4226
2238.47	101.884
2236.88	104.343
2235.29	64.8
2233.69	98.2581
2232.1	123.713
2230.5	118.17
2228.91	63.625
2227.31	127.08
2225.72	83.5334
2224.12	183.988
2222.53	119.44
2220.93	93.8926
2219.33	127.343
2217.73	88.7944
2216.14	173.246
2214.54	104.696
2212.94	145.146
2211.34	173.597
2209.74	146.046
2208.14	70.4954
2206.54	87.9429
2204.94	121.393
2203.34	137.841
2201.74	125.289
2200.13	143.738
2198.53	132.188
2196.93	148.635
2195.33	60.0845
2193.72	95.5332
2192.12	68.981
2190.51	152.43
2188.91	84.8809
2187.3	188.33
2185.7	125.778
2184.09	92.2295
2182.48	93.6782
2180.88	173.129
2179.27	106.581
2177.66	137.032
2176.05	84.4844
2174.45	194.936
2172.84	152.39
2171.23	156.843
2169.62	125.298
2168.01	162.752
2166.4	148.208
2164.79	190.665
2163.18	114.121
2161.56	130.578
2159.95	167.038
2158.34	37.4961
2156.73	169.957
2155.11	61.418
2153.5	59.8809
2151.89	145.344
2150.27	98.8071
2148.66	202.273
2147.04	91.7393
2145.43	81.207
2143.81	135.676
2142.19	154.146
2140.58	53.6167
2138.96	164.088
2137.34	38.5601
2135.72	119.034
2134.1	92.5107
2132.48	87.9888
2130.86	144.466
2129.25	127.945
2127.63	153.429
2126	101.911
2124.38	119.395
2122.76	173.881
2121.14	95.3667
2119.52	147.856
2117.9	183.346
2116.27	111.838
2114.65	85.3311
2113.03	149.825
2111.4	117.323
2109.78	128.82
2108.15	93.3208
2106.53	147.823
2104.9	89.3267
2103.27	100.831
2101.65	88.3379
2100.02	230.846
2098.39	107.357
2096.77	89.8706
2095.14	127.383
2093.51	148.899
2091.88	22.417
2090.25	63.936
2088.62	117.459
2086.99	151.981
2085.36	128.507
2083.73	155.033
2082.1	117.563
2080.46	114.094
2078.83	138.627
2077.2	63.1611
2075.57	151.699
2073.93	77.2368
2072.3	86.7788
2070.66	69.3218
2069.03	98.8672
2067.4	99.4136
2065.76	121.962
2064.12	154.512
2062.49	135.065
2060.85	129.619
2059.21	76.1763
2057.58	136.735
2055.94	167.296
2054.3	86.8584
2052.66	126.423
2051.02	160.99
2049.38	129.557
2047.74	64.1284
2046.1	133.702
2044.46	87.2759
2042.82	138.852
2041.18	130.43
2039.53	64.0093
2037.89	-11.4077
2036.25	113.175
2034.61	40.7612
2032.96	76.3491
2031.32	4.93896
2029.67	100.53
2028.03	131.124
2026.38	108.719
2024.74	90.3159
2023.09	157.913
2021.44	35.5137
2019.8	173.116
2018.15	67.7192
2016.5	-11.6743
2014.85	121.932
2013.21	102.542
2011.56	89.1504
2009.91	39.7627
2008.26	52.376
2006.61	132.991
2004.96	66.6084
2003.3	102.226
2001.65	96.8438
2000	71.4648
1998.35	89.0869
1996.7	83.71
1995.04	97.3345
1993.39	80.96
1991.74	69.5879
1990.08	-5.78516
1988.43	99.8447
1986.77	72.4756
1985.12	88.105
1983.46	35.7368
1981.8	84.3716
1980.15	49.0049
1978.49	136.639
1976.83	110.275
1975.17	43.9121
1973.51	34.5493
1971.86	104.187
1970.2	55.8252
1968.54	72.4634
1966.88	73.1035
1965.22	156.742
1963.55	45.3828
1961.89	127.023
1960.23	134.664
1958.57	13.3042
1956.91	-5.05518
1955.24	42.5869
1953.58	27.2266
1951.92	172.868
1950.25	100.509
1948.59	33.1494
1946.92	14.7891
1945.26	28.4302
1943.59	17.0688
1941.92	68.709
1940.26	47.3462
1938.59	97.9839
1936.92	100.621
1935.25	24.2568
1933.59	37.8936
1931.92	61.5269
1930.25	50.1592
1928.58	29.7925
1926.91	49.4238
1925.24	108.054
1923.57	3.68164
1921.9	95.3081
1920.22	110.935
1918.55	66.5576
1916.88	122.18
1915.21	17.8008
1913.53	113.419
1911.86	127.036
1910.18	38.6494
1908.51	68.2627
1906.83	169.872
1905.16	123.48
1903.48	126.085
1901.81	35.688
1900.13	94.2876
1898.45	74.8843
1896.78	65.48
1895.1	42.0703
1893.42	8.65918
1891.74	34.2446
1890.06	117.827
1888.38	17.4048
1886.7	36.9795
1885.02	8.55225
1883.34	25.1191
1881.66	92.6836
1879.98	12.2441
1878.3	43.8003
1876.61	7.35156
1874.93	68.8989
1873.25	-47.5566
1871.56	-10.019
1869.88	25.5156
1868.19	71.0454
1866.51	41.5703
1864.82	-34.9102
1863.14	111.604
1861.45	41.1143
1859.76	17.6177
1858.08	17.1167
1856.39	108.61
1854.7	119.098
1853.01	33.5791
1851.32	-1.94336
1849.63	3.52539
1847.95	34.9897
1846.25	-2.5542
1844.56	68.8965
1842.87	-27.6592
1841.18	36.7803
1839.49	52.2104
1837.8	5.63281
1836.11	21.0508
1834.41	86.4604
1832.72	-4.13721
1831.03	-14.7422
1829.33	-46.3555
1827.64	-10.9751
1825.94	45.3955
1824.25	33.7598
1822.55	-19.8867
1820.85	36.4604
1819.16	29.8008
1817.46	9.12988
1815.76	49.4507
1814.06	-48.2358
1812.36	24.0659
1810.67	26.3613
1808.97	33.6465
1807.27	-53.0781
1805.57	-45.8105
1803.87	45.4448
1802.17	-79.3071
1800.46	-22.0723
1798.76	10.1548
1797.06	43.3711
1795.36	50.5791
1793.65	-32.2261
1791.95	-78.0425
1790.25	71.1323
1788.54	-26.7041
1786.84	32.4482
1785.13	44.5889
1783.43	53.7178
1781.72	-42.165
1780.01	-18.0581
1778.31	35.0347
1776.6	77.1177
1774.89	63.188
1773.18	82.2461
1771.47	170.291
1769.77	90.3252
1768.06	82.3447
1766.35	121.353
1764.64	110.348
1762.92	175.33
1761.21	61.2974
1759.5	142.252
1757.79	83.1943
1756.08	217.121
1754.36	113.035
1752.65	197.936
1750.94	185.821
1749.22	191.692
1747.51	139.551
1745.79	225.393
1744.08	121.221
1742.36	160.035
1740.65	102.833
1738.93	123.616
1737.21	216.384
1735.49	229.136
1733.78	113.874
1732.06	166.596
1730.34	152.3
1728.62	227.99
1726.9	213.666
1725.18	187.322
1723.46	352.963
1721.74	231.588
1720.02	294.197
1718.3	182.789
1716.57	226.364
1714.85	216.921
1713.13	321.461
1711.41	277.986
1709.68	181.49
1707.96	143.979
1706.23	206.451
1704.51	133.904
1702.78	167.341
1701.05	160.758
1699.33	241.158
1697.6	245.538
1695.87	215.901
1694.15	350.246
1692.42	277.571
1690.69	294.88
1688.96	278.167
1687.23	302.438
1685.5	308.689
1683.77	323.92
1682.04	283.132
1680.31	388.325
1678.58	289.497
1676.85	387.652
1675.11	385.787
1673.38	374.902
1671.65	465.996
1669.91	430.07
1668.18	466.124
1666.44	470.16
1664.71	541.172
1662.97	480.167
1661.24	449.14
1659.5	492.092
1657.76	353.024
1656.03	476.937
1654.29	537.826
1652.55	618.696
1650.81	629.546
1649.07	600.374
1647.33	563.18
1645.59	522.964
1643.85	501.73
1642.11	520.471
1640.37	598.192
1638.63	518.893
1636.89	545.571
1635.15	577.229
1633.4	525.864
1631.66	517.478
1629.92	574.067
1628.17	636.637
1626.43	527.185
1624.68	505.71
1622.94	590.216
1621.19	605.696
1619.45	607.157
1617.7	609.594
1615.95	681.01
1614.21	614.402
1612.46	670.772
1610.71	596.119
1608.96	713.446
1607.21	675.75
1605.46	809.032
1603.71	730.291
1601.96	645.526
1600.21	688.739
1598.46	657.932
1596.71	617.099
1594.95	774.246
1593.2	682.369
1591.45	746.47
1589.7	701.551
1587.94	661.605
1586.19	690.64
1584.43	743.651
1582.68	789.64
1580.92	797.605
1579.16	714.548
1577.41	739.468
1575.65	692.367
1573.89	665.244
1572.13	664.094
1570.38	648.925
1568.62	681.736
1566.86	566.521
1565.1	699.283
1563.34	571.025
1561.58	593.745
1559.82	570.441
1558.06	555.116
1556.29	597.767
1554.53	697.398
1552.77	611.004
1551.01	605.591
1549.24	442.156
1547.48	495.698
1545.71	422.217
1543.95	518.718
1542.18	476.193
1540.42	544.649
1538.65	480.083
1536.89	505.495
1535.12	525.885
1533.35	508.252
1531.58	508.603
1529.82	544.93
1528.05	571.233
1526.28	579.518
1524.51	500.785
1522.74	539.027
1520.97	499.248
1519.2	430.451
1517.42	538.633
1515.65	529.794
1513.88	582.935
1512.11	575.054
1510.33	566.153
1508.56	656.235
1506.79	772.297
1505.01	780.339
1503.24	750.361
1501.46	864.362
1499.69	937.344
1497.91	905.31
1496.13	1009.25
1494.36	1102.18
1492.58	1247.09
1490.8	1226.98
1489.02	1258.85
1487.24	1258.7
1485.46	1231.54
1483.68	1227.35
1481.9	1259.15
1480.12	1214.93
1478.34	1200.7
1476.56	1161.45
1474.78	1255.17
1473	1170.89
1471.21	1198.58
1469.43	1151.26
1467.65	1226.93
1465.86	1115.58
1464.08	1111.21
1462.29	1052.82
1460.51	1119.42
1458.72	985.01
1456.93	974.58
1455.15	1068.14
1453.36	888.676
1451.57	988.204
1449.79	972.716
1448	873.215
1446.21	945.698
1444.42	873.168
1442.63	772.627
1440.84	799.073
1439.05	744.505
1437.26	838.924
1435.46	744.33
1433.67	729.723
1431.88	698.107
1430.09	612.476
1428.29	815.836
1426.5	692.185
1424.71	724.521
1422.91	629.847
1421.12	569.165
1419.32	598.472
1417.52	693.765
1415.73	640.051
1413.93	664.328
1412.13	625.598
1410.34	769.855
1408.54	629.107
1406.74	617.35
1404.94	627.584
1403.14	621.81
1401.34	633.027
1399.54	622.237
1397.74	606.443
1395.94	596.642
1394.14	635.833
1392.33	627.018
1390.53	613.197
1388.73	490.369
1386.92	609.539
1385.12	602.704
1383.32	571.863
1381.51	582.017
1379.7	658.167
1377.9	567.312
1376.09	515.456
1374.29	607.597
1372.48	580.734
1370.67	525.868
1368.86	549.999
1367.05	510.127
1365.25	511.257
1363.44	445.38
1361.63	463.507
1359.82	517.631
1358.01	560.758
1356.19	460.88
1354.38	506.006
1352.57	580.128
1350.76	549.253
1348.95	462.379
1347.13	557.505
1345.32	525.636
1343.5	528.765
1341.69	426.899
1339.87	493.035
1338.06	532.172
1336.24	501.313
1334.43	452.456
1332.61	555.606
1330.79	413.76
1328.97	546.917
1327.16	525.078
1325.34	544.242
1323.52	481.412
1321.7	426.591
1319.88	502.771
1318.06	514.959
1316.24	544.154
1314.41	600.355
1312.59	544.566
1310.77	592.78
1308.95	612.005
1307.12	568.236
1305.3	520.476
1303.48	585.722
1301.65	545.978
1299.83	379.244
1298	530.521
1296.18	426.801
1294.35	585.099
1292.52	432.402
1290.69	396.715
1288.87	402.042
1287.04	452.375
1285.21	410.723
1283.38	418.082
1281.55	466.451
1279.72	526.835
1277.89	469.228
1276.06	440.636
1274.23	432.056
1272.4	299.489
1270.57	493.934
1268.73	304.391
1266.9	303.866
1265.07	375.354
1263.23	268.855
1261.4	304.371
1259.56	422.9
1257.73	288.443
1255.89	202.004
1254.06	290.581
1252.22	282.168
1250.38	73.7744
1248.54	244.399
1246.71	247.037
1244.87	196.692
1243.03	190.361
1241.19	244.049
1239.35	109.754
1237.51	186.479
1235.67	123.216
1233.83	71.9736
1231.98	102.745
1230.14	181.537
1228.3	152.346
1226.46	100.176
1224.61	127.02
1222.77	119.885
1220.92	-36.2354
1219.08	38.666
1217.23	70.5859
1215.39	48.5269
1213.54	-3.51758
1211.7	18.4604
1209.85	24.4565
1208	-11.5283
1206.15	-60.4951
1204.3	-90.4424
1202.45	-37.3711
1200.61	-8.27686
1198.76	43.8359
1196.91	58.9683
1195.05	6.11914
1193.2	-42.71
1191.35	5.48291
1189.5	17.6924
1187.65	-62.0762
1185.79	77.1753
1183.94	-6.5542
1182.09	15.7393
1180.23	116.049
1178.38	12.3813
1176.52	-40.2671
1174.67	22.104
1172.81	119.495
1170.95	85.9043
1169.1	114.336
1167.24	118.788
1165.38	226.259
1163.52	158.75
1161.66	254.258
1159.8	172.787
1157.94	215.337
1156.08	205.907
1154.22	264.492
1152.36	304.098
1150.5	329.727
1148.64	287.371
1146.77	185.036
1144.91	282.719
1143.05	247.418
1141.18	206.14
1139.32	221.877
1137.45	198.632
1135.59	272.408
1133.72	331.201
1131.86	233.01
1129.99	282.837
1128.12	293.68
1126.25	319.543
1124.39	249.419
1122.52	298.314
1120.65	322.225
1118.78	308.151
1116.91	411.096
1115.04	353.053
1113.17	298.027
1111.3	308.016
1109.42	240.02
1107.55	212.037
1105.68	169.07
1103.81	344.115
1101.93	132.174
1100.06	134.248
1098.18	107.332
1096.31	112.429
1094.43	74.5405
1092.56	114.661
1090.68	108.795
1088.8	89.939
1086.93	27.0938
1085.05	192.258
1083.17	165.435
1081.29	96.6172
1079.41	219.812
1077.53	289.014
1075.65	404.224
1073.77	395.444
1071.89	497.668
1070.01	415.901
1068.13	507.141
1066.24	691.386
1064.36	647.635
1062.48	663.892
1060.59	591.15
1058.71	631.414
1056.83	762.683
1054.94	792.952
1053.05	728.224
1051.17	814.5
1049.28	850.774
1047.39	805.052
1045.51	749.328
1043.62	635.604
1041.73	648.88
1039.84	512.155
1037.95	623.429
1036.06	712.696
1034.17	653.966
1032.28	611.228
1030.39	641.485
1028.5	613.74
1026.61	770.986
1024.71	862.228
1022.82	929.462
1020.93	1307.69
1019.03	1439.91
1017.14	1669.12
1015.24	2015.32
1013.35	2177.51
1011.45	2585.69
1009.56	2661.86
1007.66	2589.02
1005.76	2479.16
1003.86	2416.29
1001.97	2285.41
1000.07	2067.51
998.167	1893.59
996.268	1661.66
994.368	1458.71
992.466	1133.75
990.565	1084.76
988.664	1022.76
986.762	782.738
984.86	583.696
982.957	443.633
981.053	445.543
979.15	207.437
977.245	357.303
975.34	192.145
973.435	172.964
971.53	99.7568
969.624	191.523
967.717	20.2617
965.809	87.9717
963.902	118.656
961.994	120.31
960.086	18.9326
958.177	65.5254
956.267	-46.915
954.357	62.6113
952.447	-55.8916
950.536	-92.4297
948.625	-19.0029
946.713	6.3877
944.8	19.7422
942.888	6.0625
940.974	32.3408
939.061	-57.416
937.147	43.7881
935.233	43.9551
933.317	-40.9229
931.402	8.16113
929.485	-52.8018
927.569	48.1963
925.652	12.1504
923.735	21.0635
921.817	-26.0723
919.899	88.749
917.98	63.5244
916.061	-32.749
914.141	70.9307
912.22	7.56055
910.3	192.145
908.378	21.6758
906.456	111.158
904.534	144.59
902.612	127.974
900.689	102.301
898.766	168.577
896.841	102.797
894.916	188.965
892.991	150.078
891.066	110.139
889.14	221.14
887.214	157.087
885.287	243.977
883.36	313.809
881.432	198.581
879.504	213.299
877.575	300.952
875.646	259.55
873.716	269.086
871.786	292.562
869.855	310.975
867.924	328.33
865.992	280.617
864.06	279.847
862.128	203.013
860.194	191.113
858.261	196.155
856.327	125.127
854.393	216.038
852.458	167.885
850.522	192.664
848.586	284.377
846.65	49.0293
844.714	35.6133
842.776	128.127
840.838	188.576
838.901	276.964
836.961	222.278
835.023	231.529
833.082	166.707
831.142	138.822
829.202	163.867
827.261	248.85
825.319	117.758
823.377	125.603
821.434	81.3721
819.491	40.0781
817.548	112.72
815.604	143.288
813.66	69.792
811.715	33.2217
809.769	124.587
807.823	44.8838
805.878	108.116
803.93	91.2744
801.983	121.37
800.035	-17.6084
798.087	-115.649
796.139	144.246
794.189	101.068
792.24	29.8281
790.289	-71.4844
788.339	-150.858
786.387	-63.2998
784.436	-153.802
782.484	4.625
780.532	-89.0088
778.578	-122.714
776.624	-49.4775
774.671	-107.3
772.716	-39.1924
770.762	-32.1416
768.806	-54.1602
766.85	-110.235
764.893	-73.3711
762.937	-166.563
760.979	-159.821
759.022	-123.134
757.064	-70.5039
755.105	-120.934
753.145	-96.4209
751.185	-119.965
749.226	-132.56
747.264	-73.2148
745.303	-108.919
743.341	-75.6758
741.38	-106.479
739.417	51.6582
737.454	54.752
735.49	11.7949
733.526	270.79
731.562	208.736
729.596	252.637
727.631	524.497
725.665	466.313
723.699	528.085
721.732	639.814
719.764	652.502
717.797	891.157
715.828	980.767
713.859	1052.34
711.889	972.885
709.919	990.391
707.949	1151.87
705.978	1081.31
704.007	1243.72
702.035	1205.11
700.063	1376.46
698.091	1491.8
696.117	1415.1
694.143	1326.39
692.169	1395.65
690.194	1323.89
688.219	1206.11
686.244	1172.32
684.267	1188.5
682.291	1129.68
680.314	884.841
678.336	881.99
676.358	738.135
674.379	724.264
672.4	463.392
670.421	517.514
668.441	446.631
666.46	335.745
664.479	298.863
662.497	240.977
660.516	437.098
658.533	534.223
656.55	557.353
654.567	597.496
652.583	744.641
650.598	765.802
648.614	896.976
646.628	1167.16
644.643	1211.37
642.656	1293.59
640.669	1560.83
638.682	1355.09
636.694	1307.37
634.706	1399.68
632.717	1164.02
630.728	1188.37
628.738	863.765
626.748	763.185
624.757	811.636
622.766	639.124
620.774	509.64
618.782	318.198
616.789	488.791
614.796	408.423
612.802	375.095
610.808	310.813
608.814	306.572
606.818	290.368
604.822	317.216
602.827	234.114
600.83	199.055
598.833	216.048
596.836	167.091
594.838	127.183
592.839	215.326
590.84	52.5215
588.841	90.7754
586.84	123.076
584.84	138.438
582.838	57.8555
580.838	94.334
578.835	-47.1367
576.833	98.4541
574.83	-78.8975
572.827	92.8096
570.822	-57.4268
568.818	23.3955
566.813	-44.7188
564.808	138.226
562.802	102.228
560.795	-61.7119
558.788	116.406
556.781	102.588
554.773	225.826
552.765	189.121
550.756	301.472
548.747	441.877
546.737	417.343
544.726	410.856
542.716	398.428
540.704	546.05
538.692	616.722
536.68	588.447
534.667	659.214
532.654	651.03
530.64	808.891
528.626	859.791
526.611	991.736
524.596	1141.71
522.58	1201.73
520.564	1058.77
518.547	997.849
516.529	977.949
514.512	947.077
512.494	963.225
510.476	734.388
508.456	639.563
506.436	471.745
504.416	362.932
502.395	239.124
500.374	176.311
498.353	191.487
496.33	-32.3496
494.307	114.794
492.284	-13.082
490.261	20.0117
488.237	77.0693
486.212	-44.915
484.187	-178.947
482.161	-107.029
480.134	-71.1787
478.108	-140.392
476.081	-171.68
474.054	-59.0449
472.025	-107.508
469.997	11.9355
467.968	-27.7275
465.938	30.4922
463.908	-130.412
461.877	-127.451
459.846	63.3721
457.814	127.041
455.782	84.5479
453.75	82.8799
451.716	-90.9727
449.683	32.9844
447.649	99.7354
445.614	62.2666
443.579	77.5674
441.543	96.624
439.508	150.432
437.47	77.9629
435.433	68.2188
433.396	39.1777
431.358	37.833
429.319	88.1553
427.28	34.1445
425.241	-6.22168
423.201	-81.96
421.16	50.9141
419.118	152.384
417.077	82.4404
415.035	162.059
412.993	271.22
410.949	377.905
408.905	377.099
406.862	536.788
404.816	527.936
402.771	594.54
400.727	604.583
398.68	617.021
396.633	763.845
394.586	469.042
392.539	568.58
390.491	310.437
388.442	473.588
386.393	206.021
384.344	254.703
382.293	83.5928
380.242	-58.3086
378.192	57.9756
376.14	2.39063
374.088	-25.0625
372.035	-17.4248
369.982	-63.7246
367.928	-77.9902
365.874	-66.25
363.82	-188.519
361.765	5.16016
359.709	-88.2461
357.653	-171.768
355.596	-119.438
353.539	26.7334
351.481	-91.3281
349.423	-63.6143
347.364	-45.1816
345.305	53.9609
343.245	-43.2676
341.185	79.1426
339.125	204.133
337.063	178.667
335.001	439.705
332.94	555.238
330.876	715.175
328.813	794.527
326.749	923.232
324.685	1192.25
322.621	1431.56
320.555	1692.08
318.489	1902.81
316.423	2077.69
314.356	2179.67
312.29	2453.74
310.221	2715.79
308.153	2680.84
306.084	2991.82
304.015	2978.68
301.946	3158.41
299.875	3288.88
297.804	3191.14
295.733	3108.08
293.661	3024.66
291.588	3168.83
289.516	3225.6
287.443	3191.85
285.369	3182.54
283.295	3193.63
281.22	3103.05
279.144	3197.76
277.068	3310.75
274.992	3386.92
272.915	3362.22
270.837	3344.59
268.76	3430.04
266.681	3466.39
264.602	3731.71
262.523	3839.87
260.443	4074.9
258.362	4066.6
256.282	4269.04
254.2	4603.04
252.118	4821.68
250.036	4894.89
247.952	5299.49
245.869	5516.54
243.784	5753.86
241.7	6029.52
239.616	6066.47
237.53	6119.5
235.443	5945.62
233.357	6124.85
231.27	6040.06
229.182	5688.18
227.094	5282.25
225.005	5413.01
222.916	4979.6
220.827	4625.86
218.737	4289.73
216.646	3969.16
214.555	3708.17
212.462	3398.51
210.37	3096.31
208.278	2638.44
206.185	2375.92
204.091	1916.48
201.997	1702.28
199.902	1255.16
197.807	717.051
195.711	618.896
193.615	300.766
191.517	45.3516
189.42	-88.1523
187.322	-160.928
185.224	-383.027
183.125	-356.373
181.025	-358.289
178.926	-450.553
176.825	-569.355
174.724	-339.748
172.623	-406.635
170.521	-63.3555
168.418	202.336
166.315	776.244
164.212	1284.32
162.108	1933.7
160.003	3468.99
157.898	5290.49
155.793	7267
153.686	9873.47
151.58	11676
149.473	12977.3
147.365	13065.7
145.257	12529.9
143.148	10757.8
141.039	9048.59
138.929	6961.29
136.819	4626.73
134.709	3230.88
132.597	2317.72
130.485	1673.25
128.373	1165.65
126.26	625.504
124.147	350.227
122.033	282.605
119.919	115.855
117.804	218.547
115.688	154.125
113.573	845.387
111.456	690.34
109.339	911
107.222	1353.63
105.103	1367.79
102.985	1789.98
100.866	1753
98.7467	1586.13
96.6262	955.93
