3502.52	7.95935
3501.25	25.453
3499.98	17.0613
3498.71	19.7764
3497.44	27.6018
3496.17	15.53
3494.9	22.5646
3493.62	-8.30176
3492.35	-16.0662
3491.08	2.26746
3489.8	-16.3054
3488.53	-5.78223
3487.26	-26.1692
3485.98	-27.4641
3484.71	-24.6709
3483.43	-36.7927
3482.16	-30.8286
3480.88	-29.7811
3479.6	-40.6533
3478.33	-14.4474
3477.05	-33.1625
3475.77	-26.8018
3474.5	-44.3674
3473.22	-48.8604
3471.94	-44.2828
3470.66	-21.6375
3469.38	-36.9233
3468.1	-54.1439
3466.82	-55.3
3465.54	-63.394
3464.26	-46.4269
3462.98	-58.4004
3461.7	-47.3163
3460.42	-38.1759
3459.14	-67.9807
3457.86	-65.7323
3456.57	-30.432
3455.29	-47.0817
3454.01	-62.6819
3452.73	-47.2354
3451.44	-54.7427
3450.16	-71.2056
3448.87	-47.6252
3447.59	-59.0032
3446.3	-67.3403
3445.02	-71.6388
3443.73	-53.8994
3442.45	-74.1235
3441.16	-59.3126
3439.88	-61.4679
3438.59	-41.5906
3437.3	-38.682
3436.01	-52.7433
3434.73	-59.7759
3433.44	-46.7808
3432.15	-50.7593
3430.86	-46.7125
3429.57	-51.6417
3428.28	-49.548
3426.99	-42.4326
3425.7	-38.2965
3424.41	-46.141
3423.12	-40.967
3421.83	-63.7758
3420.54	-27.5684
3419.24	-41.3456
3417.95	-29.1088
3416.66	-32.859
3415.37	-43.5969
3414.07	-11.324
3412.78	-50.0409
3411.48	-41.7484
3410.19	-41.4482
3408.9	-7.14087
3407.6	-18.8271
3406.31	-41.5083
3405.01	-15.1851
3403.72	-36.8583
3402.42	2.47107
3401.12	-45.1976
3399.82	-30.8657
3398.53	-41.5339
3397.23	-20.203
3395.93	-37.8738
3394.63	-17.547
3393.33	-22.224
3392.04	-41.9048
3390.74	-20.5905
3389.44	-9.28186
3388.14	-44.9796
3386.84	-3.68469
3385.53	-11.3977
3384.23	-4.11951
3382.93	-12.8506
3381.63	-8.5918
3380.33	-23.3438
3379.03	-23.1073
3377.72	0.117188
3376.42	-15.6711
3375.12	-13.4731
3373.81	-1.28906
3372.51	-11.1198
3371.2	17.0343
3369.9	-6.82776
3368.59	12.2937
3367.29	12.3981
3365.98	-8.51526
3364.68	-12.4469
3363.37	-18.3973
3362.06	-3.36719
3360.76	-39.3569
3359.45	16.6328
3358.14	20.6017
3356.83	1.54907
3355.52	-7.52563
3354.22	6.37744
3352.91	-1.74255
3351.6	24.1141
3350.29	-13.0531
3348.98	15.7552
3347.67	2.53906
3346.36	8.29761
3345.04	1.03052
3343.73	10.7375
3342.42	-23.582
3341.11	12.0717
3339.8	30.6982
3338.48	-1.70288
3337.17	-1.13208
3335.86	-16.5895
3334.54	-7.07544
3333.23	10.4094
3331.91	5.86536
3330.6	11.2913
3329.28	25.687
3327.97	26.0526
3326.65	0.387451
3325.34	13.692
3324.02	21.9646
3322.7	2.20581
3321.38	26.416
3320.07	10.5934
3318.75	22.7385
3317.43	8.85193
3316.11	3.93164
3314.79	27.9791
3313.47	2.99268
3312.15	10.9735
3310.83	14.9198
3309.51	-8.16699
3308.19	27.7124
3306.87	-3.4436
3305.55	1.36707
3304.23	17.1429
3302.9	-5.11707
3301.58	-22.4109
3300.26	3.26025
3298.94	16.896
3297.61	22.4951
3296.29	2.05981
3294.96	0.588745
3293.64	-2.91797
3292.31	2.53943
3290.99	-5.03918
3289.66	-0.654297
3288.34	37.6946
3287.01	13.0072
3285.68	3.28296
3284.36	22.5227
3283.03	-2.27441
3281.7	11.8916
3280.37	8.02112
3279.05	38.1151
3277.72	19.1709
3276.39	5.1897
3275.06	25.1716
3273.73	8.11804
3272.4	12.026
3271.07	39.8967
3269.74	29.7322
3268.41	46.5287
3267.08	24.2899
3265.74	37.0123
3264.41	55.6995
3263.08	37.347
3261.75	44.9601
3260.41	50.5339
3259.08	81.0728
3257.75	75.572
3256.41	83.0369
3255.08	83.4645
3253.74	104.853
3252.41	90.2067
3251.07	102.524
3249.74	96.8038
3248.4	105.047
3247.06	116.251
3245.73	111.421
3244.39	124.555
3243.05	119.651
3241.71	124.711
3240.37	130.736
3239.04	132.723
3237.7	147.674
3236.36	183.59
3235.02	150.469
3233.68	167.312
3232.34	167.122
3231	134.894
3229.66	170.63
3228.31	184.33
3226.97	170.998
3225.63	181.628
3224.29	163.223
3222.94	173.785
3221.6	196.309
3220.26	201.799
3218.91	169.257
3217.57	160.677
3216.23	174.067
3214.88	135.418
3213.53	159.739
3212.19	158.026
3210.84	149.276
3209.5	174.495
3208.15	196.681
3206.8	170.83
3205.46	161.949
3204.11	140.036
3202.76	158.089
3201.41	171.11
3200.06	122.095
3198.71	174.051
3197.36	130.975
3196.01	143.866
3194.66	129.726
3193.31	173.554
3191.96	137.351
3190.61	123.117
3189.26	153.854
3187.91	140.558
3186.56	150.23
3185.2	141.873
3183.85	160.485
3182.5	131.071
3181.14	146.622
3179.79	167.144
3178.44	130.641
3177.08	131.104
3175.73	142.538
3174.37	161.948
3173.01	141.323
3171.66	152.676
3170.3	162.999
3168.95	128.291
3167.59	143.559
3166.23	132.795
3164.87	138.008
3163.51	136.193
3162.16	142.351
3160.8	133.479
3159.44	181.584
3158.08	145.663
3156.72	168.717
3155.36	132.743
3154	137.744
3152.64	127.72
3151.28	174.671
3149.91	143.596
3148.55	165.497
3147.19	143.374
3145.83	137.226
3144.46	180.054
3143.1	153.859
3141.74	160.643
3140.37	168.4
3139.01	145.135
3137.64	151.851
3136.28	115.539
3134.91	158.205
3133.55	115.854
3132.18	155.476
3130.81	112.081
3129.45	176.659
3128.08	129.221
3126.71	139.757
3125.34	178.278
3123.98	157.777
3122.61	147.252
3121.24	122.712
3119.87	149.151
3118.5	117.571
3117.13	102.972
3115.76	150.348
3114.39	121.711
3113.02	136.055
3111.64	125.38
3110.27	126.687
3108.9	71.9764
3107.53	138.248
3106.15	110.503
3104.78	106.744
3103.41	85.9645
3102.03	120.167
3100.66	124.355
3099.29	107.529
3097.91	140.684
3096.53	124.822
3095.16	68.9497
3093.78	78.0577
3092.41	99.1503
3091.03	94.2327
3089.65	79.2947
3088.27	124.348
3086.9	86.3872
3085.52	103.408
3084.14	86.4191
3082.76	35.4167
3081.38	71.3964
3080	111.368
3078.62	96.3271
3077.24	71.2734
3075.86	68.207
3074.48	85.1279
3073.1	70.0333
3071.72	45.9309
3070.33	83.8176
3068.95	63.6927
3067.57	44.5618
3066.19	74.4152
3064.8	119.258
3063.42	99.0903
3062.03	33.9125
3060.65	74.7296
3059.26	54.5323
3057.88	66.3251
3056.49	35.1136
3055.11	64.8882
3053.72	28.6545
3052.33	11.4163
3050.95	14.1646
3049.56	34.9098
3048.17	18.6465
3046.78	23.3717
3045.4	26.0931
3044.01	1.80676
3042.62	19.5094
3041.23	-7.79102
3039.84	26.9025
3038.45	-4.41125
3037.06	-19.7317
3035.67	37.9423
3034.28	54.6097
3032.88	-4.72803
3031.49	61.927
3030.1	35.5784
3028.71	-22.7771
3027.31	19.863
3025.92	-24.501
3024.52	-32.8713
3023.13	8.76001
3021.74	-17.6191
3020.34	-39.0017
3018.95	-52.3831
3017.55	-17.7732
3016.16	-2.16284
3014.76	-2.56079
3013.36	-32.9561
3011.96	-22.3604
3010.57	-28.7634
3009.17	-18.1733
3007.77	-15.5806
3006.37	-23.9907
3004.97	-15.4036
3003.57	-21.8232
3002.17	3.76001
3000.77	0.342285
2999.37	-35.0776
2997.97	-42.4995
2996.57	-22.9231
2995.17	0.652832
2993.77	0.227295
2992.37	-11.1985
2990.97	4.37476
2989.56	30.9468
2988.16	-12.4753
2986.76	-31.9048
2985.35	52.6672
2983.95	33.2378
2982.54	3.81494
2981.14	32.386
2979.73	39.9639
2978.33	22.5364
2976.92	-27.8855
2975.51	15.6887
2974.11	31.2678
2972.7	17.8499
2971.29	29.4258
2969.89	45.0093
2968.48	9.59399
2967.07	62.1775
2965.66	50.7654
2964.25	7.35474
2962.84	3.94678
2961.43	-19.4631
2960.02	-9.86768
2958.61	16.7327
2957.2	-1.66724
2955.79	-3.06519
2954.38	14.5403
2952.96	-5.8501
2951.55	31.76
2950.14	7.37549
2948.73	63.9939
2947.31	-18.3875
2945.9	-13.7629
2944.48	-32.1353
2943.07	-3.50488
2941.65	19.1296
2940.24	12.7673
2938.82	26.4092
2937.41	56.0566
2935.99	0.705078
2934.57	-10.6396
2933.16	25.0171
2931.74	28.6794
2930.32	8.34668
2928.9	15.0154
2927.48	26.6899
2926.06	11.3696
2924.64	24.0535
2923.22	28.7412
2921.8	-63.5627
2920.38	41.1343
2918.96	40.8357
2917.54	97.5444
2916.12	39.2554
2914.7	23.9741
2913.28	-1.30273
2911.85	67.4229
2910.43	19.155
2909.01	-11.1069
2907.58	43.6357
2906.16	8.38623
2904.74	11.1394
2903.31	45.8984
2901.88	17.6614
2900.46	-5.56763
2899.03	-48.7905
2897.61	33.9883
2896.18	-16.2246
2894.75	28.5686
2893.33	20.366
2891.9	-36.8296
2890.47	-12.021
2889.04	-18.2063
2887.61	52.6138
2886.18	41.4392
2884.75	20.2729
2883.32	-24.8901
2881.89	38.9543
2880.46	49.8049
2879.03	120.659
2877.6	19.5205
2876.17	33.3884
2874.74	-23.738
2873.3	-4.85815
2871.87	-4.97388
2870.44	5.91992
2869.01	53.8162
2867.57	57.7178
2866.14	26.6289
2864.7	69.5447
2863.27	15.4648
2861.83	32.3926
2860.4	41.3257
2858.96	39.2654
2857.52	59.2107
2856.09	81.1614
2854.65	35.1184
2853.21	10.0833
2851.77	26.0513
2850.34	-14.9722
2848.9	31.0078
2847.46	4.99634
2846.02	29.9893
2844.58	82.9885
2843.14	76.9944
2841.7	71.0044
2840.26	47.0208
2838.82	5.04248
2837.37	38.0706
2835.93	-51.894
2834.49	-13.8552
2833.05	27.1917
2831.6	31.2407
2830.16	9.29907
2828.72	21.3616
2827.27	51.4302
2825.83	-21.4961
2824.38	15.5837
2822.94	13.6677
2821.49	-17.2424
2820.05	-1.14453
2818.6	21.9553
2817.15	41.063
2815.71	-2.82544
2814.26	-24.708
2812.81	-39.5847
2811.36	-9.45581
2809.91	-8.32324
2808.47	-5.18481
2807.02	4.95801
2805.57	30.1086
2804.12	34.2617
2802.67	-23.5818
2801.22	-23.4167
2799.76	56.7524
2798.31	38.9243
2796.86	90.1023
2795.41	54.2854
2793.96	-18.5271
2792.5	-27.3354
2791.05	-5.13989
2789.6	23.0637
2788.14	-23.7317
2786.69	-8.521
2785.23	43.6924
2783.78	5.91162
2782.32	-12.8655
2780.86	-10.6399
2779.41	61.5913
2777.95	8.82617
2776.5	25.0674
2775.04	51.3103
2773.58	49.5564
2772.12	8.80884
2770.66	-12.9385
2769.2	20.3203
2767.74	34.5806
2766.29	28.8464
2764.83	76.1157
2763.36	66.3877
2761.9	15.6633
2760.44	-34.0579
2758.98	14.2234
2757.52	83.5095
2756.06	65.7971
2754.59	73.0891
2753.13	95.3818
2751.67	120.68
2750.2	50.9797
2748.74	27.2822
2747.28	115.587
2745.81	109.895
2744.35	6.20435
2742.88	106.518
2741.41	69.8325
2739.95	103.151
2738.48	13.469
2737.01	98.7905
2735.55	42.1147
2734.08	120.44
2732.61	58.7686
2731.14	81.0972
2729.67	42.428
2728.2	129.76
2726.73	54.0933
2725.26	66.4302
2723.79	104.766
2722.32	74.1055
2720.85	39.446
2719.38	66.7876
2717.91	108.13
2716.44	108.473
2714.96	57.8169
2713.49	80.1616
2712.02	106.509
2710.54	4.854
2709.07	78.2004
2707.59	43.5491
2706.12	11.8987
2704.64	0.247314
2703.17	56.5967
2701.69	50.946
2700.22	2.2959
2698.74	83.6448
2697.26	78.9939
2695.78	84.3447
2694.31	80.6938
2692.83	78.0442
2691.35	51.394
2689.87	28.7429
2688.39	58.0891
2686.91	47.437
2685.43	67.7869
2683.95	173.133
2682.47	89.4775
2680.99	162.824
2679.51	71.167
2678.03	-3.48853
2676.54	121.852
2675.06	103.193
2673.58	43.5332
2672.09	122.872
2670.61	6.20972
2669.13	86.5471
2667.64	131.881
2666.16	71.2122
2664.67	38.5447
2663.18	120.873
2661.7	140.201
2660.21	80.5276
2658.72	118.852
2657.24	154.174
2655.75	126.493
2654.26	134.811
2652.77	72.1277
2651.28	30.4399
2649.8	57.7515
2648.31	79.0593
2646.82	32.366
2645.33	131.669
2643.84	145.97
2642.34	115.269
2640.85	154.563
2639.36	126.855
2637.87	107.146
2636.38	81.4316
2634.88	101.717
2633.39	87.9958
2631.9	73.2744
2630.4	108.548
2628.91	18.8196
2627.41	132.087
2625.92	90.3516
2624.42	110.614
2622.93	168.87
2621.43	133.126
2619.93	131.375
2618.44	123.621
2616.94	98.8645
2615.44	101.104
2613.94	134.339
2612.44	138.57
2610.95	99.7969
2609.45	126.02
2607.95	172.24
2606.45	148.453
2604.95	111.665
2603.44	106.872
2601.94	141.076
2600.44	165.274
2598.94	158.468
2597.44	139.657
2595.93	81.8411
2594.43	164.022
2592.93	125.198
2591.42	105.37
2589.92	116.534
2588.42	144.697
2586.91	260.855
2585.4	197.007
2583.9	176.154
2582.39	146.296
2580.89	139.436
2579.38	198.569
2577.87	119.698
2576.36	204.82
2574.86	120.938
2573.35	188.052
2571.84	163.16
2570.33	174.262
2568.82	154.36
2567.31	179.454
2565.8	161.541
2564.29	218.624
2562.78	130.7
2561.27	279.771
2559.75	211.838
2558.24	147.9
2556.73	174.955
2555.22	170.005
2553.7	176.05
2552.19	313.091
2550.68	150.124
2549.16	178.153
2547.65	93.1772
2546.13	111.193
2544.61	154.205
2543.1	166.212
2541.58	109.212
2540.07	141.21
2538.55	97.1992
2537.03	136.185
2535.51	153.162
2533.99	169.136
2532.48	178.104
2530.96	105.067
2529.44	96.0234
2527.92	70.9736
2526.4	67.918
2524.88	221.857
2523.36	159.792
2521.83	126.72
2520.31	162.643
2518.79	138.562
2517.27	110.474
2515.74	178.379
2514.22	162.28
2512.7	171.174
2511.17	190.062
2509.65	164.947
2508.12	139.824
2506.6	216.697
2505.07	166.565
2503.55	234.426
2502.02	173.282
2500.49	99.1323
2498.97	178.977
2497.44	166.818
2495.91	83.6509
2494.38	197.48
2492.85	83.3022
2491.32	192.12
2489.8	164.934
2488.27	94.7402
2486.74	74.5415
2485.2	102.338
2483.67	47.1309
2482.14	20.9155
2480.61	2.69629
2479.08	57.4707
2477.55	34.2412
2476.01	63.0068
2474.48	28.7661
2472.95	-25.4785
2471.41	47.2729
2469.88	38.0171
2468.34	83.7563
2466.81	81.4917
2465.27	119.223
2463.74	3.94873
2462.2	72.6694
2460.66	64.3853
2459.12	-15.9048
2457.59	11.8008
2456.05	-41.498
2454.51	-15.8003
2452.97	-55.1069
2451.43	-38.4204
2449.89	-71.7363
2448.35	47.9424
2446.81	-60.3828
2445.27	17.2871
2443.73	-38.0459
2442.19	-41.3853
2440.65	-16.7261
2439.11	13.9258
2437.56	-62.4233
2436.02	-97.7773
2434.48	-76.1362
2432.93	-41.499
2431.39	15.1348
2429.84	-70.2339
2428.3	72.3916
2426.75	60.0151
2425.21	12.6357
2423.66	-22.751
2422.12	123.861
2420.57	19.4697
2419.02	-31.9224
2417.47	-48.3208
2415.93	-21.7231
2414.38	62.874
2412.83	-20.5352
2411.28	-27.9448
2409.73	-35.3579
2408.18	-6.77344
2406.63	7.80713
2405.08	21.3848
2403.53	1.96289
2401.98	-20.4658
2400.42	22.1064
2398.87	12.6724
2397.32	-33.7607
2395.77	-15.1968
2394.21	-23.6362
2392.66	10.9229
2391.1	-21.5176
2389.55	-33.9634
2387.99	46.5913
2386.44	3.14111
2384.88	44.6919
2383.33	-46.7598
2381.77	-8.21338
2380.21	93.3315
2378.66	7.875
2377.1	-22.584
2375.54	4.9585
2373.98	28.4976
2372.42	-1.96289
2370.86	-3.4248
2369.3	98.1128
2367.74	188.648
2366.18	-46.8164
2364.62	-7.28174
2363.06	10.2534
2361.5	-88.2139
2359.94	-29.6802
2358.37	-23.146
2356.81	-66.6123
2355.25	42.9204
2353.68	-15.5479
2352.12	58.9844
2350.56	-41.4805
2348.99	-39.9487
2347.43	-8.41406
2345.86	13.1177
2344.29	-43.3472
2342.73	1.18799
2341.16	40.7236
2339.59	3.26221
2338.03	68.7998
2336.46	-4.66309
2334.89	74.8774
2333.32	59.4189
2331.75	18.9614
2330.18	38.5029
2328.61	109.05
2327.04	45.5957
2325.47	-33.8564
2323.9	56.6948
2322.33	1.24414
2320.76	61.7993
2319.18	30.355
2317.61	51.9106
2316.04	163.473
2314.47	105.035
2312.89	29.5986
2311.32	-30.835
2309.74	76.7354
2308.17	31.3091
2306.59	-5.11768
2305.02	131.46
2303.44	104.042
2301.86	90.6245
2300.29	21.2144
2298.71	81.8042
2297.13	26.3989
2295.55	131.995
2293.97	33.5962
2292.4	120.201
2290.82	42.8091
2289.24	30.4209
2287.66	14.0361
2286.08	-22.3428
2284.49	27.2803
2282.91	121.91
2281.33	66.542
2279.75	33.1797
2278.17	95.8213
2276.58	25.4668
2275	13.1172
2273.42	26.7715
2271.83	64.4321
2270.25	15.0986
2268.66	54.7666
2267.08	29.4424
2265.49	75.1221
2263.91	34.8076
2262.32	8.50098
2260.73	-6.80322
2259.14	127.899
2257.56	33.6055
2255.97	10.3198
2254.38	70.0396
2252.79	20.7646
2251.2	-32.5054
2249.61	-60.7686
2248.02	-2.02344
2246.43	66.7251
2244.84	43.481
2243.25	35.2441
2241.66	-49.9893
2240.07	88.7861
2238.47	-6.43018
2236.88	15.3579
2235.29	70.1523
2233.69	61.9556
2232.1	58.7632
2230.5	63.5801
2228.91	65.4033
2227.31	134.234
2225.72	57.0718
2224.12	39.9185
2222.53	61.77
2220.93	95.6309
2219.33	112.497
2217.73	129.372
2216.14	37.2554
2214.54	7.14502
2212.94	-2.95654
2211.34	16.9512
2209.74	7.86475
2208.14	78.7876
2206.54	114.716
2204.94	-13.3447
2203.34	-20.3984
2201.74	-5.44385
2200.13	56.519
2198.53	57.4922
2196.93	78.4707
2195.33	18.4604
2193.72	82.458
2192.12	32.4619
2190.51	36.4761
2188.91	105.501
2187.3	26.5327
2185.7	97.5723
2184.09	15.623
2182.48	52.6797
2180.88	140.748
2179.27	29.8247
2177.66	118.91
2176.05	101.004
2174.45	148.107
2172.84	71.2212
2171.23	25.3418
2169.62	110.475
2168.01	88.6147
2166.4	69.7651
2164.79	-94.0752
2163.18	76.0928
2161.56	120.271
2159.95	132.459
2158.34	111.655
2156.73	80.8618
2155.11	71.0781
2153.5	58.3047
2151.89	15.5396
2150.27	16.7837
2148.66	120.04
2147.04	82.3037
2145.43	59.5786
2143.81	114.863
2142.19	77.1563
2140.58	29.4595
2138.96	21.772
2137.34	-21.9067
2135.72	76.4248
2134.1	28.7681
2132.48	110.121
2130.86	107.481
2129.25	58.8521
2127.63	37.2363
2126	8.62646
2124.38	43.0269
2122.76	118.439
2121.14	89.8574
2119.52	-9.71094
2117.9	32.7295
2116.27	-12.8208
2114.65	-15.3618
2113.03	1.10693
2111.4	42.5879
2109.78	37.0757
2108.15	31.5752
2106.53	22.084
2104.9	105.603
2103.27	111.129
2101.65	67.6665
2100.02	16.2129
2098.39	-21.2295
2096.77	14.3379
2095.14	31.9116
2093.51	33.4976
2091.88	-6.9082
2090.25	29.6953
2088.62	81.3105
2086.99	18.9326
2085.36	137.566
2083.73	34.2056
2082.1	57.8569
2080.46	113.518
2078.83	113.187
2077.2	125.864
2075.57	91.5532
2073.93	125.248
2072.3	169.955
2070.66	103.669
2069.03	159.393
2067.4	117.125
2065.76	17.8652
2064.12	71.6138
2062.49	197.373
2060.85	195.139
2059.21	206.915
2057.58	108.699
2055.94	137.49
2054.3	193.291
2052.66	218.099
2051.02	122.917
2049.38	87.7397
2047.74	45.5732
2046.1	28.4146
2044.46	64.2632
2042.82	74.1191
2041.18	33.9829
2039.53	34.854
2037.89	43.7339
2036.25	198.619
2034.61	77.5137
2032.96	-1.58496
2031.32	24.3232
2029.67	92.2383
2028.03	61.1621
2026.38	156.09
2024.74	72.0273
2023.09	146.968
2021.44	147.918
2019.8	29.874
2018.15	4.83545
2016.5	-7.19482
2014.85	59.7793
2013.21	73.7603
2011.56	17.7456
2009.91	102.738
2008.26	68.7363
2006.61	107.739
2004.96	113.75
2003.3	123.764
2001.65	203.782
2000	67.8071
1998.35	4.8374
1996.7	19.8721
1995.04	157.911
1993.39	33.9546
1991.74	37.0039
1990.08	59.0552
1988.43	124.113
1986.77	149.174
1985.12	86.2373
1983.46	149.306
1981.8	108.379
1980.15	152.455
1978.49	108.533
1976.83	174.616
1975.17	61.7012
1973.51	62.79
1971.86	53.8809
1970.2	133.974
1968.54	100.07
1966.88	67.1694
1965.22	119.269
1963.55	130.373
1961.89	70.4775
1960.23	122.583
1958.57	73.6914
1956.91	-56.1997
1955.24	110.912
1953.58	110.022
1951.92	78.1357
1950.25	11.249
1948.59	33.3633
1946.92	90.4771
1945.26	31.5933
1943.59	63.707
1941.92	117.823
1940.26	69.936
1938.59	78.0503
1936.92	200.164
1935.25	118.276
1933.59	94.3896
1931.92	146.499
1930.25	113.607
1928.58	80.7163
1926.91	100.823
1925.24	160.927
1923.57	76.0298
1921.9	235.129
1920.22	44.2285
1918.55	88.3228
1916.88	99.4165
1915.21	58.5063
1913.53	155.593
1911.86	-22.3237
1910.18	91.7559
1908.51	86.8335
1906.83	69.9048
1905.16	-22.0259
1903.48	128.039
1901.81	61.0986
1900.13	62.1538
1898.45	25.2036
1896.78	114.25
1895.1	21.29
1893.42	-20.6743
1891.74	-0.644531
1890.06	96.3794
1888.38	-83.603
1886.7	23.4082
1885.02	135.415
1883.34	53.4131
1881.66	-2.59424
1879.98	24.3916
1878.3	85.3696
1876.61	101.34
1874.93	-6.69629
1873.25	-86.7397
1871.56	-33.7925
1869.88	114.148
1868.19	57.0801
1866.51	41.0029
1864.82	21.9175
1863.14	101.823
1861.45	41.7202
1859.76	104.606
1858.08	-18.5146
1856.39	61.354
1854.7	45.2124
1853.01	30.0605
1851.32	46.9004
1849.63	54.7275
1847.95	30.5454
1846.25	39.3506
1844.56	59.146
1842.87	140.931
1841.18	-41.2944
1839.49	127.466
1837.8	105.214
1836.11	80.9531
1834.41	78.6792
1832.72	85.3921
1831.03	-80.9067
1829.33	-11.2197
1827.64	-105.543
1825.94	-39.8823
1824.25	-101.233
1822.55	-56.6001
1820.85	-30.978
1819.16	-6.36865
1817.46	9.22412
1815.76	-8.19727
1814.06	-34.6313
1812.36	-58.083
1810.67	-60.5469
1808.97	-30.0264
1807.27	-23.521
1805.57	84.9707
1803.87	28.4438
1802.17	-12.0957
1800.46	-61.6548
1798.76	-77.2275
1797.06	-3.81641
1795.36	-30.4204
1793.65	-150.043
1791.95	0.316895
1790.25	-150.338
1788.54	-14.0103
1786.84	27.3003
1785.13	26.5923
1783.43	38.8672
1781.72	-68.877
1780.01	40.3638
1778.31	121.583
1776.6	86.7871
1774.89	-62.0278
1773.18	-40.8618
1771.47	72.2847
1769.77	-47.585
1768.06	-8.47656
1766.35	74.6147
1764.64	61.6865
1762.92	161.739
1761.21	58.7705
1759.5	120.783
1757.79	105.777
1756.08	79.748
1754.36	140.702
1752.65	72.6338
1750.94	106.546
1749.22	71.437
1747.51	23.3096
1745.79	157.159
1744.08	53.9883
1742.36	67.7969
1740.65	128.584
1738.93	105.35
1737.21	135.094
1735.49	106.815
1733.78	98.5181
1732.06	93.1982
1730.34	144.854
1728.62	92.4893
1726.9	171.106
1725.18	139.696
1723.46	51.2646
1721.74	115.813
1720.02	66.3379
1718.3	130.841
1716.57	65.3198
1714.85	45.7764
1713.13	115.209
1711.41	58.6226
1709.68	144.009
1707.96	165.375
1706.23	108.717
1704.51	72.0361
1702.78	20.334
1701.05	149.605
1699.33	118.855
1697.6	147.08
1695.87	83.2822
1694.15	87.4614
1692.42	60.6167
1690.69	41.7505
1688.96	80.8574
1687.23	150.943
1685.5	112.004
1683.77	35.0415
1682.04	114.055
1680.31	84.0435
1678.58	73.0078
1676.85	145.951
1675.11	211.87
1673.38	237.765
1671.65	243.634
1669.91	152.48
1668.18	165.302
1666.44	248.102
1664.71	141.875
1662.97	248.625
1661.24	235.353
1659.5	362.055
1657.76	385.733
1656.03	373.39
1654.29	359.02
1652.55	616.627
1650.81	584.212
1649.07	607.771
1647.33	572.307
1645.59	612.818
1643.85	628.309
1642.11	737.771
1640.37	792.213
1638.63	738.631
1636.89	749.026
1635.15	768.399
1633.4	711.746
1631.66	721.071
1629.92	730.37
1628.17	829.648
1626.43	706.904
1624.68	617.135
1622.94	645.346
1621.19	654.531
1619.45	657.696
1617.7	700.837
1615.95	653.956
1614.21	630.051
1612.46	760.124
1610.71	676.173
1608.96	799.205
1607.21	764.212
1605.46	754.199
1603.71	797.162
1601.96	859.103
1600.21	762.022
1598.46	910.923
1596.71	841.798
1594.95	952.656
1593.2	985.492
1591.45	1081.31
1589.7	1095.1
1587.94	1116.88
1586.19	1089.63
1584.43	1058.36
1582.68	1104.08
1580.92	1130.77
1579.16	1183.45
1577.41	1093.1
1575.65	1165.74
1573.89	1164.35
1572.13	1214.95
1570.38	1187.52
1568.62	1220.09
1566.86	1169.63
1565.1	1105.15
1563.34	971.657
1561.58	898.146
1559.82	819.616
1558.06	880.069
1556.29	981.503
1554.53	822.925
1552.77	783.325
1551.01	721.712
1549.24	842.083
1547.48	972.438
1545.71	816.775
1543.95	1016.1
1542.18	985.407
1540.42	916.701
1538.65	1187.98
1536.89	1149.24
1535.12	1170.49
1533.35	1336.73
1531.58	1253.95
1529.82	1437.16
1528.05	1573.36
1526.28	1693.54
1524.51	1772.71
1522.74	1748.87
1520.97	1750.02
1519.2	1815.15
1517.42	1745.28
1515.65	1872.39
1513.88	1781.49
1512.11	1907.58
1510.33	1863.67
1508.56	1722.74
1506.79	1757.8
1505.01	1585.86
1503.24	1557.9
1501.46	1537.94
1499.69	1452.96
1497.91	1291.98
1496.13	1216.99
1494.36	1275
1492.58	1210
1490.8	1222.99
1489.02	1209.98
1487.24	1253.95
1485.46	1200.93
1483.68	1215.9
1481.9	1201.86
1480.12	1222.82
1478.34	1105.78
1476.56	1158.73
1474.78	1145.68
1473	1174.62
1471.21	1064.57
1469.43	1217.51
1467.65	1101.44
1465.86	1178.38
1464.08	1280.32
1462.29	1438.25
1460.51	1326.19
1458.72	1362.12
1456.93	1460.05
1455.15	1365.99
1453.36	1500.93
1451.57	1567.86
1449.79	1611.8
1448	1737.75
1446.21	1702.69
1444.42	1657.64
1442.63	1980.59
1440.84	1869.54
1439.05	1748.5
1437.26	1910.47
1435.46	1683.43
1433.67	1660.41
1431.88	1518.39
1430.09	1567.37
1428.29	1379.36
1426.5	1281.36
1424.71	1297.37
1422.91	1150.38
1421.12	1094.41
1419.32	917.438
1417.52	986.474
1415.73	881.522
1413.93	947.581
1412.13	879.652
1410.34	938.729
1408.54	778.82
1406.74	959.923
1404.94	1006.04
1403.14	1022.16
1401.34	925.298
1399.54	784.447
1397.74	756.612
1395.94	895.791
1394.14	916.982
1392.33	874.188
1390.53	893.409
1388.73	919.644
1386.92	898.897
1385.12	951.167
1383.32	881.451
1381.51	866.753
1379.7	925.07
1377.9	780.405
1376.09	742.761
1374.29	1011.13
1372.48	1031.53
1370.67	990.937
1368.86	1016.37
1367.05	1022.81
1365.25	1047.29
1363.44	1034.78
1361.63	1048.29
1359.82	978.82
1358.01	960.379
1356.19	919.954
1354.38	925.556
1352.57	902.176
1350.76	1037.82
1348.95	1068.49
1347.13	1202.18
1345.32	1204.9
1343.5	1140.64
1341.69	1278.41
1339.87	1316.2
1338.06	1245.02
1336.24	1201.86
1334.43	1167.73
1332.61	982.631
1330.79	993.556
1328.97	1028.51
1327.16	920.484
1325.34	1017.49
1323.52	1067.52
1321.7	1040.59
1319.88	1248.67
1318.06	1222.79
1316.24	1284.94
1314.41	1428.12
1312.59	1529.33
1310.77	1541.57
1308.95	1432.84
1307.12	1538.14
1305.3	1469.47
1303.48	1512.83
1301.65	1481.22
1299.83	1418.65
1298	1348.11
1296.18	1355.59
1294.35	1272.12
1292.52	1254.67
1290.69	1309.26
1288.87	1218.88
1287.04	1184.53
1285.21	1283.21
1283.38	1176.93
1281.55	1080.68
1279.72	1080.47
1277.89	1021.29
1276.06	1047.15
1274.23	845.036
1272.4	906.96
1270.57	849.918
1268.73	850.909
1266.9	739.938
1265.07	826.002
1263.23	917.101
1261.4	993.233
1259.56	892.401
1257.73	971.604
1255.89	785.845
1254.06	924.12
1252.22	952.429
1250.38	882.774
1248.54	1017.16
1246.71	1017.58
1244.87	1107.03
1243.03	1164.52
1241.19	1092.04
1239.35	1250.6
1237.51	1383.2
1235.67	1486.83
1233.83	1738.5
1231.98	1811.2
1230.14	2043.94
1228.3	1986.72
1226.46	2073.53
1224.61	1998.38
1222.77	1882.26
1220.92	1819.18
1219.08	1700.13
1217.23	1674.12
1215.39	1540.14
1213.54	1277.2
1211.7	1272.29
1209.85	1184.42
1208	1012.58
1206.15	1108.78
1204.3	1020.01
1202.45	1095.28
1200.61	1038.58
1198.76	969.908
1196.91	895.274
1195.05	805.673
1193.2	815.104
1191.35	791.571
1189.5	699.067
1187.65	516.598
1185.79	459.159
1183.94	487.752
1182.09	359.379
1180.23	272.034
1178.38	358.722
1176.52	243.439
1174.67	347.187
1172.81	187.964
1170.95	297.77
1169.1	370.606
1167.24	468.471
1165.38	472.364
1163.52	384.284
1161.66	460.231
1159.8	512.206
1157.94	361.209
1156.08	392.237
1154.22	340.289
1152.36	401.367
1150.5	167.473
1148.64	395.6
1146.77	190.752
1144.91	235.927
1143.05	240.122
1141.18	171.344
1139.32	252.584
1137.45	205.846
1135.59	324.129
1133.72	142.433
1131.86	91.7549
1129.99	116.095
1128.12	206.453
1126.25	252.83
1124.39	154.223
1122.52	108.632
1120.65	-11.9434
1118.78	53.4961
1116.91	-50.0488
1115.04	96.417
1113.17	41.8984
1111.3	-106.609
1109.42	-30.1064
1107.55	-30.5928
1105.68	-109.067
1103.81	-60.5361
1101.93	-10.9941
1100.06	88.5547
1098.18	12.1094
1096.31	48.6699
1094.43	-170.763
1092.56	-32.1934
1090.68	31.3809
1088.8	-107.042
1086.93	-151.464
1085.05	-124.886
1083.17	-98.3057
1081.29	-46.7285
1079.41	21.8477
1077.53	-134.579
1075.65	-51.0098
1073.77	33.5566
1071.89	69.1152
1070.01	83.6689
1068.13	11.2148
1066.24	-15.248
1064.36	134.279
1062.48	147.798
1060.59	-2.69727
1058.71	-113.203
1056.83	-94.7227
1054.94	25.7432
1053.05	-47.8076
1051.17	44.627
1049.28	21.042
1047.39	-4.55957
1045.51	105.817
1043.62	-11.8262
1041.73	72.5088
1039.84	-24.1787
1037.95	-90.8896
1036.06	33.3711
1034.17	160.609
1032.28	101.818
1030.39	-39.002
1028.5	25.1494
1026.61	27.2676
1024.71	-3.64453
1022.82	134.409
1020.93	-44.5684
1019.03	-69.585
1017.14	-10.6357
1015.24	-84.7275
1013.35	-164.856
1011.45	-91.0254
1009.56	-100.234
1007.66	-67.4893
1005.76	-42.7852
1003.86	-28.1279
1001.97	114.483
1000.07	109.047
998.167	182.562
996.268	70.0273
994.368	122.442
992.466	104.802
990.565	127.108
988.664	20.3633
986.762	-14.4414
984.86	86.6992
982.957	42.7803
981.053	38.7979
979.15	177.76
977.245	121.655
975.34	34.4873
973.435	13.2559
971.53	163.958
969.624	152.593
967.717	99.1572
965.809	105.652
963.902	158.078
961.994	75.4307
960.086	94.708
958.177	185.911
956.267	216.037
954.357	232.085
952.447	219.057
950.536	268.947
948.625	328.757
946.713	268.483
944.8	334.125
942.888	387.685
940.974	317.153
939.061	310.538
937.147	302.834
935.233	339.042
933.317	276.156
931.402	400.18
929.485	365.106
927.569	250.941
925.652	260.68
923.735	386.324
921.817	375.865
919.899	368.312
917.98	334.655
916.061	210.897
914.141	395.037
912.22	395.071
910.3	226.004
908.378	372.825
906.456	383.544
904.534	515.152
902.612	559.655
900.689	586.044
898.766	576.323
896.841	436.486
894.916	529.538
892.991	546.476
891.066	654.302
889.14	744.005
887.214	780.596
885.287	707.066
883.36	674.418
881.432	636.647
879.504	489.761
877.575	703.746
875.646	595.612
873.716	725.354
871.786	755.971
869.855	620.461
867.924	669.829
865.992	451.064
864.06	436.177
862.128	493.159
860.194	503.012
858.261	642.739
856.327	581.329
854.393	412.792
852.458	457.124
850.522	497.321
848.586	456.384
846.65	308.319
844.714	429.118
842.776	432.776
840.838	577.305
838.901	553.701
836.961	596.956
835.023	540.078
833.082	556.057
831.142	446.903
829.202	469.611
827.261	536.187
825.319	427.616
823.377	609.912
821.434	618.063
819.491	625.079
817.548	714.962
815.604	658.699
813.66	695.301
811.715	793.757
809.769	773.078
807.823	763.259
805.878	651.306
803.93	439.205
801.983	483.972
800.035	412.59
798.087	427.075
796.139	366.428
794.189	343.633
792.24	333.706
790.289	220.632
788.339	359.426
786.387	426.082
784.436	303.606
782.484	234.985
780.532	489.235
778.578	517.339
776.624	439.314
774.671	505.161
772.716	490.865
770.762	414.442
768.806	392.877
766.85	260.187
764.893	263.362
762.937	214.416
760.979	238.329
759.022	162.121
757.064	107.783
755.105	231.316
753.145	218.723
751.185	8.00195
749.226	106.165
747.264	-65.8047
745.303	200.11
743.341	286.904
741.38	321.586
739.417	210.139
737.454	289.582
735.49	465.909
733.526	558.121
731.562	489.218
729.596	614.203
727.631	631.086
725.665	642.858
723.699	647.524
721.732	518.083
719.764	429.537
717.797	542.898
715.828	456.149
713.859	407.31
711.889	471.372
709.919	515.34
707.949	591.224
705.978	436.005
704.007	338.707
702.035	369.321
700.063	161.851
698.091	180.306
696.117	142.671
694.143	86.9658
692.169	106.186
690.194	27.3291
688.219	-127.599
686.244	-147.585
684.267	-7.65039
682.291	102.231
680.314	-12.9492
678.336	-38.1904
676.358	56.5225
674.379	32.1699
672.4	-38.2227
670.421	-35.665
668.441	-4.15332
666.46	51.3145
664.479	-67.248
662.497	-119.858
660.516	-62.4922
658.533	-85.1592
656.55	-170.854
654.567	115.436
652.583	-54.3086
650.598	127.938
648.614	-0.831055
646.628	-99.6143
644.643	23.6045
642.656	-7.19629
640.669	140.011
638.682	69.2178
636.694	170.427
634.706	-6.35742
632.717	166.878
630.728	280.117
628.738	417.383
626.748	89.668
624.757	229.978
622.766	344.324
620.774	441.69
618.782	312.102
616.789	432.55
614.796	403.04
612.802	370.576
610.808	504.17
608.814	429.816
606.818	266.508
604.822	242.271
602.827	336.106
600.83	296
598.833	376.974
596.836	214.022
594.838	367.149
592.839	290.358
590.84	257.654
588.841	237.049
586.84	292.528
584.84	358.115
582.838	280.802
580.838	83.6055
578.835	84.5078
576.833	127.532
574.83	27.6729
572.827	19.9346
570.822	-0.679688
568.818	-7.16602
566.813	-45.5117
564.808	198.279
562.802	116.209
560.795	45.2822
558.788	100.502
556.781	166.882
554.773	227.416
552.765	146.108
550.756	130.962
548.747	-31.0186
546.737	-8.82227
544.726	5.53906
542.716	-161.916
540.704	-31.1904
538.692	-49.2822
536.68	-75.1797
534.667	83.1055
532.654	-57.4082
530.64	-42.7256
528.626	-53.8428
526.611	-29.748
524.596	15.5449
522.58	33.0547
520.564	53.7773
518.547	74.7158
516.529	150.873
514.512	95.2598
512.494	292.87
510.476	315.707
508.456	350.774
506.436	559.075
504.416	450.61
502.395	380.391
500.374	500.41
498.353	535.673
496.33	709.18
494.307	749.934
492.284	932.942
490.261	1034.2
488.237	1149.72
486.212	1384.48
484.187	1645.51
482.161	1756.79
480.134	1794.33
478.108	1514.14
476.081	1110.21
474.054	797.551
472.025	814.148
469.997	408.017
467.968	317.15
465.938	236.551
463.908	316.218
461.877	240.153
459.846	30.3613
457.814	178.838
455.782	202.582
453.75	278.594
451.716	318.874
449.683	260.425
447.649	451.243
445.614	398.327
443.579	486.676
441.543	480.289
439.508	678.169
437.47	784.307
435.433	999.707
433.396	1103.37
431.358	1573.28
429.319	1500.45
427.28	1618.88
425.241	1666.55
423.201	1708.47
421.16	1453.64
419.118	1508.04
417.077	1225.69
415.035	1111.57
412.993	1155.68
410.949	811.014
408.905	488.574
406.862	520.354
404.816	402.348
402.771	321.552
400.727	140.962
398.68	28.5703
396.633	124.372
394.586	88.3633
392.539	121.538
390.491	-41.1113
388.442	-51.5898
386.393	-3.9043
384.344	17.9385
382.293	-101.068
380.242	-44.9336
378.192	-27.6621
376.14	9.73633
374.088	-72.7461
372.035	-188.116
369.982	-24.3848
367.928	-105.559
365.874	15.3516
363.82	30.3379
361.765	-30.6094
359.709	101.499
357.653	-79.3467
355.596	9.84277
353.539	113.058
351.481	265.287
349.423	313.519
347.364	250.741
345.305	239.944
343.245	113.114
341.185	349.239
339.125	287.308
337.063	254.306
335.001	134.221
332.94	283.038
330.876	506.746
328.813	441.329
326.749	583.773
324.685	653.064
322.621	869.188
320.555	920.128
318.489	1003.87
316.423	1172.4
314.356	1241.7
312.29	1355.75
310.221	1335.54
308.153	1142.05
306.084	1210.26
304.015	1276.17
301.946	1260.74
299.875	1309.96
297.804	1174.81
295.733	1325.28
293.661	1321.35
291.588	1484
289.516	1414.2
287.443	1376.95
285.369	1363.21
283.295	1578.98
281.22	1545.22
279.144	1554.93
277.068	1716.08
274.992	1673.65
272.915	2000.62
270.837	2094.96
268.76	2094.67
266.681	2231.7
264.602	2259.06
262.523	2569.71
260.443	2790.63
258.362	2766.8
256.282	3022.2
254.2	3219.8
252.118	3206.59
250.036	3477.54
247.952	3400.63
245.869	3411.84
243.784	3456.13
241.7	3552.5
239.616	3264.93
237.53	3430.37
235.443	3384.82
233.357	3218.25
231.27	3008.64
229.182	2889.97
227.094	2880.22
225.005	2785.35
222.916	2552.35
220.827	2542.21
218.737	2535.88
216.646	2374.35
214.555	2246.62
212.462	1922.63
210.37	1817.39
208.278	1570.87
206.185	1429.05
204.091	1206.89
201.997	1155.41
199.902	817.553
197.807	467.313
195.711	423.664
193.615	270.613
191.517	220.096
189.42	343.141
187.322	271.706
185.224	126.775
183.125	18.3584
181.025	-93.6123
178.926	-5.09961
176.825	-197.144
174.724	-188.759
172.623	81.0713
170.521	-35.7236
168.418	-57.0967
166.315	15.9141
164.212	125.295
162.108	8.07617
160.003	82.1777
157.898	-38.3359
155.793	-272.504
153.686	-161.332
151.58	-141.787
149.473	-67.9434
147.365	-144.729
145.257	-306.178
143.148	-234.291
141.039	-157.063
138.929	-69.4473
136.819	-128.48
134.709	-178.152
132.597	-59.4531
130.485	-277.371
128.373	-228.85
126.26	-234.963
124.147	-248.602
122.033	-458.795
119.919	-183.469
117.804	-196.699
115.688	16.6367
113.573	81.5215
111.456	313.982
109.339	418.051
107.222	354.818
105.103	473.217
102.985	494.393
100.866	300.338
98.7467	226.15
96.6262	-668.227
