3502.52	26.9666
3501.25	29.7928
3499.98	18.7167
3498.71	-6.26843
3497.44	-10.1588
3496.17	5.03931
3494.9	9.32947
3493.62	10.7057
3492.35	7.17114
3491.08	-10.2773
3489.8	-17.6434
3488.53	-33.9242
3487.26	-38.125
3485.98	-23.2432
3484.71	-32.2821
3483.43	-29.2441
3482.16	-30.1279
3480.88	-38.9355
3479.6	-59.6692
3478.33	-49.3307
3477.05	-35.9188
3475.77	-39.4359
3474.5	-39.8838
3473.22	-43.2629
3471.94	-46.5751
3470.66	-57.8221
3469.38	-48.0031
3468.1	-67.1207
3466.82	-57.1755
3465.54	-81.1693
3464.26	-57.1025
3462.98	-47.9769
3461.7	-43.7935
3460.42	-67.5532
3459.14	-65.2572
3457.86	-45.9067
3456.57	-67.5028
3455.29	-57.0466
3454.01	-47.5388
3452.73	-77.9813
3451.44	-64.3748
3450.16	-71.7202
3448.87	-70.0188
3447.59	-81.2715
3446.3	-72.4792
3445.02	-75.6436
3443.73	-63.765
3442.45	-76.8448
3441.16	-67.884
3439.88	-83.8837
3438.59	-82.8447
3437.3	-72.7681
3436.01	-107.655
3434.73	-90.506
3433.44	-82.3224
3432.15	-78.1053
3430.86	-64.8552
3429.57	-93.5737
3428.28	-71.261
3426.99	-78.9187
3425.7	-52.5472
3424.41	-73.1479
3423.12	-73.7212
3421.83	-64.2686
3420.54	-67.7906
3419.24	-50.2878
3417.95	-73.7618
3416.66	-74.2134
3415.37	-58.6425
3414.07	-60.051
3412.78	-55.4395
3411.48	-54.8081
3410.19	-80.1589
3408.9	-52.4921
3407.6	-44.8083
3406.31	-64.1086
3405.01	-77.3938
3403.72	-55.6646
3402.42	-48.9215
3401.12	-61.1652
3399.82	-66.3973
3398.53	-52.618
3397.23	-54.8281
3395.93	-61.0286
3394.63	-73.2197
3393.33	-61.4032
3392.04	-55.5785
3390.74	-20.7466
3389.44	-22.9086
3388.14	-45.0648
3386.84	-46.2163
3385.53	-59.3635
3384.23	-19.5078
3382.93	-47.6488
3381.63	-18.7874
3380.33	-42.9242
3379.03	-19.0609
3377.72	-40.1967
3376.42	-6.33264
3375.12	-33.4701
3373.81	-38.6085
3372.51	-40.7496
3371.2	-32.8928
3369.9	-31.0399
3368.59	-44.1902
3367.29	-32.3455
3365.98	-19.5051
3364.68	-34.6709
3363.37	-15.8419
3362.06	-22.0203
3360.76	-11.2057
3359.45	-26.3981
3358.14	-49.5992
3356.83	2.19104
3355.52	-21.0271
3354.22	0.744385
3352.91	-36.4941
3351.6	-19.7432
3350.29	-23.0031
3348.98	7.72595
3347.67	-17.5573
3346.36	-3.85291
3345.04	-3.1615
3343.73	19.517
3342.42	13.1818
3341.11	-9.16736
3339.8	-1.53101
3338.48	-0.909424
3337.17	-13.303
3335.86	1.28784
3334.54	8.86267
3333.23	0.421265
3331.91	-17.0372
3330.6	9.48767
3329.28	-1.00464
3327.97	-15.5148
3326.65	4.95703
3325.34	6.41028
3324.02	15.8452
3322.7	16.2611
3321.38	-22.3425
3320.07	18.0345
3318.75	36.3918
3317.43	9.72876
3316.11	12.0455
3314.79	12.3413
3313.47	2.61646
3312.15	1.87036
3310.83	29.1029
3309.51	10.3137
3308.19	12.5026
3306.87	3.66943
3305.55	18.8138
3304.23	18.9358
3302.9	19.035
3301.58	14.1112
3300.26	46.1643
3298.94	35.1941
3297.61	29.2003
3296.29	25.1827
3294.96	5.14148
3293.64	17.076
3292.31	12.9866
3290.99	1.87268
3289.66	23.7343
3288.34	-6.42871
3287.01	31.3835
3285.68	25.1709
3284.36	21.9332
3283.03	12.6704
3281.7	29.3824
3280.37	26.0691
3279.05	34.7305
3277.72	14.3661
3276.39	35.9761
3275.06	17.5603
3273.73	12.1191
3272.4	49.6517
3271.07	13.1584
3269.74	41.6395
3268.41	14.0941
3267.08	57.5229
3265.74	21.9253
3264.41	47.302
3263.08	38.6517
3261.75	50.9758
3260.41	80.2731
3259.08	65.5447
3257.75	53.7892
3256.41	77.0081
3255.08	57.2006
3253.74	51.366
3252.41	59.5057
3251.07	44.6193
3249.74	59.7063
3248.4	67.767
3247.06	89.8005
3245.73	91.8088
3244.39	65.7908
3243.05	72.7463
3241.71	93.6757
3240.37	84.5791
3239.04	92.4562
3237.7	67.3073
3236.36	122.132
3235.02	67.9314
3233.68	106.704
3232.34	87.4528
3231	94.1746
3229.66	94.8704
3228.31	107.541
3226.97	104.186
3225.63	107.805
3224.29	96.3993
3222.94	59.9688
3221.6	103.512
3220.26	119.03
3218.91	119.524
3217.57	92.9927
3216.23	96.4373
3214.88	90.8557
3213.53	90.2512
3212.19	75.6221
3210.84	94.9672
3209.5	128.289
3208.15	72.5879
3206.8	82.8605
3205.46	93.1107
3204.11	95.3374
3202.76	67.5404
3201.41	86.7201
3200.06	98.8746
3198.71	101.008
3197.36	85.1179
3196.01	100.205
3194.66	122.269
3193.31	93.311
3191.96	31.3306
3190.61	124.328
3189.26	75.3042
3187.91	87.2572
3186.56	105.188
3185.2	77.0979
3183.85	92.986
3182.5	80.8549
3181.14	65.7004
3179.79	79.525
3178.44	96.3309
3177.08	61.1141
3175.73	111.877
3174.37	95.6217
3173.01	75.344
3171.66	96.0487
3170.3	95.7335
3168.95	71.3971
3167.59	84.0432
3166.23	68.6683
3164.87	90.2765
3163.51	102.866
3162.16	77.4362
3160.8	71.9868
3159.44	97.5208
3158.08	73.0371
3156.72	97.536
3155.36	102.017
3154	71.4801
3152.64	78.9268
3151.28	97.3562
3149.91	80.7687
3148.55	87.1649
3147.19	100.545
3145.83	68.9083
3144.46	79.256
3143.1	49.5881
3141.74	90.9066
3140.37	84.2075
3139.01	85.4937
3137.64	80.7671
3136.28	93.0233
3134.91	72.2653
3133.55	65.4951
3132.18	92.7089
3130.81	84.911
3129.45	77.0968
3128.08	65.272
3126.71	74.4313
3125.34	62.5803
3123.98	61.7159
3122.61	87.8372
3121.24	72.9485
3119.87	44.0475
3118.5	76.1343
3117.13	90.2096
3115.76	74.2708
3114.39	67.3235
3113.02	89.3649
3111.64	79.3953
3110.27	71.4153
3108.9	55.4246
3107.53	42.4241
3106.15	80.4132
3104.78	59.3951
3103.41	50.3651
3102.03	56.3254
3100.66	70.277
3099.29	50.2214
3097.91	16.1554
3096.53	42.08
3095.16	46.9993
3093.78	72.9081
3092.41	36.8087
3091.03	18.7041
3089.65	55.5891
3088.27	52.4698
3086.9	44.3434
3085.52	68.2075
3084.14	40.0675
3082.76	28.9208
3081.38	67.7654
3080	35.6064
3078.62	16.442
3077.24	20.2716
3075.86	-12.9045
3074.48	50.9139
3073.1	31.7252
3071.72	26.5338
3070.33	-15.6621
3068.95	64.1373
3067.57	26.9351
3066.19	13.7262
3064.8	41.5131
3063.42	-5.70337
3062.03	21.0763
3060.65	10.8552
3059.26	-13.3715
3057.88	-15.6014
3056.49	45.1685
3055.11	-1.06689
3053.72	-31.3043
3052.33	8.45801
3050.95	34.2157
3049.56	0.974121
3048.17	29.7306
3046.78	-16.5165
3045.4	-14.7629
3044.01	6.98914
3042.62	8.73816
3041.23	-10.5116
3039.84	2.23816
3038.45	-0.0128174
3037.06	-15.2645
3035.67	-49.516
3034.28	-26.7679
3032.88	-20.0194
3031.49	-11.2715
3030.1	-14.5222
3028.71	-6.77332
3027.31	-11.0233
3025.92	-7.27222
3024.52	-12.5209
3023.13	-7.76526
3021.74	-2.01135
3020.34	-15.2559
3018.95	-5.49609
3017.55	-35.7372
3016.16	-32.9744
3014.76	-35.212
3013.36	-23.4446
3011.96	-32.6779
3010.57	-40.9067
3009.17	-1.13501
3007.77	-14.3582
3006.37	2.42126
3004.97	-17.7968
3003.57	-0.0141602
3002.17	-25.226
3000.77	26.5658
2999.37	-22.6393
2997.97	-10.8411
2996.57	-9.03955
2995.17	16.7659
2993.77	-13.425
2992.37	-17.6118
2990.97	3.20532
2989.56	-23.9738
2988.16	37.8545
2986.76	26.6835
2985.35	-4.4823
2983.95	24.3557
2982.54	-4.79858
2981.14	-27.9513
2979.73	-9.09607
2978.33	35.7611
2976.92	12.6256
2975.51	2.4928
2974.11	9.36694
2972.7	-36.7527
2971.29	26.1294
2969.89	7.01978
2968.48	22.9154
2967.07	18.8152
2965.66	-14.2781
2964.25	33.6342
2962.84	10.5524
2961.43	47.4744
2960.02	39.4037
2958.61	31.3402
2957.2	4.28149
2955.79	21.2284
2954.38	34.1818
2952.96	16.1421
2951.55	51.1072
2950.14	48.08
2948.73	55.0586
2947.31	26.0424
2945.9	55.0338
2944.48	95.0314
2943.07	54.0352
2941.65	64.0458
2940.24	64.0626
2938.82	75.0862
2937.41	80.1172
2935.99	82.1536
2934.57	105.198
2933.16	50.2474
2931.74	60.3046
2930.32	87.3687
2928.9	62.4382
2927.48	76.5153
2926.06	57.5994
2924.64	43.6901
2923.22	121.787
2921.8	61.8929
2920.38	113.004
2918.96	106.121
2917.54	78.2466
2916.12	79.3777
2914.7	76.5168
2913.28	90.6626
2911.85	67.814
2910.43	101.973
2909.01	63.1388
2907.58	36.3114
2906.16	48.4919
2904.74	93.6781
2903.31	50.8712
2901.88	60.0706
2900.46	55.2777
2899.03	88.4919
2897.61	71.7112
2896.18	42.9382
2894.75	62.1722
2893.33	136.412
2891.9	45.6595
2890.47	49.9128
2889.04	80.1729
2887.61	88.4392
2886.18	123.712
2884.75	78.9921
2883.32	48.2776
2881.89	73.5703
2880.46	78.8695
2879.03	77.174
2877.6	95.4855
2876.17	56.8033
2874.74	74.1272
2873.3	59.4575
2871.87	108.793
2870.44	67.1365
2869.01	82.4844
2867.57	67.8379
2866.14	87.1989
2864.7	44.5651
2863.27	31.9364
2861.83	86.3142
2860.4	45.6974
2858.96	50.0865
2857.52	103.481
2856.09	83.8807
2854.65	64.2861
2853.21	78.6976
2851.77	57.1134
2850.34	76.5354
2848.9	91.9615
2847.46	44.3939
2846.02	48.8307
2844.58	78.2727
2843.14	34.7198
2841.7	67.1711
2840.26	32.6274
2838.82	57.0881
2837.37	28.5537
2835.93	10.0245
2834.49	58.4988
2833.05	13.9784
2831.6	21.4608
2830.16	-14.051
2828.72	9.44067
2827.27	-32.0634
2825.83	-1.56372
2824.38	-13.0598
2822.94	0.447144
2821.49	2.95813
2820.05	32.4738
2818.6	54.9915
2817.15	7.51367
2815.71	5.0387
2814.26	3.56714
2812.81	27.099
2811.36	-31.3658
2809.91	-5.82825
2808.47	-0.287476
2807.02	29.2559
2805.57	21.8029
2804.12	7.35168
2802.67	10.9022
2801.22	44.4568
2799.76	32.0135
2798.31	-4.42859
2796.86	45.1321
2795.41	49.6951
2793.96	45.2599
2792.5	45.8263
2791.05	48.3943
2789.6	29.9653
2788.14	-31.4634
2786.69	11.1099
2785.23	-9.31604
2783.78	12.2599
2782.32	33.8369
2780.86	44.4143
2779.41	13.9933
2777.95	-7.42712
2776.5	72.1544
2775.04	5.73547
2773.58	6.31689
2772.12	79.8999
2770.66	-20.5183
2769.2	18.0649
2767.74	81.6472
2766.29	87.2306
2764.83	52.8137
2763.36	65.3965
2761.9	18.9791
2760.44	49.5613
2758.98	77.1427
2757.52	24.7242
2756.06	60.3046
2754.59	69.8846
2753.13	29.4628
2751.67	48.041
2750.2	62.618
2748.74	59.1936
2747.28	40.7677
2745.81	19.3406
2744.35	71.9119
2742.88	77.4821
2741.41	35.05
2739.95	62.6167
2738.48	50.1807
2737.01	43.743
2735.55	79.3036
2734.08	74.8618
2732.61	57.4178
2731.14	79.9709
2729.67	93.5217
2728.2	64.0698
2726.73	90.6147
2725.26	82.1582
2723.79	30.6975
2722.32	54.2346
2720.85	27.7688
2719.38	36.2996
2717.91	90.8269
2716.44	41.3506
2714.96	89.8711
2713.49	71.3877
2712.02	104.901
2710.54	126.41
2709.07	114.916
2707.59	99.4175
2706.12	50.9155
2704.64	164.409
2703.17	105.898
2701.69	67.3831
2700.22	43.8638
2698.74	98.3394
2697.26	81.8108
2695.78	83.2778
2694.31	104.74
2692.83	48.1975
2691.35	83.6499
2689.87	92.0974
2688.39	75.5386
2686.91	34.9756
2685.43	91.4087
2683.95	133.835
2682.47	77.2554
2680.99	103.671
2679.51	62.0811
2678.03	106.486
2676.54	74.8838
2675.06	75.2766
2673.58	94.6636
2672.09	87.0449
2670.61	111.42
2669.13	70.7896
2667.64	111.152
2666.16	69.5078
2664.67	124.858
2663.18	109.202
2661.7	103.539
2660.21	96.8704
2658.72	80.1948
2657.24	40.5125
2655.75	97.823
2654.26	111.127
2652.77	74.4253
2651.28	60.7153
2649.8	137.999
2648.31	129.275
2646.82	126.545
2645.33	106.807
2643.84	48.0625
2642.34	109.311
2640.85	103.551
2639.36	140.784
2637.87	90.0105
2636.38	95.2285
2634.88	92.4404
2633.39	67.6428
2631.9	136.839
2630.4	86.0273
2628.91	123.208
2627.41	82.3811
2625.92	132.546
2624.42	121.705
2622.93	130.854
2621.43	77.9963
2619.93	90.1296
2618.44	90.2556
2616.94	111.374
2615.44	144.484
2613.94	62.5862
2612.44	34.6797
2610.95	73.7654
2609.45	74.8428
2607.95	115.913
2606.45	116.973
2604.95	158.027
2603.44	84.0723
2601.94	121.11
2600.44	132.138
2598.94	89.1582
2597.44	102.17
2595.93	97.1733
2594.43	120.169
2592.93	150.156
2591.42	139.135
2589.92	86.1038
2588.42	204.066
2586.91	118.02
2585.4	123.965
2583.9	182.901
2582.39	108.829
2580.89	157.75
2579.38	107.661
2577.87	98.5645
2576.36	110.458
2574.86	128.345
2573.35	79.2229
2571.84	160.092
2570.33	163.953
2568.82	112.805
2567.31	139.651
2565.8	153.486
2564.29	122.314
2562.78	103.133
2561.27	121.943
2559.75	91.7461
2558.24	106.54
2556.73	83.3259
2555.22	154.103
2553.7	113.873
2552.19	87.6343
2550.68	95.3865
2549.16	84.1313
2547.65	127.868
2546.13	67.5955
2544.61	147.316
2543.1	85.0276
2541.58	129.731
2540.07	66.4282
2538.55	90.1157
2537.03	134.796
2535.51	57.4673
2533.99	108.132
2532.48	112.788
2530.96	89.4365
2529.44	80.0769
2527.92	123.709
2526.4	105.334
2524.88	91.9507
2523.36	62.561
2521.83	80.1624
2520.31	87.7568
2518.79	95.3442
2517.27	86.9238
2515.74	102.496
2514.22	113.06
2512.7	85.6169
2511.17	73.1663
2509.65	113.71
2508.12	77.2446
2506.6	76.7732
2505.07	65.2952
2503.55	133.809
2502.02	68.3167
2500.49	103.817
2498.97	36.3101
2497.44	98.7979
2495.91	63.2771
2494.38	100.751
2492.85	68.217
2491.32	48.6772
2489.8	92.1316
2488.27	42.5784
2486.74	46.0193
2485.2	37.4536
2483.67	45.8833
2482.14	76.3047
2480.61	77.7209
2479.08	37.1304
2477.55	59.5347
2476.01	69.9331
2474.48	45.3252
2472.95	53.7119
2471.41	82.094
2469.88	91.469
2468.34	42.8384
2466.81	84.2031
2465.27	24.5627
2463.74	16.9167
2462.2	44.2656
2460.66	41.6089
2459.12	42.9468
2457.59	35.2795
2456.05	-2.39233
2454.51	-7.06812
2452.97	8.25122
2451.43	4.56421
2449.89	58.8743
2448.35	-17.8208
2446.81	62.4797
2445.27	51.7759
2443.73	52.0686
2442.19	-50.6443
2440.65	23.6401
2439.11	1.9187
2437.56	56.1953
2436.02	12.4673
2434.48	-16.2646
2432.93	12.9993
2431.39	0.26001
2429.84	25.5183
2428.3	5.77173
2426.75	33.0227
2425.21	-11.7292
2423.66	51.5137
2422.12	-53.2456
2420.57	-21.0073
2419.02	-13.7708
2417.47	24.4612
2415.93	-18.3098
2414.38	47.918
2412.83	8.14136
2411.28	31.3635
2409.73	-25.4167
2408.18	1.80103
2406.63	11.0159
2405.08	17.2283
2403.53	18.4407
2401.98	44.6484
2400.42	63.8567
2398.87	1.06055
2397.32	-1.73511
2395.77	-25.5327
2394.21	-26.3328
2392.66	1.86621
2391.1	-15.9346
2389.55	101.261
2387.99	47.4578
2386.44	24.6511
2384.88	48.845
2383.33	6.0376
2381.77	-10.7708
2380.21	52.4199
2378.66	-45.3899
2377.1	-17.2009
2375.54	-26.0107
2373.98	3.17725
2372.42	19.3662
2370.86	-9.44531
2369.3	-51.2568
2367.74	27.9309
2366.18	-76.8811
2364.62	-52.6931
2363.06	-21.5039
2361.5	-24.3162
2359.94	-10.127
2358.37	11.063
2356.81	25.2534
2355.25	9.44385
2353.68	-44.3657
2352.12	-17.1741
2350.56	-3.98022
2348.99	1.2124
2347.43	-0.592285
2345.86	34.6018
2344.29	-4.20117
2342.73	-39.0034
2341.16	-36.8044
2339.59	0.397217
2338.03	-47.4011
2336.46	4.80127
2334.89	0.0065918
2333.32	13.2134
2331.75	-46.5786
2330.18	23.6299
2328.61	71.843
2327.04	10.0559
2325.47	-19.729
2323.9	42.489
2322.33	-4.29297
2320.76	-2.07056
2319.18	-36.8469
2317.61	-37.6223
2316.04	-14.3928
2314.47	-9.16235
2312.89	-79.9304
2311.32	-1.69556
2309.74	38.5427
2308.17	89.7839
2306.59	57.0256
2305.02	57.271
2303.44	26.5195
2301.86	-19.2302
2300.29	33.0251
2298.71	34.2813
2297.13	94.5413
2295.55	27.8027
2293.97	65.0686
2292.4	35.3369
2290.82	15.6084
2289.24	61.8828
2287.66	117.16
2286.08	-22.5583
2284.49	-3.27515
2282.91	-16.9871
2281.33	58.3032
2279.75	48.5974
2278.17	28.8945
2276.58	18.1948
2275	35.498
2273.42	47.8047
2271.83	89.1155
2270.25	-2.56982
2268.66	11.7463
2267.08	-8.93237
2265.49	11.3914
2263.91	-2.28101
2262.32	20.0518
2260.73	139.386
2259.14	27.7246
2257.56	30.0657
2255.97	23.4116
2254.38	58.7607
2252.79	32.1135
2251.2	28.469
2249.61	9.82813
2248.02	-0.807373
2246.43	-11.4414
2244.84	-48.071
2243.25	66.3035
2241.66	50.6794
2240.07	120.061
2238.47	40.446
2236.88	-11.1665
2235.29	38.2246
2233.69	-11.3801
2232.1	29.0173
2230.5	85.4197
2228.91	45.8247
2227.31	17.2336
2225.72	50.6455
2224.12	65.0618
2222.53	77.48
2220.93	37.9023
2219.33	57.3267
2217.73	-11.2449
2216.14	32.1873
2214.54	26.6218
2212.94	27.0598
2211.34	10.5017
2209.74	34.9453
2208.14	16.3928
2206.54	59.8416
2204.94	12.2952
2203.34	42.7507
2201.74	47.209
2200.13	41.6704
2198.53	80.1355
2196.93	24.6013
2195.33	28.071
2193.72	14.5435
2192.12	40.0168
2190.51	47.4934
2188.91	17.9739
2187.3	35.4548
2185.7	106.938
2184.09	42.4241
2182.48	71.9109
2180.88	77.4011
2179.27	46.8931
2177.66	82.3865
2176.05	0.881592
2174.45	47.3784
2172.84	4.87744
2171.23	73.3767
2169.62	9.87891
2168.01	47.3818
2166.4	52.8862
2164.79	83.3916
2163.18	39.8975
2161.56	76.4045
2159.95	63.9133
2158.34	32.4219
2156.73	119.932
2155.11	84.4421
2153.5	124.953
2151.89	29.4641
2150.27	33.9749
2148.66	15.4873
2147.04	85.9988
2145.43	2.51074
2143.81	7.02246
2142.19	55.5337
2140.58	13.0444
2138.96	30.5544
2137.34	11.063
2135.72	-2.42871
2134.1	92.0801
2132.48	54.5874
2130.86	96.092
2129.25	38.5962
2127.63	36.1011
2126	97.6021
2124.38	67.1016
2122.76	115.6
2121.14	27.0952
2119.52	-37.4099
2117.9	59.082
2116.27	90.5715
2114.65	71.0583
2113.03	56.5422
2111.4	11.0249
2109.78	19.5027
2108.15	30.979
2106.53	33.4519
2104.9	84.9211
2103.27	72.3862
2101.65	64.8479
2100.02	70.3057
2098.39	35.7603
2096.77	134.211
2095.14	83.6553
2093.51	100.097
2091.88	105.533
2090.25	61.9648
2088.62	49.3928
2086.99	-11.186
2085.36	51.231
2083.73	85.6411
2082.1	86.0469
2080.46	66.4465
2078.83	65.8403
2077.2	125.227
2075.57	20.6099
2073.93	112.983
2072.3	93.3525
2070.66	129.714
2069.03	131.069
2067.4	91.4163
2065.76	29.7556
2064.12	92.0874
2062.49	54.4131
2060.85	104.729
2059.21	121.038
2057.58	76.3389
2055.94	63.6306
2054.3	76.9141
2052.66	42.1885
2051.02	28.4548
2049.38	150.71
2047.74	83.9578
2046.1	79.1958
2044.46	65.4236
2042.82	118.641
2041.18	117.849
2039.53	41.0457
2037.89	78.2332
2036.25	43.4084
2034.61	12.5742
2032.96	87.7285
2031.32	23.8716
2029.67	-9.99707
2028.03	53.1238
2026.38	91.2312
2024.74	91.3279
2023.09	85.4104
2021.44	66.4819
2019.8	99.5408
2018.15	12.5864
2016.5	36.6204
2014.85	5.63965
2013.21	44.6462
2011.56	-1.36206
2009.91	91.6172
2008.26	15.582
2006.61	47.5325
2004.96	23.47
2003.3	52.3911
2001.65	78.2971
2000	90.1897
1998.35	130.067
1996.7	77.9282
1995.04	100.774
1993.39	33.604
1991.74	103.419
1990.08	121.216
1988.43	82.9985
1986.77	-12.2356
1985.12	-21.4888
1983.46	115.242
1981.8	41.9585
1980.15	100.655
1978.49	4.33374
1976.83	53.9963
1975.17	51.6409
1973.51	47.2671
1971.86	121.875
1970.2	75.4641
1968.54	76.0342
1966.88	-7.41284
1965.22	38.1191
1963.55	53.6333
1961.89	48.1282
1960.23	1.60303
1958.57	50.0579
1956.91	72.4927
1955.24	17.9089
1953.58	52.3027
1951.92	56.6777
1950.25	21.032
1948.59	63.365
1946.92	19.6768
1945.26	-85.0308
1943.59	0.238037
1941.92	-35.5129
1940.26	-11.2876
1938.59	8.91748
1936.92	-23.8999
1935.25	88.2605
1933.59	71.4001
1931.92	47.5149
1930.25	4.60693
1928.58	55.678
1926.91	33.7258
1925.24	52.7502
1923.57	15.751
1921.9	-2.27197
1920.22	-43.3169
1918.55	-24.3875
1916.88	64.5198
1915.21	-22.5979
1913.53	3.26074
1911.86	-15.9055
1910.18	124.903
1908.51	-33.3103
1906.83	12.4487
1905.16	17.1848
1903.48	-5.10449
1901.81	-1.41895
1900.13	26.2407
1898.45	12.8748
1896.78	18.4856
1895.1	-37.9319
1893.42	-44.3733
1891.74	50.1592
1890.06	40.6655
1888.38	-54.855
1886.7	-44.4019
1885.02	12.0273
1883.34	-49.5728
1881.66	-51.1975
1879.98	-71.8489
1878.3	16.4727
1876.61	-22.2332
1874.93	-123.966
1873.25	-21.7239
1871.56	38.4885
1869.88	-8.32422
1868.19	-46.1646
1866.51	-32.0322
1864.82	-63.9282
1863.14	35.1487
1861.45	40.1997
1859.76	16.2205
1858.08	-25.7844
1856.39	15.1829
1854.7	-45.8782
1853.01	-40.9673
1851.32	47.9175
1849.63	-42.228
1847.95	29.6001
1846.25	-54.6021
1844.56	-68.8306
1842.87	-18.0874
1841.18	-6.37012
1839.49	12.3159
1837.8	4.97314
1836.11	-19.395
1834.41	-78.792
1832.72	-60.2178
1831.03	-38.6719
1829.33	-95.1553
1827.64	-72.6646
1825.94	-90.2046
1824.25	-93.771
1822.55	-36.3691
1820.85	-89.9927
1819.16	-90.6426
1817.46	-62.3242
1815.76	-62.0337
1814.06	-58.7695
1812.36	-76.5371
1810.67	-62.3296
1808.97	-84.1509
1807.27	-115.001
1805.57	-50.877
1803.87	-65.7842
1802.17	-91.7163
1800.46	-32.6807
1798.76	-63.6699
1797.06	-104.687
1795.36	-149.73
1793.65	-122.804
1791.95	-98.9058
1790.25	-148.033
1788.54	-140.188
1786.84	-120.371
1785.13	-138.582
1783.43	-137.82
1781.72	-90.0864
1780.01	-94.377
1778.31	-159.698
1776.6	-183.043
1774.89	-96.416
1773.18	-137.815
1771.47	-100.243
1769.77	-78.6929
1768.06	-144.173
1766.35	-112.677
1764.64	-195.208
1762.92	-161.765
1761.21	-109.348
1759.5	-109.957
1757.79	-73.5894
1756.08	-95.2505
1754.36	-125.934
1752.65	-101.644
1750.94	-68.3779
1749.22	-140.138
1747.51	-154.919
1745.79	-75.729
1744.08	-123.561
1742.36	-173.416
1740.65	-151.296
1738.93	-104.201
1737.21	-127.129
1735.49	-43.0806
1733.78	-238.053
1732.06	-231.048
1730.34	-111.071
1728.62	-125.113
1726.9	-121.173
1725.18	-146.261
1723.46	-113.37
1721.74	-183.498
1720.02	-102.648
1718.3	-192.819
1716.57	-165.013
1714.85	-113.227
1713.13	-126.462
1711.41	-101.713
1709.68	-114.99
1707.96	-201.283
1706.23	-73.5952
1704.51	-166.927
1702.78	-114.275
1701.05	-167.646
1699.33	-185.033
1697.6	-147.44
1695.87	-197.863
1694.15	-160.304
1692.42	-176.762
1690.69	-270.234
1688.96	-155.727
1687.23	-241.233
1685.5	-218.756
1683.77	-221.294
1682.04	-167.849
1680.31	-103.419
1678.58	-174.004
1676.85	-203.601
1675.11	-189.212
1673.38	-162.837
1671.65	-214.477
1669.91	-182.129
1668.18	-213.795
1666.44	-68.4702
1664.71	-166.162
1662.97	-131.862
1661.24	-122.573
1659.5	-188.297
1657.76	-128.031
1656.03	-11.772
1654.29	-30.5278
1652.55	-74.2896
1650.81	-74.0605
1649.07	-15.8418
1647.33	85.3691
1645.59	-30.4292
1643.85	129.769
1642.11	112.955
1640.37	4.13672
1638.63	96.3125
1636.89	237.482
1635.15	191.648
1633.4	250.806
1631.66	309.961
1629.92	277.108
1628.17	293.254
1626.43	434.396
1624.68	359.534
1622.94	462.673
1621.19	481.805
1619.45	402.939
1617.7	507.07
1615.95	571.2
1614.21	618.329
1612.46	665.457
1610.71	581.584
1608.96	705.716
1607.21	724.848
1605.46	693.981
1603.71	743.116
1601.96	789.252
1600.21	686.391
1598.46	747.537
1596.71	731.681
1594.95	769.834
1593.2	778.99
1591.45	731.152
1589.7	653.322
1587.94	626.493
1586.19	639.675
1584.43	663.862
1582.68	581.057
1580.92	604.259
1579.16	508.469
1577.41	572.688
1575.65	629.918
1573.89	506.158
1572.13	527.403
1570.38	511.664
1568.62	478.938
1566.86	425.219
1565.1	411.512
1563.34	393.821
1561.58	337.142
1559.82	392.476
1558.06	335.823
1556.29	198.185
1554.53	241.564
1552.77	172.955
1551.01	164.364
1549.24	83.79
1547.48	136.232
1545.71	23.6904
1543.95	43.1699
1542.18	68.6636
1540.42	62.1787
1538.65	56.7124
1536.89	150.266
1535.12	165.838
1533.35	146.43
1531.58	97.0474
1529.82	-6.31494
1528.05	144.341
1526.28	42.022
1524.51	108.729
1522.74	137.456
1520.97	74.2051
1519.2	150.982
1517.42	127.784
1515.65	123.609
1513.88	123.46
1512.11	170.337
1510.33	154.24
1508.56	207.173
1506.79	139.133
1505.01	151.121
1503.24	108.136
1501.46	186.18
1499.69	119.252
1497.91	71.3569
1496.13	153.488
1494.36	29.6533
1492.58	66.8486
1490.8	20.0752
1489.02	36.3364
1487.24	45.6265
1485.46	83.9517
1483.68	54.3096
1481.9	-6.29932
1480.12	18.1255
1478.34	28.584
1476.56	140.081
1474.78	31.6084
1473	36.1748
1471.21	36.7769
1469.43	88.415
1467.65	126.089
1465.86	94.8037
1464.08	181.552
1462.29	108.341
1460.51	140.168
1458.72	152.034
1456.93	140.938
1455.15	148.884
1453.36	120.867
1451.57	150.893
1449.79	203.958
1448	81.0649
1446.21	149.212
1444.42	260.401
1442.63	245.634
1440.84	220.909
1439.05	246.226
1437.26	177.585
1435.46	147.988
1433.67	271.434
1431.88	177.926
1430.09	129.46
1428.29	178.04
1426.5	63.665
1424.71	100.334
1422.91	87.0493
1421.12	157.812
1419.32	102.62
1417.52	126.471
1415.73	132.372
1413.93	154.318
1412.13	215.314
1410.34	164.354
1408.54	153.443
1406.74	163.581
1404.94	251.766
1403.14	197.999
1401.34	271.279
1399.54	235.608
1397.74	347.988
1395.94	387.417
1394.14	319.895
1392.33	355.421
1390.53	454.997
1388.73	406.623
1386.92	558.3
1385.12	440.027
1383.32	416.804
1381.51	572.63
1379.7	617.508
1377.9	575.435
1376.09	531.415
1374.29	569.446
1372.48	621.527
1370.67	599.659
1368.86	661.842
1367.05	790.076
1365.25	808.363
1363.44	804.699
1361.63	837.089
1359.82	844.529
1358.01	890.023
1356.19	841.566
1354.38	789.163
1352.57	979.81
1350.76	947.509
1348.95	924.26
1347.13	974.063
1345.32	1005.92
1343.5	1008.82
1341.69	1148.78
1339.87	1175.79
1338.06	1200.85
1336.24	1088.97
1334.43	1200.13
1332.61	1296.35
1330.79	1080.61
1328.97	1174.93
1327.16	1189.3
1325.34	1291.72
1323.52	1308.2
1321.7	1338.72
1319.88	1344.29
1318.06	1281.92
1316.24	1209.59
1314.41	1430.32
1312.59	1290.1
1310.77	1454.92
1308.95	1334.8
1307.12	1322.72
1305.3	1383.7
1303.48	1304.72
1301.65	1303.8
1299.83	1217.92
1298	1249.09
1296.18	1162.31
1294.35	1111.58
1292.52	1027.89
1290.69	1017.26
1288.87	1005.67
1287.04	949.126
1285.21	988.631
1283.38	840.183
1281.55	817.78
1279.72	828.424
1277.89	633.113
1276.06	653.848
1274.23	684.628
1272.4	652.452
1270.57	599.32
1268.73	544.232
1266.9	514.188
1265.07	504.188
1263.23	571.229
1261.4	444.313
1259.56	473.439
1257.73	393.606
1255.89	453.815
1254.06	357.064
1252.22	408.353
1250.38	370.682
1248.54	360.051
1246.71	271.458
1244.87	319.903
1243.03	435.386
1241.19	331.906
1239.35	273.464
1237.51	253.058
1235.67	382.687
1233.83	419.352
1231.98	563.051
1230.14	503.784
1228.3	384.552
1226.46	361.352
1224.61	365.185
1222.77	376.049
1220.92	313.945
1219.08	351.872
1217.23	359.829
1215.39	333.815
1213.54	272.83
1211.7	248.874
1209.85	145.945
1208	243.042
1206.15	62.167
1204.3	227.317
1202.45	24.4917
1200.61	138.691
1198.76	88.9141
1196.91	128.16
1195.05	120.428
1193.2	46.7178
1191.35	38.0288
1189.5	42.3594
1187.65	73.7095
1185.79	56.0786
1183.94	118.465
1182.09	-0.130371
1180.23	16.2905
1178.38	-22.2734
1176.52	100.178
1174.67	49.6436
1172.81	-61.8774
1170.95	89.6138
1169.1	22.1177
1167.24	-16.3682
1165.38	84.1567
1163.52	-8.30908
1161.66	-12.7661
1159.8	5.78467
1157.94	-5.65771
1156.08	103.907
1154.22	57.4756
1152.36	57.0498
1150.5	24.6274
1148.64	60.208
1146.77	104.791
1144.91	-24.626
1143.05	4.95801
1141.18	90.5415
1139.32	68.1235
1137.45	4.70313
1135.59	91.2798
1133.72	27.8525
1131.86	70.4204
1129.99	68.9824
1128.12	29.5376
1126.25	-21.9146
1124.39	34.6245
1122.52	3.1543
1120.65	-55.3262
1118.78	-75.8179
1116.91	-127.321
1115.04	-49.8379
1113.17	-65.3682
1111.3	-56.9131
1109.42	-87.4741
1107.55	-22.0513
1105.68	-77.646
1103.81	-3.25977
1101.93	2.10791
1100.06	-27.5449
1098.18	-47.2192
1096.31	-68.9155
1094.43	-120.634
1092.56	-110.377
1090.68	-39.1455
1088.8	-85.939
1086.93	-64.7598
1085.05	-209.607
1083.17	-38.4839
1081.29	-41.3901
1079.41	-53.3262
1077.53	36.7061
1075.65	49.7061
1073.77	-7.32666
1071.89	-77.3936
1070.01	-26.4951
1068.13	-79.6328
1066.24	34.1924
1064.36	-73.0195
1062.48	-121.27
1060.59	9.43945
1058.71	-21.8906
1056.83	-53.2627
1054.94	-49.6763
1053.05	-83.1338
1051.17	-52.6343
1049.28	-77.1802
1047.39	-17.771
1045.51	-56.4092
1043.62	5.90527
1041.73	-9.82813
1039.84	-3.61084
1037.95	57.5566
1036.06	108.672
1034.17	126.738
1032.28	159.75
1030.39	-36.2915
1028.5	-80.3867
1026.61	-82.5376
1024.71	13.2559
1022.82	-51.0068
1020.93	-12.3267
1019.03	-83.7061
1017.14	-98.1431
1015.24	-1.6416
1013.35	-67.1997
1011.45	-3.81934
1009.56	31.4995
1007.66	-45.2456
1005.76	54.9463
1003.86	-14.9263
1001.97	-56.8643
1000.07	27.1318
998.167	-48.939
996.268	14.9243
994.368	-45.2808
992.466	-60.5562
990.565	8.1001
988.664	-130.312
986.762	-99.7969
984.86	85.6484
982.957	2.02148
981.053	-45.6802
979.15	61.5483
977.245	88.7012
975.34	90.7788
973.435	-11.2168
971.53	90.7119
969.624	-15.436
967.717	3.33887
965.809	92.0366
963.902	46.6582
961.994	11.2012
960.086	63.665
958.177	65.0493
956.267	-51.6465
954.357	19.5771
952.447	84.7217
950.536	54.7852
948.625	72.7666
946.713	75.666
944.8	176.482
942.888	128.218
940.974	91.8677
939.061	92.436
937.147	130.92
935.233	88.3228
933.317	28.6372
931.402	151.87
929.485	139.014
927.569	245.075
925.652	140.05
923.735	164.942
921.817	83.7441
919.899	105.462
917.98	37.0942
916.061	165.639
914.141	126.096
912.22	54.4658
910.3	155.751
908.378	97.9463
906.456	100.056
904.534	183.078
902.612	171.015
900.689	183.861
898.766	223.623
896.841	168.292
894.916	179.878
892.991	196.375
891.066	196.788
889.14	332.108
887.214	286.345
885.287	256.494
883.36	292.555
881.432	250.528
879.504	231.417
877.575	166.216
875.646	160.931
873.716	236.559
871.786	181.1
869.855	167.554
867.924	257.926
865.992	255.208
864.06	180.407
862.128	197.521
860.194	98.5503
858.261	164.499
856.327	208.358
854.393	270.137
852.458	229.832
850.522	233.444
848.586	263.972
846.65	296.422
844.714	276.791
842.776	153.073
840.838	118.277
838.901	92.4063
836.961	173.45
835.023	118.419
833.082	277.304
831.142	158.115
829.202	213.848
827.261	239.508
825.319	170.086
823.377	50.5942
821.434	205.021
819.491	107.378
817.548	128.666
815.604	194.875
813.66	167.017
811.715	269.082
809.769	286.08
807.823	161.008
805.878	102.871
803.93	36.6606
801.983	22.3872
800.035	9.0415
798.087	-63.3652
796.139	-20.8325
794.189	122.63
792.24	63.0352
790.289	-39.6279
788.339	78.6519
786.387	15.8716
784.436	77.0361
782.484	-14.8628
780.532	90.1855
778.578	3.1709
776.624	21.1064
774.671	-84.0078
772.716	3.81934
770.762	85.5991
768.806	114.321
766.85	108.999
764.893	87.627
762.937	9.21191
760.979	-76.2554
759.022	-83.7632
757.064	-37.3154
755.105	24.0879
753.145	20.4487
751.185	12.7686
749.226	15.0542
747.264	-64.7051
745.303	-50.4966
743.341	-22.3237
741.38	-23.1812
739.417	13.9219
737.454	96.9985
735.49	-51.9565
733.526	-14.9419
731.562	26.0439
729.596	46.0024
727.631	-59.0596
725.665	55.8535
723.699	65.7432
721.732	29.6099
719.764	13.4565
717.797	60.2891
715.828	5.09766
713.859	30.895
711.889	-77.3228
709.919	-14.5552
707.949	-77.7944
705.978	125.949
704.007	178.688
702.035	-102.581
700.063	140.143
698.091	31.8662
696.117	31.5791
694.143	-96.7051
692.169	-37.9912
690.194	-187.278
688.219	-54.563
686.244	-166.84
684.267	-114.12
682.291	-13.3872
680.314	-130.649
678.336	-72.9028
676.358	64.8589
674.379	30.6255
672.4	32.4097
670.421	27.2075
668.441	139.021
666.46	95.8491
664.479	55.7012
662.497	64.5664
660.516	245.458
658.533	214.371
656.55	180.307
654.567	164.272
652.583	238.258
650.598	144.276
648.614	244.322
646.628	244.398
644.643	358.511
642.656	242.649
640.669	375.826
638.682	327.038
636.694	377.286
634.706	543.57
632.717	425.898
630.728	402.261
628.738	587.669
626.748	588.119
624.757	581.611
622.766	470.154
620.774	628.735
618.782	673.369
616.789	669.05
614.796	721.778
612.802	684.557
610.808	649.392
608.814	628.276
606.818	698.209
604.822	768.2
602.827	764.251
600.83	646.353
598.833	768.515
596.836	817.733
594.838	679.011
592.839	643.347
590.84	710.741
588.841	632.202
586.84	548.719
584.84	604.302
582.838	582.947
580.838	546.662
578.835	604.435
576.833	495.276
574.83	519.184
572.827	387.156
570.822	378.195
568.818	505.301
566.813	441.478
564.808	394.723
562.802	379.034
560.795	465.415
558.788	559.864
556.781	353.388
554.773	322.979
552.765	371.642
550.756	310.372
548.747	322.173
546.737	338.048
544.726	335.989
542.716	214.004
540.704	216.09
538.692	237.245
536.68	232.475
534.667	184.771
532.654	135.14
530.64	217.578
528.626	102.087
526.611	148.668
524.596	84.3145
522.58	237.033
520.564	145.82
518.547	173.675
516.529	118.597
514.512	200.589
512.494	150.647
510.476	210.771
508.456	297.96
506.436	186.213
504.416	159.529
502.395	191.912
500.374	132.356
498.353	185.862
496.33	207.428
494.307	234.052
492.284	226.738
490.261	312.481
488.237	471.28
486.212	332.133
484.187	400.04
482.161	480.002
480.134	381.012
478.108	441.074
476.081	451.185
474.054	329.346
472.025	273.548
469.997	68.7959
467.968	135.087
465.938	74.417
463.908	87.7861
461.877	134.191
459.846	69.6357
457.814	25.1113
455.782	37.6191
453.75	74.1543
451.716	137.718
449.683	10.3076
447.649	157.921
445.614	18.5547
443.579	247.205
441.543	219.872
439.508	146.555
437.47	62.2451
435.433	212.947
433.396	409.655
431.358	352.369
429.319	426.08
427.28	490.791
425.241	518.497
423.201	443.195
421.16	468.883
419.118	455.556
417.077	352.215
415.035	236.854
412.993	375.469
410.949	174.058
408.905	237.616
406.862	64.1445
404.816	124.633
402.771	100.085
400.727	-8.50293
398.68	75.8574
396.633	95.167
394.586	9.42578
392.539	-31.375
390.491	74.7627
388.442	56.834
386.393	-52.1621
384.344	-123.231
382.293	-191.384
380.242	23.3848
378.192	-25.9297
376.14	-29.3389
374.088	-80.8408
372.035	-41.4414
369.982	-17.1475
367.928	18.0371
365.874	-56.8926
363.82	-62.9365
361.765	-44.1045
359.709	-151.4
357.653	-106.829
355.596	62.6025
353.539	-11.1045
351.481	75.0361
349.423	118.026
347.364	-23.1426
345.305	161.528
343.245	-12.9756
341.185	122.35
339.125	20.4932
337.063	7.4502
335.001	72.2129
332.94	74.7832
330.876	18.1426
328.813	-17.7041
326.749	79.2324
324.685	34.9453
322.621	-4.56641
320.555	72.6807
318.489	23.6895
316.423	-5.5498
314.356	84.9531
312.29	46.2002
310.221	61.1709
308.153	176.87
306.084	108.285
304.015	161.409
301.946	135.241
299.875	114.759
297.804	145.97
295.733	198.859
293.661	194.419
291.588	363.641
289.516	272.524
287.443	330.054
285.369	305.221
283.295	251.017
281.22	327.434
279.144	363.461
277.068	275.101
274.992	368.333
272.915	364.149
270.837	354.541
268.76	403.507
266.681	519.019
264.602	548.086
262.523	739.688
260.443	547.825
258.362	735.467
256.282	824.623
254.2	791.261
252.118	819.391
250.036	1032
247.952	987.063
245.869	1043.58
243.784	1109.52
241.7	1122.9
239.616	1095.7
237.53	1128.89
235.443	1047.46
233.357	1199.41
231.27	1045.72
229.182	994.377
227.094	1011.38
225.005	1014.68
222.916	940.295
220.827	969.197
218.737	778.369
216.646	762.796
214.555	632.478
212.462	615.363
210.37	536.472
208.278	507.768
206.185	216.251
204.091	248.869
201.997	233.639
199.902	217.523
197.807	43.5039
195.711	-50.4414
193.615	-15.3115
191.517	-26.167
189.42	-139.989
187.322	-144.82
185.224	-98.6826
183.125	-84.5771
181.025	-52.5723
178.926	-27.6455
176.825	0.154297
174.724	75.8018
172.623	108.296
170.521	166.561
168.418	157.618
166.315	174.416
164.212	268.924
162.108	127.143
160.003	39.9824
157.898	135.472
155.793	89.5479
153.686	168.18
151.58	121.363
149.473	143.003
147.365	53.125
145.257	43.6611
143.148	9.57324
141.039	193.825
138.929	149.41
136.819	128.254
134.709	162.314
132.597	256.548
130.485	145.91
128.373	147.396
126.26	254.88
124.147	75.3926
122.033	180.846
119.919	325.233
117.804	219.414
115.688	302.426
113.573	320.166
111.456	288.581
109.339	405.61
107.222	546.246
105.103	444.326
102.985	541.889
100.866	540.818
98.7467	487.104
96.6262	19.5693
