3502.52	-0.679077
3501.25	32.2386
3499.98	8.2196
3498.71	23.2607
3497.44	20.3622
3496.17	24.5208
3494.9	14.7367
3493.62	16.0071
3492.35	39.3319
3491.08	-2.29077
3489.8	-9.86304
3488.53	26.615
3487.26	1.14087
3485.98	8.71423
3484.71	-5.66663
3483.43	-4.00305
3482.16	0.703857
3480.88	-2.547
3479.6	-20.7571
3478.33	4.07239
3477.05	8.94055
3475.77	-28.1541
3474.5	-12.2124
3473.22	-1.2356
3471.94	-10.2249
3470.66	-4.18127
3469.38	3.89429
3468.1	-5.99951
3466.82	-6.86353
3465.54	-10.6987
3464.26	-9.50635
3462.98	-3.28723
3461.7	-20.0422
3460.42	-10.7725
3459.14	3.52112
3457.86	-7.16235
3456.57	-7.82373
3455.29	-22.464
3454.01	-21.0842
3452.73	2.31519
3451.44	-33.2668
3450.16	-12.8311
3448.87	-12.3784
3447.59	1.09033
3446.3	-27.426
3445.02	-8.92737
3443.73	-20.4149
3442.45	-13.89
3441.16	-12.3522
3439.88	-20.8029
3438.59	-5.24316
3437.3	-4.67261
3436.01	-23.0928
3434.73	4.49561
3433.44	8.09253
3432.15	-19.3035
3430.86	-22.6919
3429.57	-4.07471
3428.28	-5.45105
3426.99	-3.823
3425.7	6.81006
3424.41	-22.5532
3423.12	-12.9126
3421.83	-15.2695
3420.54	-19.6243
3419.24	6.02344
3417.95	-6.328
3416.66	-11.6786
3415.37	1.97168
3414.07	-12.3788
3412.78	11.2704
3411.48	10.9191
3410.19	-7.43433
3408.9	8.21045
3407.6	-17.1471
3406.31	7.49268
3405.01	-10.8707
3403.72	22.7626
3402.42	-13.608
3401.12	0.0175781
3399.82	18.6381
3398.53	-15.7462
3397.23	0.864136
3395.93	-10.5311
3394.63	-23.9321
3393.33	9.66003
3392.04	-2.75378
3390.74	11.8257
3389.44	8.39795
3388.14	-6.03711
3386.84	2.52026
3385.53	-2.93018
3384.23	-5.38916
3382.93	3.1438
3381.63	-2.33179
3380.33	8.18396
3379.03	17.6902
3377.72	-12.8124
3376.42	11.6757
3375.12	-8.84619
3373.81	18.6224
3372.51	5.08081
3371.2	8.52942
3369.9	6.96741
3368.59	-1.60474
3367.29	4.81219
3365.98	10.2188
3364.68	9.61426
3363.37	2.99902
3362.06	-16.6276
3360.76	18.7347
3359.45	19.0859
3358.14	5.42554
3356.83	7.7536
3355.52	26.0704
3354.22	10.3753
3352.91	22.6685
3351.6	-0.0501099
3350.29	23.2195
3348.98	0.477417
3347.67	6.72314
3346.36	-7.04303
3345.04	15.1787
3343.73	1.38843
3342.42	17.5861
3341.11	6.77161
3339.8	5.94507
3338.48	13.1064
3337.17	16.2556
3335.86	8.39258
3334.54	21.5175
3333.23	14.6303
3331.91	18.7309
3330.6	13.8195
3329.28	3.896
3327.97	14.9605
3326.65	5.01294
3325.34	19.0534
3324.02	17.082
3322.7	18.0986
3321.38	11.1035
3320.07	18.0964
3318.75	9.0777
3317.43	14.0472
3316.11	17.0052
3314.79	40.9516
3313.47	18.8865
3312.15	25.8101
3310.83	14.7222
3309.51	21.623
3308.19	5.51282
3306.87	12.3914
3305.55	26.259
3304.23	28.1158
3302.9	23.9615
3301.58	21.7968
3300.26	18.6213
3298.94	5.43542
3297.61	-1.76117
3296.29	22.0322
3294.96	18.8152
3293.64	25.5883
3292.31	20.3513
3290.99	29.1046
3289.66	0.847961
3288.34	22.5818
3287.01	12.3061
3285.68	31.021
3284.36	9.72668
3283.03	11.4233
3281.7	-3.88916
3280.37	20.7896
3279.05	17.4598
3277.72	-12.8788
3276.39	7.77411
3275.06	21.4187
3273.73	4.05542
3272.4	-16.3162
3271.07	2.30432
3269.74	20.9174
3268.41	11.5225
3267.08	14.1205
3265.74	11.7108
3264.41	25.2943
3263.08	1.87036
3261.75	-16.5599
3260.41	20.0026
3259.08	-5.44104
3257.75	11.1084
3256.41	-0.3479
3255.08	38.1896
3253.74	13.7207
3252.41	23.2465
3251.07	0.766602
3249.74	9.28125
3248.4	-4.20959
3247.06	11.2941
3245.73	-8.20679
3244.39	0.287354
3243.05	20.7767
3241.71	-8.7384
3240.37	6.74207
3239.04	9.21826
3237.7	22.6903
3236.36	7.15845
3235.02	-0.377197
3233.68	-4.9165
3232.34	-21.4589
3231	28.9952
3229.66	-5.55408
3228.31	2.89368
3226.97	4.33899
3225.63	13.7811
3224.29	-13.7792
3222.94	-3.34155
3221.6	5.09351
3220.26	17.5264
3218.91	17.9578
3217.57	-12.613
3216.23	-1.18506
3214.88	12.2408
3213.53	4.66614
3212.19	0.0900879
3210.84	4.51245
3209.5	9.93445
3208.15	-35.6443
3206.8	20.7759
3205.46	-1.80396
3204.11	7.61584
3202.76	2.03552
3201.41	9.45508
3200.06	-1.12573
3198.71	21.2942
3197.36	3.71448
3196.01	-4.86475
3194.66	8.55676
3193.31	10.9789
3191.96	-8.5979
3190.61	8.82617
3189.26	-15.748
3187.91	-1.32141
3186.56	-4.89343
3185.2	-18.4639
3183.85	-8.03259
3182.5	-8.599
3181.14	1.83594
3179.79	-3.72717
3178.44	4.71252
3177.08	-23.8461
3175.73	-8.40234
3174.37	-3.95544
3173.01	-20.5066
3171.66	-15.0544
3170.3	-19.5995
3168.95	5.85791
3167.59	6.31885
3166.23	-8.21741
3164.87	10.25
3163.51	3.7207
3162.16	6.19482
3160.8	-58.3279
3159.44	-5.84656
3158.08	5.63867
3156.72	-17.8723
3155.36	-1.37952
3154	-35.8826
3152.64	-25.3815
3151.28	-33.8762
3149.91	1.6333
3148.55	-19.8528
3147.19	6.66553
3145.83	5.18835
3144.46	-13.2842
3143.1	2.24805
3141.74	-12.2147
3140.37	-1.6731
3139.01	-16.1265
3137.64	8.42554
3136.28	-10.0179
3134.91	-15.4563
3133.55	25.1108
3132.18	-6.31714
3130.81	-7.7395
3129.45	4.84302
3128.08	1.4314
3126.71	-9.97522
3125.34	-14.376
3123.98	7.22864
3122.61	-7.16138
3121.24	13.4546
3119.87	19.0762
3118.5	-3.29663
3117.13	-4.66357
3115.76	1.97485
3114.39	8.61938
3113.02	1.26978
3111.64	-8.07397
3110.27	-21.4117
3108.9	20.2563
3107.53	4.93042
3106.15	15.6105
3104.78	8.29675
3103.41	11.9888
3102.03	8.68677
3100.66	6.39099
3099.29	12.1013
3097.91	-18.1824
3096.53	17.5399
3095.16	2.26855
3093.78	5.00305
3092.41	-16.2563
3091.03	4.4906
3089.65	-3.75671
3088.27	32.0024
3086.9	-4.23242
3085.52	-5.4613
3084.14	13.316
3082.76	21.0994
3081.38	10.8887
3080	20.6842
3078.62	17.4857
3077.24	3.29333
3075.86	19.1068
3074.48	23.9263
3073.1	20.7516
3071.72	30.5829
3070.33	19.4202
3068.95	5.26331
3067.57	22.1124
3066.19	47.9672
3064.8	36.8276
3063.42	27.694
3062.03	20.5659
3060.65	62.4437
3059.26	47.327
3057.88	4.21582
3056.49	79.1104
3055.11	20.0103
3053.72	68.9155
3052.33	40.8263
3050.95	35.7424
3049.56	38.6638
3048.17	29.5906
3046.78	29.5223
3045.4	31.4594
3044.01	49.4014
3042.62	60.3484
3041.23	50.3004
3039.84	62.2573
3038.45	75.2191
3037.06	62.1855
3035.67	49.1567
3034.28	66.1324
3032.88	108.113
3031.49	95.0977
3030.1	112.087
3028.71	106.08
3027.31	138.078
3025.92	133.08
3024.52	155.086
3023.13	157.096
3021.74	192.11
3020.34	202.128
3018.95	204.15
3017.55	223.175
3016.16	248.204
3014.76	271.237
3013.36	318.273
3011.96	335.312
3010.57	331.354
3009.17	321.4
3007.77	329.449
3006.37	350.5
3004.97	337.555
3003.57	379.612
3002.17	372.672
3000.77	388.734
2999.37	296.799
2997.97	320.867
2996.57	335.936
2995.17	284.008
2993.77	320.082
2992.37	278.158
2990.97	240.236
2989.56	256.315
2988.16	272.396
2986.76	282.479
2985.35	293.563
2983.95	314.648
2982.54	372.735
2981.14	358.822
2979.73	447.911
2978.33	479
2976.92	506.091
2975.51	569.182
2974.11	616.273
2972.7	674.365
2971.29	698.457
2969.89	725.549
2968.48	759.642
2967.07	764.734
2965.66	751.826
2964.25	735.918
2962.84	692.01
2961.43	639.101
2960.02	601.191
2958.61	549.281
2957.2	475.369
2955.79	391.457
2954.38	376.543
2952.96	359.629
2951.55	279.713
2950.14	322.795
2948.73	260.876
2947.31	243.955
2945.9	223.032
2944.48	223.108
2943.07	233.181
2941.65	194.252
2940.24	181.32
2938.82	207.386
2937.41	211.45
2935.99	152.511
2934.57	180.569
2933.16	178.624
2931.74	157.676
2930.32	151.724
2928.9	153.77
2927.48	177.812
2926.06	182.85
2924.64	160.885
2923.22	157.916
2921.8	158.943
2920.38	142.965
2918.96	132.984
2917.54	171.998
2916.12	171.008
2914.7	195.014
2913.28	161.014
2911.85	164.01
2910.43	160.001
2909.01	148.987
2907.58	184.968
2906.16	183.943
2904.74	179.913
2903.31	153.878
2901.88	183.837
2900.46	183.79
2899.03	157.737
2897.61	193.679
2896.18	162.614
2894.75	179.543
2893.33	195.466
2891.9	210.382
2890.47	198.292
2889.04	168.195
2887.61	211.091
2886.18	182.981
2884.75	181.863
2883.32	207.738
2881.89	180.606
2880.46	158.467
2879.03	186.321
2877.6	185.166
2876.17	176.005
2874.74	180.835
2873.3	187.657
2871.87	165.472
2870.44	224.279
2869.01	172.077
2867.57	247.867
2866.14	209.649
2864.7	212.422
2863.27	197.187
2861.83	216.943
2860.4	202.69
2858.96	223.429
2857.52	225.158
2856.09	210.879
2854.65	230.59
2853.21	243.292
2851.77	247.985
2850.34	234.669
2848.9	209.343
2847.46	247.007
2846.02	242.662
2844.58	245.307
2843.14	227.942
2841.7	265.568
2840.26	280.183
2838.82	261.788
2837.37	264.384
2835.93	253.969
2834.49	238.543
2833.05	237.108
2831.6	245.662
2830.16	227.205
2828.72	267.738
2827.27	245.26
2825.83	250.772
2824.38	246.273
2822.94	264.763
2821.49	217.242
2820.05	233.71
2818.6	250.167
2817.15	225.613
2815.71	190.048
2814.26	266.472
2812.81	183.884
2811.36	230.286
2809.91	239.675
2808.47	239.054
2807.02	211.421
2805.57	205.777
2804.12	220.121
2802.67	218.453
2801.22	237.774
2799.76	214.084
2798.31	196.381
2796.86	213.667
2795.41	217.941
2793.96	181.203
2792.5	211.454
2791.05	213.692
2789.6	193.919
2788.14	172.134
2786.69	187.337
2785.23	153.528
2783.78	156.707
2782.32	171.874
2780.86	161.029
2779.41	162.172
2777.95	176.303
2776.5	173.422
2775.04	128.529
2773.58	168.623
2772.12	142.706
2770.66	141.777
2769.2	159.835
2767.74	180.881
2766.29	163.916
2764.83	152.938
2763.36	147.948
2761.9	127.946
2760.44	143.932
2758.98	144.905
2757.52	110.867
2756.06	119.816
2754.59	119.754
2753.13	144.679
2751.67	146.593
2750.2	121.495
2748.74	137.384
2747.28	154.261
2745.81	116.127
2744.35	114.981
2742.88	111.823
2741.41	134.652
2739.95	120.471
2738.48	111.277
2737.01	112.071
2735.55	115.854
2734.08	114.625
2732.61	126.385
2731.14	115.132
2729.67	110.869
2728.2	84.5931
2726.73	121.306
2725.26	118.008
2723.79	137.698
2722.32	115.377
2720.85	99.0454
2719.38	92.702
2717.91	118.347
2716.44	87.9816
2714.96	99.6047
2713.49	99.2169
2712.02	72.8184
2710.54	119.408
2709.07	118.988
2707.59	102.557
2706.12	87.1154
2704.64	95.663
2703.17	74.2002
2701.69	104.727
2700.22	102.243
2698.74	79.7489
2697.26	69.2445
2695.78	69.7305
2694.31	92.2059
2692.83	61.6718
2691.35	92.1277
2689.87	47.5737
2688.39	57.0094
2686.91	55.4362
2685.43	75.8541
2683.95	50.2616
2682.47	44.6598
2680.99	51.0493
2679.51	87.4291
2678.03	64.8005
2676.54	63.1621
2675.06	47.5155
2673.58	79.8601
2672.09	63.1962
2670.61	20.5237
2669.13	72.8433
2667.64	58.1538
2666.16	13.4561
2664.67	48.751
2663.18	24.0372
2661.7	33.316
2660.21	49.5874
2658.72	45.851
2657.24	25.1071
2655.75	7.35547
2654.26	45.5969
2652.77	20.8318
2651.28	32.0588
2649.8	26.2795
2648.31	6.49316
2646.82	-1.29944
2645.33	41.9014
2643.84	8.09583
2642.34	26.2842
2640.85	49.4659
2639.36	36.6421
2637.87	7.81311
2636.38	25.9775
2634.88	18.1375
2633.39	10.2906
2631.9	3.4397
2630.4	13.5833
2628.91	27.722
2627.41	-9.14417
2625.92	-18.0148
2624.42	-15.8895
2622.93	-15.7695
2621.43	12.3472
2619.93	-11.5411
2618.44	-32.4329
2616.94	-26.3282
2615.44	-9.22742
2613.94	-20.1298
2612.44	-21.0359
2610.95	-28.9449
2609.45	-24.8572
2607.95	-24.7717
2606.45	-35.6898
2604.95	-46.6095
2603.44	-35.5317
2601.94	-22.4559
2600.44	-21.3827
2598.94	-32.3112
2597.44	-44.2415
2595.93	-36.1733
2594.43	-34.1062
2592.93	-29.0408
2591.42	-58.9758
2589.92	-51.913
2588.42	-52.8496
2586.91	-52.787
2585.4	-53.7252
2583.9	-53.6635
2582.39	-72.6019
2580.89	-48.5394
2579.38	-61.4775
2577.87	-52.4146
2576.36	-63.3518
2574.86	-44.2878
2573.35	-55.2227
2571.84	-50.1565
2570.33	-79.0891
2568.82	-79.0205
2567.31	-38.9493
2565.8	-36.8772
2564.29	-59.8026
2562.78	-82.7266
2561.27	-63.6477
2559.75	-62.5662
2558.24	-50.4821
2556.73	-89.3953
2555.22	-57.3057
2553.7	-93.2125
2552.19	-67.1157
2550.68	-76.016
2549.16	-36.9121
2547.65	-75.8042
2546.13	-56.6932
2544.61	-66.5773
2543.1	-51.4569
2541.58	-63.3323
2540.07	-71.202
2538.55	-67.0676
2537.03	-78.9276
2535.51	-49.7831
2533.99	-84.6327
2532.48	-67.4764
2530.96	-114.315
2529.44	-85.1469
2527.92	-87.9731
2526.4	-91.7932
2524.88	-98.6068
2523.36	-78.4132
2521.83	-83.2135
2520.31	-85.0063
2518.79	-107.792
2517.27	-118.57
2515.74	-105.341
2514.22	-80.1047
2512.7	-107.861
2511.17	-112.609
2509.65	-100.348
2508.12	-105.079
2506.6	-96.8015
2505.07	-117.515
2503.55	-107.221
2502.02	-81.9169
2500.49	-116.604
2498.97	-127.282
2497.44	-110.95
2495.91	-126.609
2494.38	-130.258
2492.85	-132.898
2491.32	-114.527
2489.8	-99.1454
2488.27	-151.754
2486.74	-116.352
2485.2	-112.939
2483.67	-140.515
2482.14	-109.081
2480.61	-128.635
2479.08	-143.179
2477.55	-146.71
2476.01	-147.23
2474.48	-127.739
2472.95	-132.235
2471.41	-130.719
2469.88	-119.191
2468.34	-157.651
2466.81	-141.099
2465.27	-151.533
2463.74	-141.955
2462.2	-132.365
2460.66	-174.761
2459.12	-137.145
2457.59	-144.515
2456.05	-176.872
2454.51	-148.214
2452.97	-148.544
2451.43	-135.86
2449.89	-138.161
2448.35	-159.449
2446.81	-171.723
2445.27	-143.983
2443.73	-154.227
2442.19	-178.458
2440.65	-177.674
2439.11	-167.875
2437.56	-165.062
2436.02	-164.233
2434.48	-169.39
2432.93	-137.531
2431.39	-172.657
2429.84	-141.767
2428.3	-141.863
2426.75	-156.942
2425.21	-168.006
2423.66	-134.054
2422.12	-169.086
2420.57	-173.103
2419.02	-149.103
2417.47	-125.087
2415.93	-157.055
2414.38	-149.006
2412.83	-148.941
2411.28	-135.86
2409.73	-133.762
2408.18	-160.647
2406.63	-130.516
2405.08	-155.368
2403.53	-121.203
2401.98	-170.021
2400.42	-145.822
2398.87	-131.606
2397.32	-136.373
2395.77	-129.122
2394.21	-171.854
2392.66	-168.569
2391.1	-151.267
2389.55	-175.947
2387.99	-120.609
2386.44	-176.255
2384.88	-150.882
2383.33	-140.492
2381.77	-183.084
2380.21	-157.658
2378.66	-172.215
2377.1	-129.753
2375.54	-148.274
2373.98	-131.777
2372.42	-151.262
2370.86	-192.729
2369.3	-126.178
2367.74	-157.61
2366.18	-149.023
2364.62	-145.418
2363.06	-153.795
2361.5	-171.154
2359.94	-160.495
2358.37	-152.817
2356.81	-115.122
2355.25	-169.408
2353.68	-165.677
2352.12	-96.9268
2350.56	-151.159
2348.99	-158.373
2347.43	-149.568
2345.86	-149.746
2344.29	-122.906
2342.73	-140.047
2341.16	-156.171
2339.59	-107.276
2338.03	-165.363
2336.46	-136.432
2334.89	-140.483
2333.32	-130.516
2331.75	-178.532
2330.18	-159.529
2328.61	-134.508
2327.04	-122.47
2325.47	-159.414
2323.9	-191.34
2322.33	-158.248
2320.76	-137.138
2319.18	-181.011
2317.61	-157.866
2316.04	-173.704
2314.47	-164.524
2312.89	-168.327
2311.32	-150.112
2309.74	-155.88
2308.17	-177.631
2306.59	-153.364
2305.02	-187.081
2303.44	-181.78
2301.86	-158.462
2300.29	-159.128
2298.71	-178.776
2297.13	-159.408
2295.55	-174.023
2293.97	-176.622
2292.4	-164.204
2290.82	-179.769
2289.24	-158.318
2287.66	-118.851
2286.08	-156.368
2284.49	-163.869
2282.91	-169.354
2281.33	-185.823
2279.75	-144.276
2278.17	-152.714
2276.58	-166.136
2275	-150.543
2273.42	-123.934
2271.83	-153.31
2270.25	-156.671
2268.66	-161.017
2267.08	-125.349
2265.49	-155.665
2263.91	-167.967
2262.32	-147.255
2260.73	-168.528
2259.14	-136.787
2257.56	-133.032
2255.97	-159.263
2254.38	-152.481
2252.79	-152.685
2251.2	-137.875
2249.61	-140.051
2248.02	-150.215
2246.43	-116.366
2244.84	-122.504
2243.25	-144.629
2241.66	-140.741
2240.07	-169.841
2238.47	-127.928
2236.88	-123.004
2235.29	-131.067
2233.69	-109.119
2232.1	-111.159
2230.5	-105.188
2228.91	-114.205
2227.31	-90.2117
2225.72	-134.207
2224.12	-87.1918
2222.53	-151.166
2220.93	-123.129
2219.33	-123.083
2217.73	-86.0259
2216.14	-121.959
2214.54	-111.883
2212.94	-92.7975
2211.34	-108.703
2209.74	-101.599
2208.14	-126.486
2206.54	-129.364
2204.94	-105.234
2203.34	-120.095
2201.74	-97.9482
2200.13	-79.7937
2198.53	-98.6317
2196.93	-110.462
2195.33	-93.2845
2193.72	-107.1
2192.12	-63.9088
2190.51	-116.711
2188.91	-55.5071
2187.3	-98.2963
2185.7	-89.0793
2184.09	-72.8571
2182.48	-80.6285
2180.88	-75.395
2179.27	-100.156
2177.66	-64.9125
2176.05	-95.6639
2174.45	-81.4106
2172.84	-76.1534
2171.23	-77.8916
2169.62	-65.6265
2168.01	-54.3573
2166.4	-50.085
2164.79	-50.8093
2163.18	-85.5304
2161.56	-38.2489
2159.95	-49.9652
2158.34	-51.6787
2156.73	-45.3906
2155.11	-42.1005
2153.5	-31.809
2151.89	-72.5157
2150.27	-45.2213
2148.66	-40.9266
2147.04	-40.6307
2145.43	-47.3347
2143.81	-33.0386
2142.19	-22.7423
2140.58	-33.4462
2138.96	-45.1506
2137.34	-53.8556
2135.72	-11.5615
2134.1	-48.2693
2132.48	-32.9785
2130.86	-41.6887
2129.25	-43.4012
2127.63	-24.1166
2126	-37.8336
2124.38	-43.5533
2122.76	-25.2764
2121.14	-17.002
2119.52	-28.7314
2117.9	8.53552
2116.27	8.79883
2114.65	-1.94202
2113.03	-4.68713
2111.4	1.56274
2109.78	-15.1917
2108.15	-23.9515
2106.53	7.28333
2104.9	-11.4873
2103.27	27.7366
2101.65	21.9542
2100.02	-3.83423
2098.39	6.37048
2096.77	19.5684
2095.14	-4.23999
2093.51	15.9438
2091.88	21.1205
2090.25	5.28943
2088.62	26.4501
2086.99	4.60315
2085.36	17.7473
2083.73	22.8835
2082.1	29.0105
2080.46	34.1283
2078.83	56.2369
2077.2	29.3363
2075.57	38.4253
2073.93	53.5049
2072.3	48.5737
2070.66	40.6324
2069.03	47.6803
2067.4	64.7175
2065.76	72.7437
2064.12	58.7584
2062.49	54.7614
2060.85	78.7529
2059.21	61.7321
2057.58	92.6991
2055.94	57.6539
2054.3	50.5959
2052.66	86.5253
2051.02	58.4412
2049.38	48.3442
2047.74	77.2335
2046.1	48.109
2044.46	56.9708
2042.82	48.8185
2041.18	104.652
2039.53	73.4707
2037.89	91.2747
2036.25	86.0641
2034.61	79.838
2032.96	88.5968
2031.32	119.34
2029.67	106.068
2028.03	73.7791
2026.38	101.475
2024.74	76.1539
2023.09	83.817
2021.44	85.4633
2019.8	89.0928
2018.15	95.7052
2016.5	125.3
2014.85	100.878
2013.21	90.4387
2011.56	119.982
2009.91	111.507
2008.26	119.013
2006.61	112.502
2004.96	119.972
2003.3	156.424
2001.65	134.858
2000	116.272
1998.35	131.667
1996.7	135.044
1995.04	135.401
1993.39	100.739
1991.74	150.057
1990.08	117.355
1988.43	125.634
1986.77	141.892
1985.12	144.131
1983.46	107.349
1981.8	152.547
1980.15	152.724
1978.49	160.881
1976.83	164.017
1975.17	110.132
1973.51	168.227
1971.86	148.3
1970.2	106.352
1968.54	120.383
1966.88	163.392
1965.22	134.38
1963.55	158.346
1961.89	149.291
1960.23	182.213
1958.57	125.114
1956.91	142.993
1955.24	156.85
1953.58	185.685
1951.92	142.497
1950.25	147.288
1948.59	176.056
1946.92	134.801
1945.26	143.524
1943.59	169.225
1941.92	131.903
1940.26	139.558
1938.59	173.19
1936.92	138.8
1935.25	171.387
1933.59	142.951
1931.92	154.493
1930.25	175.011
1928.58	177.506
1926.91	174.979
1925.24	170.428
1923.57	155.854
1921.9	176.257
1920.22	188.637
1918.55	182.994
1916.88	186.328
1915.21	156.639
1913.53	178.927
1911.86	152.191
1910.18	171.432
1908.51	132.651
1906.83	214.846
1905.16	150.018
1903.48	200.167
1901.81	167.292
1900.13	185.395
1898.45	167.475
1896.78	172.532
1895.1	153.565
1893.42	190.576
1891.74	188.564
1890.06	185.529
1888.38	181.472
1886.7	197.391
1885.02	183.288
1883.34	183.162
1881.66	191.014
1879.98	160.843
1878.3	189.649
1876.61	164.433
1874.93	193.195
1873.25	196.935
1871.56	182.652
1869.88	172.347
1868.19	179.021
1866.51	168.672
1864.82	176.302
1863.14	173.909
1861.45	172.496
1859.76	165.06
1858.08	178.603
1856.39	148.125
1854.7	141.626
1853.01	156.105
1851.32	151.565
1849.63	184.002
1847.95	151.419
1846.25	135.815
1844.56	176.191
1842.87	140.547
1841.18	145.883
1839.49	165.198
1837.8	132.493
1836.11	121.769
1834.41	143.025
1832.72	166.261
1831.03	111.479
1829.33	165.677
1827.64	145.856
1825.94	141.016
1824.25	122.158
1822.55	143.28
1820.85	91.3851
1819.16	80.4725
1817.46	123.541
1815.76	110.592
1814.06	102.625
1812.36	121.641
1810.67	106.639
1808.97	85.6211
1807.27	111.586
1805.57	102.535
1803.87	127.466
1802.17	102.382
1800.46	113.281
1798.76	101.165
1797.06	111.033
1795.36	114.887
1793.65	154.724
1791.95	111.546
1790.25	132.355
1788.54	126.148
1786.84	134.928
1785.13	133.693
1783.43	104.444
1781.72	134.182
1780.01	65.9066
1778.31	128.617
1776.6	107.316
1774.89	73.0023
1773.18	104.676
1771.47	97.3372
1769.77	109.987
1768.06	81.6249
1766.35	105.252
1764.64	77.8676
1762.92	109.472
1761.21	110.066
1759.5	82.6499
1757.79	105.224
1756.08	122.787
1754.36	125.342
1752.65	113.887
1750.94	145.423
1749.22	130.951
1747.51	118.47
1745.79	206.981
1744.08	203.484
1742.36	271.979
1740.65	255.467
1738.93	273.948
1737.21	357.422
1735.49	433.889
1733.78	451.351
1732.06	535.806
1730.34	589.255
1728.62	527.699
1726.9	527.14
1725.18	536.574
1723.46	583.003
1721.74	600.429
1720.02	622.851
1718.3	663.269
1716.57	706.684
1714.85	658.095
1713.13	625.504
1711.41	635.911
1709.68	546.314
1707.96	420.717
1706.23	417.118
1704.51	343.517
1702.78	239.916
1701.05	243.313
1699.33	181.711
1697.6	186.108
1695.87	102.505
1694.15	108.903
1692.42	93.301
1690.69	81.7013
1688.96	90.1018
1687.23	63.5046
1685.5	42.9094
1683.77	50.316
1682.04	26.7251
1680.31	86.137
1678.58	29.5516
1676.85	25.9706
1675.11	56.3931
1673.38	24.8193
1671.65	17.2496
1669.91	33.6843
1668.18	47.1238
1666.44	6.56909
1664.71	12.0187
1662.97	18.4747
1661.24	11.9368
1659.5	-34.5953
1657.76	-4.12097
1656.03	-12.6389
1654.29	6.849
1652.55	14.345
1650.81	-24.1514
1649.07	-17.6401
1647.33	-5.12073
1645.59	-4.59338
1643.85	-26.0562
1642.11	-24.5112
1640.37	-2.95642
1638.63	-19.3921
1636.89	-50.8182
1635.15	-8.23352
1633.4	-8.63965
1631.66	-23.0345
1629.92	-28.4198
1628.17	-43.7932
1626.43	-29.1555
1624.68	-36.5066
1622.94	-28.845
1621.19	-63.1725
1619.45	-11.4871
1617.7	-7.78955
1615.95	-16.0793
1614.21	-21.3563
1612.46	-13.6204
1610.71	-26.8715
1608.96	-38.1078
1607.21	-3.33093
1605.46	-7.53992
1603.71	15.2649
1601.96	38.0841
1600.21	40.9177
1598.46	23.7671
1596.71	76.6301
1594.95	78.5093
1593.2	89.4034
1591.45	93.3134
1589.7	150.24
1587.94	151.181
1586.19	149.139
1584.43	230.113
1582.68	235.103
1580.92	268.11
1579.16	318.133
1577.41	334.174
1575.65	373.232
1573.89	431.307
1572.13	418.398
1570.38	458.508
1568.62	423.636
1566.86	410.781
1565.1	414.943
1563.34	429.124
1561.58	428.324
1559.82	408.541
1558.06	450.777
1556.29	330.03
1554.53	336.304
1552.77	245.594
1551.01	230.905
1549.24	247.234
1547.48	171.581
1545.71	153.948
1543.95	88.3344
1542.18	71.7389
1540.42	77.1633
1538.65	56.6068
1536.89	35.0696
1535.12	29.5515
1533.35	35.0526
1531.58	16.5739
1529.82	-11.8856
1528.05	-5.32629
1526.28	-34.7468
1524.51	18.8525
1522.74	-48.5292
1520.97	-13.8916
1519.2	-23.2338
1517.42	-26.5565
1515.65	-41.86
1513.88	-70.1439
1512.11	-21.4083
1510.33	-4.65344
1508.56	-56.8787
1506.79	-23.0845
1505.01	9.729
1503.24	-12.4384
1501.46	-38.5864
1499.69	9.28455
1497.91	-16.8248
1496.13	-4.91565
1494.36	-13.9871
1492.58	9.96033
1490.8	35.9266
1489.02	45.912
1487.24	103.916
1485.46	138.938
1483.68	179.979
1481.9	123.038
1480.12	167.115
1478.34	174.211
1476.56	159.325
1474.78	201.456
1473	240.605
1471.21	319.771
1469.43	348.956
1467.65	437.157
1465.86	404.375
1464.08	397.611
1462.29	336.863
1460.51	231.132
1458.72	188.417
1456.93	123.718
1455.15	106.036
1453.36	123.369
1451.57	80.7177
1449.79	101.082
1448	184.461
1446.21	160.856
1444.42	175.265
1442.63	351.689
1440.84	474.127
1439.05	683.579
1437.26	917.044
1435.46	1192.52
1433.67	1432.02
1431.88	1553.52
1430.09	1704.04
1428.29	1722.57
1426.5	1606.11
1424.71	1349.67
1422.91	1006.23
1421.12	748.813
1419.32	584.402
1417.52	560.001
1415.73	501.611
1413.93	473.231
1412.13	450.861
1410.34	446.501
1408.54	388.149
1406.74	382.807
1404.94	364.472
1403.14	355.146
1401.34	286.828
1399.54	269.517
1397.74	238.213
1395.94	214.916
1394.14	192.626
1392.33	164.341
1390.53	173.062
1388.73	129.788
1386.92	95.5195
1385.12	68.2552
1383.32	51.995
1381.51	60.7385
1379.7	36.4854
1377.9	11.2351
1376.09	29.9875
1374.29	-6.25793
1372.48	47.4983
1370.67	33.2559
1368.86	27.0144
1367.05	33.7733
1365.25	63.5325
1363.44	18.2911
1361.63	51.0491
1359.82	31.8059
1358.01	49.5612
1356.19	104.314
1354.38	89.0649
1352.57	77.8126
1350.76	107.557
1348.95	142.298
1347.13	124.034
1345.32	139.766
1343.5	170.492
1341.69	149.213
1339.87	181.928
1338.06	158.637
1336.24	192.338
1334.43	136.032
1332.61	112.719
1330.79	105.397
1328.97	123.066
1327.16	91.7263
1325.34	155.377
1323.52	112.017
1321.7	117.647
1319.88	98.2651
1318.06	78.8723
1316.24	72.4674
1314.41	84.0502
1312.59	62.6201
1310.77	81.1765
1308.95	66.7192
1307.12	73.2476
1305.3	74.7612
1303.48	112.26
1301.65	84.7423
1299.83	57.2091
1298	104.659
1296.18	81.0922
1294.35	173.508
1292.52	178.906
1290.69	201.285
1288.87	214.645
1287.04	241.986
1285.21	296.308
1283.38	302.609
1281.55	316.89
1279.72	347.149
1277.89	274.387
1276.06	245.604
1274.23	269.797
1272.4	288.969
1270.57	249.116
1268.73	286.24
1266.9	237.341
1265.07	279.417
1263.23	330.467
1261.4	397.493
1259.56	445.493
1257.73	498.466
1255.89	461.414
1254.06	472.334
1252.22	437.227
1250.38	378.092
1248.54	415.93
1246.71	396.739
1244.87	445.52
1243.03	489.27
1241.19	538.992
1239.35	535.684
1237.51	477.346
1235.67	402.977
1233.83	349.577
1231.98	332.146
1230.14	235.683
1228.3	229.189
1226.46	227.663
1224.61	130.104
1222.77	150.512
1220.92	136.887
1219.08	151.229
1217.23	195.537
1215.39	213.812
1213.54	157.052
1211.7	211.259
1209.85	259.43
1208	352.567
1206.15	418.668
1204.3	516.733
1202.45	630.763
1200.61	771.758
1198.76	813.717
1196.91	761.64
1195.05	659.526
1193.2	491.376
1191.35	326.189
1189.5	255.965
1187.65	178.704
1185.79	196.406
1183.94	113.071
1182.09	73.6996
1180.23	99.2892
1178.38	132.842
1176.52	98.3574
1174.67	99.8347
1172.81	88.2739
1170.95	99.675
1169.1	119.039
1167.24	136.365
1165.38	177.654
1163.52	108.903
1161.66	171.115
1159.8	185.289
1157.94	138.425
1156.08	149.524
1154.22	137.583
1152.36	116.605
1150.5	116.59
1148.64	125.537
1146.77	181.447
1144.91	151.318
1143.05	181.152
1141.18	171.95
1139.32	188.709
1137.45	196.431
1135.59	140.118
1133.72	136.767
1131.86	96.3802
1129.99	74.9563
1128.12	77.4961
1126.25	59.001
1124.39	49.4688
1122.52	5.9021
1120.65	-10.7
1118.78	0.663086
1116.91	-9.00757
1115.04	28.2856
1113.17	-3.4541
1111.3	22.7722
1109.42	-2.03491
1107.55	23.1243
1105.68	-35.7476
1103.81	-5.65381
1101.93	41.4089
1100.06	82.4402
1098.18	63.4397
1096.31	43.4084
1094.43	80.3479
1092.56	188.256
1090.68	256.135
1088.8	426.986
1086.93	608.807
1085.05	820.6
1083.17	908.367
1081.29	814.105
1079.41	645.819
1077.53	486.505
1075.65	308.166
1073.77	261.804
1071.89	242.416
1070.01	210.005
1068.13	173.571
1066.24	148.114
1064.36	196.635
1062.48	249.136
1060.59	302.615
1058.71	358.075
1056.83	448.516
1054.94	620.938
1053.05	752.342
1051.17	1004.73
1049.28	1484.1
1047.39	2219.46
1045.51	3020.8
1043.62	4316.12
1041.73	5704.44
1039.84	7039.74
1037.95	7771.03
1036.06	7109.3
1034.17	5804.57
1032.28	4309.83
1030.39	3011.08
1028.5	2108.32
1026.61	1513.55
1024.71	1088.78
1022.82	703.008
1020.93	537.229
1019.03	417.445
1017.14	289.659
1015.24	244.87
1013.35	203.082
1011.45	206.293
1009.56	139.508
1007.66	153.722
1005.76	164.941
1003.86	241.164
1001.97	392.391
1000.07	566.625
998.167	727.864
996.268	903.113
994.368	1022.37
992.466	953.636
990.565	718.914
988.664	573.205
986.762	386.507
984.86	213.824
982.957	163.156
981.053	157.501
979.15	23.8677
977.245	-13.7507
975.34	-10.3501
973.435	-25.928
971.53	-32.4851
969.624	-68.0203
967.717	-18.5325
965.809	-53.021
963.902	-29.4824
961.994	-126.918
960.086	-64.3264
958.177	-79.7068
956.267	-63.0581
954.357	16.6208
952.447	45.3333
950.536	47.0776
948.625	188.856
946.713	281.668
944.8	427.516
942.888	657.402
940.974	974.324
939.061	1307.29
937.147	1498.29
935.233	1631.33
933.317	1664.42
931.402	1582.55
929.485	1639.72
927.569	1746.93
925.652	2076.2
923.735	2608.51
921.817	3235.87
919.899	3691.27
917.98	3478.73
916.061	2650.24
914.141	1558.8
912.22	932.412
910.3	493.08
908.378	232.801
906.456	67.5786
904.534	-5.5874
902.612	-96.6948
900.689	-123.745
898.766	-100.735
896.841	-166.667
894.916	-210.537
892.991	-219.344
891.066	-236.089
889.14	-113.771
887.214	-132.388
885.287	-144.94
883.36	-108.427
881.432	-99.8467
879.504	-10.1987
877.575	77.5159
875.646	280.3
873.716	688.154
871.786	1259.08
869.855	2115.07
867.924	3232.14
865.992	3919.27
864.06	3510.48
862.128	2410.77
860.194	1494.12
858.261	870.553
856.327	477.058
854.393	294.638
852.458	102.293
850.522	109.025
848.586	20.8325
846.65	-48.2827
844.714	-95.321
842.776	-108.282
840.838	-129.166
838.901	-126.971
836.961	-165.698
835.023	-113.347
833.082	-133.917
831.142	-100.409
829.202	-165.822
827.261	-147.155
825.319	-140.409
823.377	-136.585
821.434	-141.681
819.491	-94.698
817.548	-154.636
815.604	-123.495
813.66	-85.2751
811.715	-136.977
809.769	-65.5994
807.823	58.8564
805.878	-18.6101
803.93	49.0017
801.983	123.691
800.035	91.4573
798.087	108.301
796.139	60.2197
794.189	127.216
792.24	103.286
790.289	185.433
788.339	334.653
786.387	435.948
784.436	750.315
782.484	1210.76
780.532	2103.27
778.578	3116.85
776.624	4050.5
774.671	4272.23
772.716	3630.02
770.762	2478.88
768.806	1580.8
766.85	1012.8
764.893	680.853
762.937	456.973
760.979	325.157
759.022	245.402
757.064	180.708
755.105	138.073
753.145	31.4963
751.185	8.97656
749.226	-21.4883
747.264	-52.8977
745.303	-96.2554
743.341	-92.5615
741.38	-51.8188
739.417	-124.026
737.454	-104.188
735.49	-116.304
733.526	-110.376
731.562	-164.406
729.596	-101.396
727.631	-143.348
725.665	-120.263
723.699	-155.142
721.732	-116.989
719.764	-67.8035
717.797	-76.5901
715.828	-65.3474
713.859	-97.0806
711.889	-118.79
709.919	-76.478
707.949	-145.148
705.978	-51.7986
704.007	-115.436
702.035	-55.0596
700.063	-71.6726
698.091	-84.2783
696.117	-45.8765
694.143	-42.4719
692.169	-34.0657
690.194	-42.6599
688.219	-35.2573
686.244	1.13843
684.267	-35.4724
682.291	-47.095
680.314	10.2695
678.336	-44.3811
676.358	-39.0515
674.379	22.2593
672.4	0.54541
670.421	50.8059
668.441	33.0381
666.46	23.2393
664.479	77.4055
662.497	55.5366
660.516	74.6274
658.533	136.676
656.55	137.681
654.567	191.637
652.583	270.544
650.598	277.398
648.614	263.196
646.628	318.936
644.643	297.613
642.656	226.228
640.669	244.775
638.682	226.253
636.694	205.659
634.706	149.99
632.717	97.2417
630.728	147.414
628.738	144.503
626.748	173.505
624.757	166.419
622.766	170.24
620.774	173.968
618.782	185.598
616.789	220.129
614.796	161.558
612.802	195.881
610.808	118.097
608.814	168.202
606.818	211.195
604.822	210.073
602.827	181.832
600.83	250.471
598.833	273.988
596.836	245.379
594.838	302.643
592.839	403.777
590.84	489.779
588.841	635.646
586.84	840.377
584.84	1206.97
582.838	1576.42
580.838	1886.73
578.835	2012.89
576.833	1882.91
574.83	1640.78
572.827	1416.5
570.822	1141.06
568.818	1000.48
566.813	862.733
564.808	693.834
562.802	548.776
560.795	427.559
558.788	357.18
556.781	356.64
554.773	352.937
552.765	406.07
550.756	300.037
548.747	296.838
546.737	262.473
544.726	289.939
542.716	264.239
540.704	233.37
538.692	305.332
536.68	263.127
534.667	326.75
532.654	243.206
530.64	344.493
528.626	375.611
526.611	421.562
524.596	522.343
522.58	589.958
520.564	805.406
518.547	1035.69
516.529	1358.81
514.512	1659.76
512.494	1790.55
510.476	1632.19
508.456	1385.66
506.436	1203.97
504.416	954.127
502.395	832.132
500.374	766.985
498.353	1025.69
496.33	1102.24
494.307	1505.65
492.284	1953.92
490.261	2347.06
488.237	2524.05
486.212	2319.91
484.187	1987.64
482.161	1479.25
480.134	1062.73
478.108	913.1
476.081	842.351
474.054	847.496
472.025	942.531
469.997	1191.47
467.968	1419.31
465.938	1821.05
463.908	2324.71
461.877	2941.29
459.846	3386.8
457.814	3456.23
455.782	2809.6
453.75	2010.9
451.716	1358.16
449.683	825.371
447.649	509.541
445.614	436.677
443.579	272.785
441.543	194.872
439.508	79.9495
437.47	57.0156
435.433	11.0869
433.396	54.1665
431.358	-73.7339
429.319	-1.61523
427.28	-32.4607
425.241	-46.2668
423.201	-121.025
421.16	-51.7271
419.118	-138.365
417.077	-138.924
415.035	-112.402
412.993	-71.7898
410.949	-118.077
408.905	-157.256
406.862	-158.313
404.816	-159.247
402.771	-225.04
400.727	-165.683
398.68	-175.175
396.633	-221.502
394.586	-221.651
392.539	-236.616
390.491	-224.388
388.442	-213.956
386.393	-246.308
384.344	-203.437
382.293	-234.336
380.242	-190.991
378.192	-254.392
376.14	-248.534
374.088	-223.403
372.035	-192.991
369.982	-271.291
367.928	-159.292
365.874	-159.986
363.82	-130.36
361.765	-24.4099
359.709	32.8745
357.653	180.501
355.596	309.478
353.539	711.815
351.481	1152.52
349.423	1558.59
347.364	1801.05
345.305	1661.9
343.245	1483.14
341.185	1106.78
339.125	780.822
337.063	555.278
335.001	447.15
332.94	415.441
330.876	549.157
328.813	814.3
326.749	1005.87
324.685	1075.88
322.621	1265.31
320.555	1301.18
318.489	1544.49
316.423	1930.23
314.356	2546.4
312.29	3286.99
310.221	3731.02
308.153	3825.46
306.084	3628.33
304.015	3111.6
301.946	2594.28
299.875	2209.35
297.804	1939.81
295.733	1708.64
293.661	1657.84
291.588	1439.39
289.516	1202.27
287.443	1051.47
285.369	803.977
283.295	574.768
281.22	527.824
279.144	372.123
277.068	328.635
274.992	189.342
272.915	147.214
270.837	118.222
268.76	141.331
266.681	123.518
264.602	122.736
262.523	145.953
260.443	113.123
258.362	127.216
256.282	178.176
254.2	140.965
252.118	130.524
250.036	160.799
247.952	178.746
245.869	227.296
243.784	278.398
241.7	314.976
239.616	245.964
237.53	267.3
235.443	331.903
233.357	325.693
231.27	408.592
229.182	408.513
227.094	393.367
225.005	434.061
222.916	493.497
220.827	493.574
218.737	608.184
216.646	621.218
214.555	679.561
212.462	742.089
210.37	757.681
208.278	719.206
206.185	754.531
204.091	683.506
201.997	673.996
199.902	709.842
197.807	616.885
195.711	702.961
193.615	845.911
191.517	893.532
189.42	1067.67
187.322	1149.12
185.224	1135.68
183.125	1224.16
181.025	1004.33
178.926	758.988
176.825	534.898
174.724	405.82
172.623	188.543
170.521	105.749
168.418	74.2446
166.315	54.7263
164.212	31.9136
162.108	93.5654
160.003	58.2876
157.898	238.87
155.793	295.947
153.686	281.188
151.58	124.315
149.473	-67.1479
147.365	-363.432
145.257	-610.975
143.148	-916.167
141.039	-1216.4
138.929	-1326.01
136.819	-1278.48
134.709	-1081.27
132.597	-851.824
130.485	-494.603
128.373	-93.9692
126.26	167.351
124.147	681.091
122.033	925.608
119.919	1174.51
117.804	1150.95
115.688	713.665
113.573	483.911
111.456	177.086
109.339	-28.4365
107.222	-286.105
105.103	-553.958
102.985	-831.28
100.866	-1228.96
98.7467	-1675.5
96.6262	-2242.07
