3502.52	-9.06238
3501.25	22.4478
3499.98	-8.04358
3498.71	-6.5354
3497.44	5.97144
3496.17	11.4778
3494.9	17.9828
3493.62	10.4873
3492.35	3.99036
3491.08	-7.50757
3489.8	-1.00598
3488.53	-19.5059
3487.26	-7.00623
3485.98	-5.50806
3484.71	-1.01086
3483.43	-7.5144
3482.16	-5.01929
3480.88	5.47449
3479.6	-5.03259
3478.33	3.45959
3477.05	17.9501
3475.77	-18.5605
3474.5	-11.0723
3473.22	4.41467
3471.94	8.90039
3470.66	-11.6147
3469.38	-22.1317
3468.1	-25.6499
3466.82	-6.16956
3465.54	-1.69043
3464.26	-23.2129
3462.98	-4.73682
3461.7	-2.26208
3460.42	-19.7891
3459.14	-31.3175
3457.86	2.15234
3456.57	-6.37939
3455.29	7.08716
3454.01	-9.44836
3452.73	17.0148
3451.44	-0.524048
3450.16	1.93542
3448.87	-9.60693
3447.59	-13.1514
3446.3	-19.698
3445.02	-0.246338
3443.73	-16.7968
3442.45	-4.34961
3441.16	-9.90417
3439.88	-21.4609
3438.59	6.97974
3437.3	-9.58142
3436.01	-3.14502
3434.73	-7.7113
3433.44	-9.27966
3432.15	11.1493
3430.86	9.57617
3429.57	-0.999878
3428.28	-9.57813
3426.99	1.84058
3425.7	-1.74304
3424.41	1.67041
3423.12	11.0813
3421.83	-21.5107
3420.54	-11.1058
3419.24	-16.7034
3417.95	4.69592
3416.66	-9.90784
3415.37	-20.5144
3414.07	4.87573
3412.78	6.26282
3411.48	13.6471
3410.19	-9.97229
3408.9	-4.59485
3407.6	-22.2206
3406.31	-14.8497
3405.01	2.5177
3403.72	8.88171
3402.42	-1.75757
3401.12	-10.4001
3399.82	4.95337
3398.53	-9.69666
3397.23	-10.3503
3395.93	-10.0077
3394.63	12.3313
3393.33	-2.33374
3392.04	2.99768
3390.74	14.3252
3389.44	-5.35107
3388.14	13.9688
3386.84	-2.71545
3385.53	-0.403564
3384.23	13.9041
3382.93	-9.79224
3381.63	-4.49268
3380.33	-16.1971
3379.03	7.09399
3377.72	6.38098
3376.42	-5.33618
3375.12	-9.05774
3373.81	17.2164
3372.51	-8.51392
3371.2	-1.24854
3369.9	13.0123
3368.59	-12.7311
3367.29	-5.47925
3365.98	-14.2317
3364.68	10.011
3363.37	7.24939
3362.06	-7.51697
3360.76	3.71191
3359.45	21.9364
3358.14	2.15588
3356.83	-19.6293
3355.52	-0.419067
3354.22	20.7861
3352.91	9.98657
3351.6	8.18225
3350.29	-10.6271
3348.98	-0.44104
3347.67	19.7399
3346.36	14.9158
3345.04	4.08679
3343.73	-5.74719
3342.42	1.41382
3341.11	-10.4302
3339.8	29.7207
3338.48	7.86658
3337.17	11.0074
3335.86	13.143
3334.54	7.27356
3333.23	1.39893
3331.91	2.51904
3330.6	21.6341
3329.28	2.74396
3327.97	7.84857
3326.65	-3.05206
3325.34	6.04205
3324.02	-6.86902
3322.7	16.2147
3321.38	20.293
3320.07	-0.633972
3318.75	13.4338
3317.43	1.49628
3316.11	8.55347
3314.79	18.6053
3313.47	-1.34821
3312.15	1.69293
3310.83	19.7288
3309.51	26.7592
3308.19	11.7843
3306.87	5.80402
3305.55	-22.1816
3304.23	22.8274
3302.9	21.8311
3301.58	-5.17065
3300.26	1.8222
3298.94	-16.1902
3297.61	-0.20813
3296.29	-2.23138
3294.96	5.73999
3293.64	13.7061
3292.31	2.66669
3290.99	-1.37799
3289.66	1.5719
3288.34	5.51648
3287.01	-16.5443
3285.68	-4.61047
3284.36	3.31805
3283.03	17.2413
3281.7	1.15912
3280.37	0.0716553
3279.05	13.9789
3277.72	9.8808
3276.39	10.7775
3275.06	16.6688
3273.73	7.55493
3272.4	30.4357
3271.07	14.3113
3269.74	9.1817
3268.41	16.0468
3267.08	6.90674
3265.74	4.76147
3264.41	24.6111
3263.08	9.45532
3261.75	9.29468
3260.41	22.1287
3259.08	20.9578
3257.75	6.78149
3256.41	19.6003
3255.08	11.4142
3253.74	-0.777222
3252.41	11.0266
3251.07	3.82532
3249.74	-0.380859
3248.4	11.4078
3247.06	7.19153
3245.73	30.9705
3244.39	25.7445
3243.05	-4.48633
3241.71	9.27808
3240.37	9.0376
3239.04	8.79224
3237.7	-2.45789
3236.36	22.2874
3235.02	21.0278
3233.68	16.7635
3232.34	10.4949
3231	-0.778687
3229.66	12.9431
3228.31	-5.33972
3226.97	10.3732
3225.63	5.0813
3224.29	-9.21497
3222.94	23.4844
3221.6	16.1791
3220.26	-4.13062
3218.91	7.55554
3217.57	-13.7628
3216.23	-2.08533
3214.88	2.58752
3213.53	0.256592
3212.19	1.92126
3210.84	0.581665
3209.5	6.23804
3208.15	0.890381
3206.8	-2.46179
3205.46	-3.81763
3204.11	14.8225
3202.76	-0.541382
3201.41	19.0909
3200.06	-7.28113
3198.71	12.3433
3197.36	-11.0361
3196.01	-6.41943
3194.66	17.1936
3193.31	1.80286
3191.96	-12.5916
3190.61	5.01038
3189.26	19.609
3187.91	19.2037
3186.56	-13.2052
3185.2	1.38245
3183.85	-0.0333252
3182.5	1.54785
3181.14	1.12524
3179.79	-3.30078
3178.44	3.27026
3177.08	-7.16235
3175.73	1.40186
3174.37	-1.03674
3173.01	8.52112
3171.66	1.07617
3170.3	-8.3717
3168.95	-17.8231
3167.59	8.7229
3166.23	5.26563
3164.87	-15.1942
3163.51	-3.65686
3162.16	-5.12244
3160.8	12.4088
3159.44	-20.0623
3158.08	-10.536
3156.72	6.98767
3155.36	4.50854
3154	-10.973
3152.64	10.5428
3151.28	15.0562
3149.91	11.567
3148.55	-13.9244
3147.19	7.58167
3145.83	-21.9144
3144.46	12.587
3143.1	4.08643
3141.74	-6.41614
3140.37	-3.92126
3139.01	14.5715
3137.64	-5.93726
3136.28	-2.44861
3134.91	8.03809
3133.55	-9.47668
3132.18	-5.99377
3130.81	-8.51233
3129.45	-1.0332
3128.08	-6.55542
3126.71	0.920288
3125.34	6.39465
3123.98	-13.1326
3122.61	10.3381
3121.24	-5.19226
3119.87	-1.72424
3118.5	-5.25769
3117.13	-8.79248
3115.76	-3.32922
3114.39	-3.86682
3113.02	-10.4058
3111.64	8.05396
3110.27	-6.48755
3108.9	25.9698
3107.53	-4.57397
3106.15	3.8811
3104.78	-6.66443
3103.41	1.78857
3102.03	9.2406
3100.66	-0.30835
3099.29	-11.8578
3097.91	-7.40845
3096.53	-1.96008
3095.16	19.488
3093.78	10.9349
3092.41	-5.6189
3091.03	-3.17285
3089.65	13.272
3088.27	-4.2832
3086.9	-4.83911
3085.52	16.6041
3084.14	-14.9526
3082.76	-4.50989
3081.38	7.93213
3080	25.374
3078.62	23.8158
3077.24	16.2572
3075.86	-19.3016
3074.48	5.13928
3073.1	7.57971
3071.72	12.0203
3070.33	18.4608
3068.95	17.9012
3067.57	30.3422
3066.19	-11.2174
3064.8	5.22302
3063.42	-12.3363
3062.03	9.10437
3060.65	-0.454468
3059.26	-2.01343
3057.88	18.4279
3056.49	16.8698
3055.11	15.3115
3053.72	26.7537
3052.33	25.1964
3050.95	19.6393
3049.56	32.0829
3048.17	23.527
3046.78	6.97119
3045.4	23.4163
3044.01	26.8619
3042.62	50.3077
3041.23	15.7545
3039.84	39.202
3038.45	21.6501
3037.06	37.099
3035.67	52.5486
3034.28	32.9988
3032.88	56.45
3031.49	56.9019
3030.1	70.3546
3028.71	85.8082
3027.31	92.2627
3025.92	85.7183
3024.52	103.175
3023.13	105.632
3021.74	133.091
3020.34	140.55
3018.95	179.011
3017.55	213.473
3016.16	215.936
3014.76	197.4
3013.36	240.865
3011.96	252.331
3010.57	304.799
3009.17	312.268
3007.77	268.738
3006.37	302.21
3004.97	337.682
3003.57	341.156
3002.17	276.632
3000.77	313.109
2999.37	251.587
2997.97	255.067
2996.57	230.548
2995.17	234.031
2993.77	215.515
2992.37	213
2990.97	198.487
2989.56	231.976
2988.16	217.467
2986.76	219.958
2985.35	246.452
2983.95	228.947
2982.54	293.443
2981.14	285.942
2979.73	362.442
2978.33	389.943
2976.92	428.447
2975.51	476.952
2974.11	532.459
2972.7	582.968
2971.29	596.478
2969.89	638.99
2968.48	655.504
2967.07	703.02
2965.66	641.538
2964.25	642.057
2962.84	611.578
2961.43	537.101
2960.02	522.626
2958.61	458.153
2957.2	389.682
2955.79	328.213
2954.38	290.745
2952.96	261.28
2951.55	208.816
2950.14	216.355
2948.73	199.895
2947.31	174.437
2945.9	163.982
2944.48	151.528
2943.07	135.076
2941.65	118.626
2940.24	117.178
2938.82	85.7327
2937.41	95.2891
2935.99	108.847
2934.57	88.4076
2933.16	67.9698
2931.74	93.5343
2930.32	82.1008
2928.9	64.6692
2927.48	86.2396
2926.06	83.8123
2924.64	60.3868
2923.22	90.9635
2921.8	85.5425
2920.38	86.1233
2918.96	78.7062
2917.54	55.2913
2916.12	75.8782
2914.7	69.4674
2913.28	53.0587
2911.85	83.6519
2910.43	105.247
2909.01	87.8447
2907.58	64.4443
2906.16	98.0461
2904.74	74.6498
2903.31	87.2556
2901.88	72.8635
2900.46	72.4735
2899.03	125.086
2897.61	55.6997
2896.18	75.316
2894.75	73.9343
2893.33	85.5547
2891.9	74.1772
2890.47	78.8018
2889.04	76.4283
2887.61	80.0569
2886.18	87.6875
2884.75	73.3204
2883.32	89.9552
2881.89	84.592
2880.46	88.231
2879.03	99.8718
2877.6	92.5148
2876.17	98.1598
2874.74	69.8069
2873.3	95.4559
2871.87	87.1069
2870.44	94.7601
2869.01	75.415
2867.57	73.072
2866.14	73.7312
2864.7	101.392
2863.27	51.0551
2861.83	127.72
2860.4	104.387
2858.96	118.056
2857.52	103.727
2856.09	106.399
2854.65	141.074
2853.21	128.751
2851.77	111.429
2850.34	128.109
2848.9	133.792
2847.46	128.476
2846.02	152.162
2844.58	121.85
2843.14	133.54
2841.7	136.231
2840.26	129.925
2838.82	121.62
2837.37	148.317
2835.93	138.016
2834.49	122.716
2833.05	135.419
2831.6	131.123
2830.16	124.829
2828.72	133.537
2827.27	121.246
2825.83	131.958
2824.38	127.671
2822.94	108.385
2821.49	106.101
2820.05	113.82
2818.6	127.539
2817.15	113.261
2815.71	136.984
2814.26	111.708
2812.81	107.435
2811.36	72.1625
2809.91	124.892
2808.47	128.623
2807.02	100.356
2805.57	86.09
2804.12	109.826
2802.67	130.563
2801.22	92.302
2799.76	98.0424
2798.31	86.7842
2796.86	92.5276
2795.41	80.2725
2793.96	91.0188
2792.5	121.766
2791.05	78.5157
2789.6	91.2665
2788.14	75.0184
2786.69	73.772
2785.23	49.5267
2783.78	69.2831
2782.32	58.0406
2780.86	63.7996
2779.41	56.5598
2777.95	10.3214
2776.5	90.0844
2775.04	32.8486
2773.58	85.6141
2772.12	33.381
2770.66	32.1489
2769.2	51.9182
2767.74	37.6887
2766.29	47.4604
2764.83	31.2334
2763.36	37.0076
2761.9	44.7828
2760.44	43.5593
2758.98	30.337
2757.52	46.1158
2756.06	34.8958
2754.59	24.6769
2753.13	29.459
2751.67	21.2422
2750.2	21.0266
2748.74	18.812
2747.28	23.5984
2745.81	38.386
2744.35	12.1744
2742.88	11.9641
2741.41	46.7546
2739.95	22.5463
2738.48	22.3387
2737.01	17.1323
2735.55	18.9268
2734.08	61.7222
2732.61	25.5186
2731.14	17.3159
2729.67	15.114
2728.2	47.9131
2726.73	26.7131
2725.26	-1.48596
2723.79	28.3157
2722.32	17.1183
2720.85	35.9219
2719.38	26.7261
2717.91	32.5313
2716.44	5.33716
2714.96	36.1438
2713.49	24.9513
2712.02	16.7596
2710.54	3.56873
2709.07	5.37854
2707.59	11.1891
2706.12	11.0005
2704.64	-3.1875
2703.17	26.6252
2701.69	17.4387
2700.22	28.2529
2698.74	2.06775
2697.26	-9.1167
2695.78	7.69958
2694.31	26.5165
2692.83	4.33411
2691.35	19.1523
2689.87	2.97119
2688.39	9.79065
2686.91	-5.38928
2685.43	19.4315
2683.95	-10.7471
2682.47	1.07483
2680.99	13.8973
2679.51	10.7205
2678.03	10.5442
2676.54	31.3684
2675.06	13.1932
2673.58	2.01855
2672.09	-6.15552
2670.61	5.67102
2669.13	6.49805
2667.64	5.32556
2666.16	1.15356
2664.67	-21.0178
2663.18	4.81128
2661.7	-12.3591
2660.21	-1.52893
2658.72	-15.6984
2657.24	13.1327
2655.75	9.96423
2654.26	-8.20361
2652.77	10.6289
2651.28	3.46191
2649.8	8.29541
2648.31	6.12927
2646.82	0.963745
2645.33	8.79858
2643.84	-7.36609
2642.34	9.4696
2640.85	-9.69421
2639.36	11.1423
2637.87	-3.02051
2636.38	18.817
2634.88	-6.34509
2633.39	-6.50671
2631.9	16.332
2630.4	-26.8287
2628.91	0.0109863
2627.41	-23.149
2625.92	-11.3086
2624.42	2.53235
2622.93	-7.62634
2621.43	8.21545
2619.93	-21.9424
2618.44	-6.09985
2616.94	-7.25696
2615.44	7.58643
2613.94	-10.5697
2612.44	-29.7256
2610.95	-3.88098
2609.45	-24.0359
2607.95	-55.1906
2606.45	1.65527
2604.95	-17.4984
2603.44	-16.6517
2601.94	-36.8047
2600.44	-18.9572
2598.94	-60.1093
2597.44	17.739
2595.93	-3.41223
2594.43	-15.563
2592.93	-14.7135
2591.42	2.1366
2589.92	-23.0131
2588.42	-19.1622
2586.91	-15.3109
2585.4	-29.4592
2583.9	9.39294
2582.39	-25.7545
2580.89	-15.9014
2579.38	-14.048
2577.87	16.806
2576.36	-17.3397
2574.86	4.51514
2573.35	-22.6296
2571.84	16.2262
2570.33	-13.9176
2568.82	0.938965
2567.31	-6.20386
2565.8	17.6538
2564.29	-16.488
2562.78	14.3705
2561.27	-0.770386
2559.75	-1.91089
2558.24	-4.05078
2556.73	4.80981
2555.22	13.6709
2553.7	6.53247
2552.19	-20.6053
2550.68	-1.7428
2549.16	-40.8795
2547.65	-25.0159
2546.13	-0.151611
2544.61	-8.28674
2543.1	19.5786
2541.58	11.4445
2540.07	-0.688965
2538.55	-1.8219
2537.03	14.0457
2535.51	11.9139
2533.99	-2.21729
2532.48	35.6521
2530.96	2.52222
2529.44	-1.60718
2527.92	25.264
2526.4	12.1359
2524.88	33.0084
2523.36	20.8816
2521.83	-9.24463
2520.31	-2.37024
2518.79	-8.49512
2517.27	-0.619263
2515.74	-14.7429
2514.22	6.13428
2512.7	8.01208
2511.17	18.8905
2509.65	10.7698
2508.12	1.64966
2506.6	1.5304
2505.07	18.4117
2503.55	14.2938
2502.02	0.176758
2500.49	9.0603
2498.97	-5.0553
2497.44	23.8298
2495.91	17.7157
2494.38	-5.39758
2492.85	-9.51013
2491.32	17.3781
2489.8	4.26721
2488.27	-10.843
2486.74	-10.9523
2485.2	2.93921
2483.67	-7.16833
2482.14	7.72485
2480.61	-19.3811
2479.08	18.5138
2477.55	-18.5905
2476.01	-27.6938
2474.48	-2.79626
2472.95	12.1022
2471.41	-4.99854
2469.88	15.9016
2468.34	1.80273
2466.81	15.7048
2465.27	21.6078
2463.74	6.51172
2462.2	7.41663
2460.66	-17.6776
2459.12	-4.77087
2457.59	10.1368
2456.05	28.0455
2454.51	20.9552
2452.97	-14.1342
2451.43	24.7775
2449.89	1.69019
2448.35	10.6038
2446.81	23.5184
2445.27	-0.565918
2443.73	-20.6492
2442.19	-6.73145
2440.65	10.1873
2439.11	24.1071
2437.56	18.028
2436.02	-20.05
2434.48	22.8729
2432.93	-2.20313
2431.39	14.722
2429.84	-0.351685
2428.3	20.5756
2426.75	19.5039
2425.21	5.43347
2423.66	17.364
2422.12	30.2957
2420.57	-13.7715
2419.02	16.1625
2417.47	29.0974
2415.93	43.0336
2414.38	36.9709
2412.83	36.9093
2411.28	25.8489
2409.73	-9.21045
2408.18	25.7314
2406.63	6.67444
2405.08	52.6187
2403.53	4.56396
2401.98	-2.48962
2400.42	24.458
2398.87	27.4069
2397.32	16.3568
2395.77	56.308
2394.21	8.26025
2392.66	40.2137
2391.1	17.1685
2389.55	16.1243
2387.99	16.0813
2386.44	30.0396
2384.88	35.9989
2383.33	17.9596
2381.77	19.9213
2380.21	-12.1157
2378.66	26.8484
2377.1	43.8137
2375.54	24.7803
2373.98	53.7479
2372.42	23.7168
2370.86	12.6869
2369.3	1.6582
2367.74	31.6306
2366.18	34.6042
2364.62	35.579
2363.06	25.5551
2361.5	30.5322
2359.94	11.5105
2358.37	30.49
2356.81	25.4707
2355.25	14.4525
2353.68	18.4355
2352.12	27.4198
2350.56	54.405
2348.99	0.391602
2347.43	-3.62085
2345.86	26.3679
2344.29	25.3579
2342.73	46.349
2341.16	17.3412
2339.59	13.3345
2338.03	18.3289
2336.46	38.3245
2334.89	46.321
2333.32	30.3188
2331.75	60.3177
2330.18	40.3176
2328.61	20.3186
2327.04	22.3208
2325.47	-5.67615
2323.9	49.3281
2322.33	13.3334
2320.76	15.3397
2319.18	22.347
2317.61	-11.6445
2316.04	14.3647
2314.47	8.37524
2312.89	-22.6134
2311.32	10.3989
2309.74	-0.587769
2308.17	12.4266
2306.59	-2.55811
2305.02	-17.5419
2303.44	-5.52478
2301.86	5.49329
2300.29	-18.4878
2298.71	14.5321
2297.13	0.552856
2295.55	8.57446
2293.97	12.5969
2292.4	-15.3798
2290.82	-19.3556
2289.24	-16.3307
2287.66	5.69507
2286.08	7.72168
2284.49	-6.25098
2282.91	23.7771
2281.33	3.80591
2279.75	20.8354
2278.17	-16.1343
2276.58	2.89661
2275	25.9282
2273.42	-32.0394
2271.83	-18.0065
2270.25	16.0271
2268.66	-6.93872
2267.08	-4.90393
2265.49	2.13135
2263.91	-40.8328
2262.32	12.2037
2260.73	0.240723
2259.14	25.2781
2257.56	-8.68396
2255.97	-24.6455
2254.38	10.3933
2252.79	-7.5675
2251.2	-21.5278
2249.61	-10.4878
2248.02	-26.4474
2246.43	-20.4066
2244.84	4.6344
2243.25	-4.32422
2241.66	0.717407
2240.07	-11.2407
2238.47	-8.19873
2236.88	-17.1564
2235.29	-6.11389
2233.69	6.92871
2232.1	-5.02856
2230.5	22.0144
2228.91	-5.94263
2227.31	5.10034
2225.72	-13.8566
2224.12	-5.81348
2222.53	1.22949
2220.93	-2.72742
2219.33	-14.6844
2217.73	-34.6416
2216.14	-12.5989
2214.54	-34.5562
2212.94	-12.5138
2211.34	-16.4714
2209.74	3.57056
2208.14	2.6123
2206.54	5.65393
2204.94	-11.3049
2203.34	4.73596
2201.74	-9.22339
2200.13	-24.1833
2198.53	-12.1436
2196.93	-7.10425
2195.33	-7.06543
2193.72	5.9729
2192.12	-16.9893
2190.51	21.048
2188.91	-34.9153
2187.3	-10.8793
2185.7	-19.8439
2184.09	-3.80908
2182.48	-6.77502
2180.88	-28.7417
2179.27	-2.70923
2177.66	-20.6775
2176.05	-6.64648
2174.45	15.3835
2172.84	-5.58728
2171.23	-4.55896
2169.62	24.4684
2168.01	19.4948
2166.4	-15.48
2164.79	-19.4557
2163.18	-7.43237
2161.56	-8.41028
2159.95	0.610718
2158.34	7.63049
2156.73	7.64917
2155.11	5.6665
2153.5	30.6826
2151.89	3.69751
2150.27	-7.28894
2148.66	0.723145
2147.04	17.7339
2145.43	6.74329
2143.81	-27.2489
2142.19	-0.242432
2140.58	3.76233
2138.96	3.76575
2137.34	-15.2325
2135.72	-20.2324
2134.1	-13.234
2132.48	-19.2373
2130.86	2.75781
2129.25	-10.2489
2127.63	-5.25745
2126	-17.2677
2124.38	1.72009
2122.76	18.7061
2121.14	13.6902
2119.52	12.6722
2117.9	16.6523
2116.27	17.6305
2114.65	0.606567
2113.03	-8.41956
2111.4	-0.447632
2109.78	-0.477905
2108.15	1.48962
2106.53	11.455
2104.9	12.4181
2103.27	30.3789
2101.65	-17.6626
2100.02	-26.7064
2098.39	-19.7527
2096.77	21.1987
2095.14	-7.85229
2093.51	22.0942
2091.88	15.0382
2090.25	16.9796
2088.62	-3.08142
2086.99	-19.1451
2085.36	13.7886
2083.73	11.7196
2082.1	2.64795
2080.46	-19.4265
2078.83	4.49634
2077.2	1.41638
2075.57	-9.66626
2073.93	-2.75183
2072.3	18.1597
2070.66	4.06836
2069.03	0.974121
2067.4	20.8768
2065.76	14.7766
2064.12	2.67334
2062.49	9.56714
2060.85	20.4576
2059.21	18.3452
2057.58	13.2296
2055.94	-6.88916
2054.3	13.9888
2052.66	19.8636
2051.02	4.73523
2049.38	23.6034
2047.74	-6.53149
2046.1	-31.6699
2044.46	11.1885
2042.82	1.04333
2041.18	16.8948
2039.53	-8.25708
2037.89	22.5875
2036.25	-15.5714
2034.61	19.2662
2032.96	9.10034
2031.32	11.9309
2029.67	27.7578
2028.03	-5.41882
2026.38	27.4009
2024.74	18.2169
2023.09	12.0293
2021.44	3.83801
2019.8	38.6429
2018.15	-4.55579
2016.5	-1.7583
2014.85	-0.9646
2013.21	16.8253
2011.56	36.6112
2009.91	18.3934
2008.26	18.1719
2006.61	-14.0537
2004.96	18.7169
2003.3	40.4835
2001.65	15.2461
2000	13.0049
1998.35	20.7596
1996.7	5.5105
1995.04	36.2572
1993.39	13
1991.74	21.7388
1990.08	35.4733
1988.43	76.2039
1986.77	16.9304
1985.12	17.6527
1983.46	7.37097
1981.8	38.0852
1980.15	28.7952
1978.49	68.501
1976.83	35.2028
1975.17	65.9003
1973.51	36.5936
1971.86	30.2828
1970.2	17.9678
1968.54	32.6484
1966.88	14.3251
1965.22	32.9972
1963.55	35.6653
1961.89	29.3291
1960.23	40.9886
1958.57	-2.3562
1956.91	30.2948
1955.24	59.9417
1953.58	64.584
1951.92	28.2222
1950.25	23.8561
1948.59	46.4856
1946.92	51.1108
1945.26	36.7319
1943.59	26.3486
1941.92	35.9611
1940.26	43.569
1938.59	51.1729
1936.92	23.7723
1935.25	36.3674
1933.59	30.9584
1931.92	16.5449
1930.25	56.1271
1928.58	34.7051
1926.91	30.2787
1925.24	17.8481
1923.57	6.41309
1921.9	37.9739
1920.22	18.5305
1918.55	64.0826
1916.88	67.6307
1915.21	48.1744
1913.53	69.7139
1911.86	17.249
1910.18	49.7799
1908.51	47.3069
1906.83	55.8292
1905.16	42.3475
1903.48	39.8617
1901.81	61.3717
1900.13	55.8773
1898.45	60.3789
1896.78	46.8763
1895.1	43.3695
1893.42	57.8588
1891.74	51.3439
1890.06	60.8247
1888.38	32.3015
1886.7	35.7743
1885.02	47.243
1883.34	47.7076
1881.66	46.1683
1879.98	53.625
1878.3	55.0778
1876.61	66.5264
1874.93	53.9711
1873.25	43.412
1871.56	30.8488
1869.88	45.2819
1868.19	38.7111
1866.51	58.1364
1864.82	40.5577
1863.14	13.9755
1861.45	48.3894
1859.76	40.7994
1858.08	52.2059
1856.39	55.6086
1854.7	58.0077
1853.01	26.403
1851.32	18.7949
1849.63	12.183
1847.95	29.5676
1846.25	47.9484
1844.56	12.3259
1842.87	51.6998
1841.18	24.0707
1839.49	16.4376
1837.8	7.80115
1836.11	7.16162
1834.41	10.5186
1832.72	22.8722
1831.03	6.22253
1829.33	5.56958
1827.64	18.9136
1825.94	2.25415
1824.25	24.5918
1822.55	33.9259
1820.85	23.2573
1819.16	23.5858
1817.46	-1.08911
1815.76	1.23303
1814.06	7.55249
1812.36	23.8685
1810.67	-1.81787
1808.97	13.4928
1807.27	35.8005
1805.57	9.10583
1803.87	6.40796
1802.17	-2.29224
1800.46	-2.99561
1798.76	9.29883
1797.06	17.5906
1795.36	-10.1201
1793.65	21.1665
1791.95	-7.54944
1790.25	16.7324
1788.54	12.012
1786.84	28.2889
1785.13	3.5636
1783.43	-3.16394
1781.72	20.1061
1780.01	-42.6257
1778.31	13.6399
1776.6	10.9037
1774.89	21.1654
1773.18	10.425
1771.47	2.68262
1769.77	3.93848
1768.06	-3.80786
1766.35	13.4441
1764.64	39.6943
1762.92	12.9426
1761.21	39.1892
1759.5	7.43408
1757.79	15.6775
1756.08	25.9188
1754.36	40.1591
1752.65	53.3976
1750.94	32.6346
1749.22	62.8702
1747.51	101.105
1745.79	90.3374
1744.08	120.569
1742.36	129.799
1740.65	218.029
1738.93	219.256
1737.21	285.483
1735.49	369.708
1733.78	423.933
1732.06	452.157
1730.34	448.379
1728.62	500.601
1726.9	496.822
1725.18	459.042
1723.46	493.261
1721.74	478.479
1720.02	544.697
1718.3	545.914
1716.57	577.13
1714.85	585.346
1713.13	545.561
1711.41	534.776
1709.68	488.99
1707.96	402.203
1706.23	349.417
1704.51	281.63
1702.78	197.843
1701.05	176.055
1699.33	132.267
1697.6	111.479
1695.87	57.6906
1694.15	80.9022
1692.42	54.1138
1690.69	69.3254
1688.96	46.5367
1687.23	21.7484
1685.5	48.9601
1683.77	39.1718
1682.04	46.3834
1680.31	32.5953
1678.58	29.8074
1676.85	17.0199
1675.11	-14.7673
1673.38	-13.5544
1671.65	19.6588
1669.91	-2.12756
1668.18	19.0864
1666.44	-9.69897
1664.71	-31.4843
1662.97	-13.2688
1661.24	3.94702
1659.5	-27.8365
1657.76	-16.6196
1656.03	-18.4017
1654.29	22.8163
1652.55	-32.9647
1650.81	24.2549
1649.07	17.4752
1647.33	-15.3038
1645.59	6.91772
1643.85	-37.8595
1642.11	-17.6364
1640.37	-11.4122
1638.63	-4.18726
1636.89	-0.961426
1635.15	18.2656
1633.4	27.493
1631.66	-25.2783
1629.92	-26.0491
1628.17	3.1814
1626.43	-7.58716
1624.68	-9.35486
1622.94	11.8787
1621.19	-14.8871
1619.45	-0.651611
1617.7	13.5848
1615.95	-6.17761
1614.21	18.0608
1612.46	10.3003
1610.71	17.5408
1608.96	25.7827
1607.21	26.0255
1605.46	59.2695
1603.71	31.5145
1601.96	62.7605
1600.21	34.0076
1598.46	28.2561
1596.71	80.5052
1594.95	69.7559
1593.2	101.007
1591.45	136.26
1589.7	111.514
1587.94	148.769
1586.19	209.025
1584.43	220.282
1582.68	235.54
1580.92	272.8
1579.16	309.06
1577.41	339.321
1575.65	394.583
1573.89	401.847
1572.13	472.111
1570.38	475.377
1568.62	426.643
1566.86	455.911
1565.1	451.179
1563.34	447.448
1561.58	496.718
1559.82	407.99
1558.06	396.261
1556.29	377.534
1554.53	311.808
1552.77	340.082
1551.01	261.357
1549.24	178.633
1547.48	190.91
1545.71	182.187
1543.95	159.466
1542.18	131.744
1540.42	98.0234
1538.65	106.303
1536.89	63.5836
1535.12	81.8644
1533.35	35.1455
1531.58	74.4274
1529.82	25.7096
1528.05	45.9917
1526.28	37.2744
1524.51	49.5577
1522.74	52.8408
1520.97	4.12402
1519.2	9.40759
1517.42	0.691162
1515.65	-3.02527
1513.88	8.25818
1512.11	-0.458374
1510.33	3.82483
1508.56	-2.89197
1506.79	-1.60889
1505.01	5.67371
1503.24	10.9559
1501.46	43.2378
1499.69	27.519
1497.91	41.8
1496.13	45.0802
1494.36	65.3599
1492.58	86.6388
1490.8	106.917
1489.02	111.194
1487.24	154.471
1485.46	172.746
1483.68	183.021
1481.9	198.294
1480.12	170.567
1478.34	193.837
1476.56	180.107
1474.78	229.375
1473	304.642
1471.21	381.907
1469.43	439.171
1467.65	468.433
1465.86	458.693
1464.08	409.951
1462.29	326.208
1460.51	220.462
1458.72	190.715
1456.93	166.965
1455.15	146.213
1453.36	136.458
1451.57	136.702
1449.79	171.943
1448	129.181
1446.21	178.416
1444.42	255.649
1442.63	310.879
1440.84	508.106
1439.05	682.33
1437.26	882.551
1435.46	1154.77
1433.67	1421.98
1431.88	1512.19
1430.09	1631.4
1428.29	1628.6
1426.5	1550.8
1424.71	1316
1422.91	1048.19
1421.12	767.382
1419.32	629.567
1417.52	518.747
1415.73	464.924
1413.93	504.095
1412.13	459.263
1410.34	402.426
1408.54	390.584
1406.74	372.738
1404.94	341.887
1403.14	363.03
1401.34	294.169
1399.54	254.302
1397.74	234.431
1395.94	204.554
1394.14	188.672
1392.33	165.784
1390.53	77.8903
1388.73	70.9908
1386.92	84.0859
1385.12	89.175
1383.32	75.2581
1381.51	37.3348
1379.7	39.4054
1377.9	43.4694
1376.09	29.5275
1374.29	3.57874
1372.48	24.6235
1370.67	-13.3386
1368.86	50.6924
1367.05	16.7163
1365.25	1.73364
1363.44	27.7433
1361.63	9.74609
1359.82	19.7415
1358.01	1.72974
1356.19	39.7101
1354.38	48.6831
1352.57	66.6479
1350.76	63.6052
1348.95	103.555
1347.13	102.496
1345.32	114.43
1343.5	128.354
1341.69	146.271
1339.87	172.18
1338.06	131.08
1336.24	107.972
1334.43	108.854
1332.61	80.7285
1330.79	55.594
1328.97	120.45
1327.16	82.2979
1325.34	70.1361
1323.52	78.9652
1321.7	45.7855
1319.88	57.5958
1318.06	70.3971
1316.24	59.189
1314.41	28.9712
1312.59	-16.2559
1310.77	11.5068
1308.95	15.2603
1307.12	3.00366
1305.3	-7.26282
1303.48	45.4606
1301.65	37.1738
1299.83	39.8774
1298	27.5708
1296.18	85.2533
1294.35	118.927
1292.52	84.5887
1290.69	133.24
1288.87	195.882
1287.04	190.513
1285.21	202.133
1283.38	240.743
1281.55	198.342
1279.72	230.931
1277.89	157.509
1276.06	158.076
1274.23	148.632
1272.4	153.177
1270.57	132.711
1268.73	117.235
1266.9	188.747
1265.07	247.249
1263.23	264.74
1261.4	235.219
1259.56	374.688
1257.73	344.145
1255.89	348.591
1254.06	348.027
1252.22	302.45
1250.38	275.864
1248.54	299.266
1246.71	370.657
1244.87	386.037
1243.03	440.405
1241.19	435.762
1239.35	443.109
1237.51	397.445
1235.67	322.769
1233.83	235.082
1231.98	187.384
1230.14	134.675
1228.3	94.9557
1226.46	78.2255
1224.61	67.4836
1222.77	82.7316
1220.92	69.9678
1219.08	39.1938
1217.23	65.4091
1215.39	61.6141
1213.54	79.8077
1211.7	146.991
1209.85	182.164
1208	236.327
1206.15	321.479
1204.3	411.62
1202.45	488.751
1200.61	586.873
1198.76	632.984
1196.91	611.085
1195.05	511.176
1193.2	344.257
1191.35	204.329
1189.5	146.391
1187.65	80.4431
1185.79	41.4862
1183.94	-2.48035
1182.09	-31.4553
1180.23	-11.4403
1178.38	-39.4337
1176.52	-40.436
1174.67	-15.4473
1172.81	-18.4673
1170.95	24.5042
1169.1	-6.5321
1167.24	55.4233
1165.38	15.3706
1163.52	32.3099
1161.66	25.2412
1159.8	6.16479
1157.94	24.0818
1156.08	44.9913
1154.22	-7.1073
1152.36	-2.21216
1150.5	-6.32288
1148.64	33.5587
1146.77	40.4348
1144.91	37.3043
1143.05	49.167
1141.18	74.0254
1139.32	38.8771
1137.45	80.7233
1135.59	60.5651
1133.72	5.40186
1131.86	-5.76636
1129.99	-29.9395
1128.12	-50.1169
1126.25	-37.2977
1124.39	-72.4835
1122.52	-56.6721
1120.65	-99.8644
1118.78	-97.0599
1116.91	-130.258
1115.04	-92.459
1113.17	-93.6621
1111.3	-118.868
1109.42	-98.0751
1107.55	-72.2845
1105.68	-86.4943
1103.81	-77.7064
1101.93	-87.9187
1100.06	-100.132
1098.18	-86.3451
1096.31	9.44141
1094.43	46.2288
1092.56	102.016
1090.68	176.804
1088.8	342.594
1086.93	547.385
1085.05	675.177
1083.17	783.972
1081.29	697.769
1079.41	539.569
1077.53	375.372
1075.65	278.178
1073.77	150.988
1071.89	136.801
1070.01	98.6193
1068.13	107.442
1066.24	120.269
1064.36	97.1017
1062.48	144.94
1060.59	178.784
1058.71	242.635
1056.83	347.492
1054.94	459.355
1053.05	678.226
1051.17	902.106
1049.28	1282.99
1047.39	2063.89
1045.51	2792.79
1043.62	4051.7
1041.73	5380.63
1039.84	6665.56
1037.95	7141.5
1036.06	6708.45
1034.17	5467.42
1032.28	4040.39
1030.39	2744.38
1028.5	1843.37
1026.61	1287.38
1024.71	904.407
1022.82	689.442
1020.93	438.492
1019.03	321.555
1017.14	234.632
1015.24	175.723
1013.35	203.829
1011.45	138.95
1009.56	148.088
1007.66	139.24
1005.76	167.41
1003.86	188.596
1001.97	362.799
1000.07	571.019
998.167	723.256
996.268	858.513
994.368	978.788
992.466	891.081
990.565	752.393
988.664	585.726
986.762	408.078
984.86	313.45
982.957	188.843
981.053	121.256
979.15	66.6923
977.245	21.1489
975.34	-10.3726
973.435	10.1289
971.53	-18.3472
969.624	6.19971
967.717	-59.2302
965.809	-43.6366
963.902	-34.0184
961.994	-11.3761
960.086	-21.7092
958.177	8.98242
956.267	14.6993
954.357	116.442
952.447	79.2104
950.536	122.005
948.625	188.826
946.713	368.674
944.8	469.549
942.888	728.451
940.974	957.381
939.061	1222.34
937.147	1457.32
935.233	1615.34
933.317	1654.38
931.402	1664.45
929.485	1646.55
927.569	1813.68
925.652	2074.84
923.735	2592.03
921.817	3364.25
919.899	3743.5
917.98	3520.78
916.061	2557.09
914.141	1683.43
912.22	962.806
910.3	562.21
908.378	338.644
906.456	175.111
904.534	129.609
902.612	43.1383
900.689	-9.30042
898.766	-90.7069
896.841	-39.0815
894.916	-83.4238
892.991	-46.7339
891.066	-85.0115
889.14	-70.2568
887.214	-94.4696
885.287	-42.6498
883.36	4.20251
881.432	43.0875
879.504	106.005
877.575	207.955
875.646	407.938
873.716	749.954
871.786	1333
869.855	2143.08
867.924	3160.2
865.992	3680.34
864.06	3389.52
862.128	2404.73
860.194	1549.97
858.261	933.249
856.327	607.556
854.393	341.895
852.458	222.265
850.522	134.668
848.586	125.101
846.65	40.5664
844.714	10.0625
842.776	8.58972
840.838	11.1475
838.901	-29.2646
836.961	-25.6462
835.023	-33.998
833.082	15.6801
831.142	31.3873
829.202	-0.876221
827.261	13.8888
825.319	-4.3175
823.377	9.50415
821.434	-6.646
819.491	-39.7692
817.548	-51.8656
815.604	25.0651
813.66	-18.9785
811.715	39.0043
809.769	53.0121
807.823	92.0448
805.878	169.102
803.93	203.183
801.983	311.287
800.035	284.415
798.087	204.564
796.139	257.736
794.189	257.929
792.24	334.142
790.289	295.376
788.339	378.629
786.387	529.901
784.436	896.191
782.484	1395.5
780.532	2090.82
778.578	3079.17
776.624	4055.52
774.671	4318.89
772.716	3485.28
770.762	2551.68
768.806	1611.09
766.85	1079.52
764.893	741.951
762.937	544.396
760.979	419.851
759.022	346.314
757.064	287.786
755.105	219.265
753.145	197.75
751.185	122.24
749.226	119.735
747.264	41.2334
745.303	41.7343
743.341	74.2369
741.38	22.7399
739.417	-7.75659
737.454	13.7452
735.49	-4.755
733.526	-50.2581
731.562	-56.7651
729.596	-21.2772
727.631	-37.7959
725.665	-48.3217
723.699	-52.8553
721.732	-43.3982
719.764	-50.9513
717.797	-34.5162
715.828	-5.09277
713.859	-46.6833
711.889	-17.2885
709.919	-57.9091
707.949	-13.547
705.978	-66.2023
704.007	-11.877
702.035	-52.5717
700.063	-44.2877
698.091	47.9734
696.117	-13.7883
694.143	-47.5754
692.169	-49.3882
690.194	6.77197
688.219	-0.0958252
686.244	-40.9935
684.267	-0.921143
682.291	-3.88098
680.314	13.1265
678.336	44.0999
676.358	20.0378
674.379	-14.0602
672.4	30.8038
670.421	21.6293
668.441	27.4149
666.46	42.1594
664.479	58.8616
662.497	61.5206
660.516	63.135
658.533	126.704
656.55	168.226
654.567	118.699
652.583	248.124
650.598	244.499
648.614	260.823
646.628	241.094
644.643	212.311
642.656	137.474
640.669	131.581
638.682	91.6322
636.694	85.6252
634.706	114.56
632.717	41.4342
630.728	86.2479
628.738	36.0001
626.748	92.6896
624.757	42.3154
622.766	115.877
620.774	61.3728
618.782	105.802
616.789	90.165
614.796	74.4595
612.802	46.6851
610.808	112.841
608.814	65.9272
606.818	103.942
604.822	68.8844
602.827	70.7551
600.83	114.552
598.833	192.276
596.836	168.925
594.838	188.5
592.839	223.999
590.84	323.422
588.841	422.769
586.84	682.038
584.84	987.231
582.838	1391.35
580.838	1694.38
578.835	1788.34
576.833	1667.23
574.83	1338.03
572.827	1208.75
570.822	983.398
568.818	790.965
566.813	644.453
564.808	484.863
562.802	384.194
560.795	268.447
558.788	186.621
556.781	161.718
554.773	205.737
552.765	139.679
550.756	148.543
548.747	115.331
546.737	111.044
544.726	73.6796
542.716	108.242
540.704	64.7297
538.692	96.144
536.68	112.487
534.667	177.757
532.654	112.957
530.64	153.087
528.626	200.148
526.611	234.143
524.596	283.069
522.58	413.932
520.564	605.731
518.547	837.467
516.529	1254.14
514.512	1475.76
512.494	1635.32
510.476	1442.82
508.456	1190.26
506.436	959.658
504.416	720.001
502.395	583.296
500.374	664.544
498.353	719.746
496.33	963.906
494.307	1302.02
492.284	1619.11
490.261	2085.15
488.237	2252.16
486.212	2107.14
484.187	1636.1
482.161	1286.02
480.134	933.925
478.108	708.808
476.081	621.674
474.054	715.527
472.025	830.365
469.997	1007.2
467.968	1330.02
465.938	1693.85
463.908	2190.67
461.877	2927.5
459.846	3247.34
457.814	3178.18
455.782	2637.05
453.75	1814.93
451.716	1160.83
449.683	714.755
447.649	459.712
445.614	280.701
443.579	158.728
441.543	123.793
439.508	51.9058
437.47	2.06396
435.433	6.27612
433.396	-8.45532
431.358	-0.125
429.319	-80.7324
427.28	2.73047
425.241	-73.7341
423.201	-49.1221
421.16	-150.429
419.118	-78.6516
417.077	-88.783
415.035	-102.821
412.993	-100.761
410.949	-126.599
408.905	-134.332
406.862	-116.952
404.816	-87.4602
402.771	-117.848
400.727	-124.112
398.68	-141.25
396.633	-164.259
394.586	-184.13
392.539	-162.864
390.491	-188.455
388.442	-211.9
386.393	-140.194
384.344	-171.334
382.293	-175.319
380.242	-162.142
378.192	-156.801
376.14	-133.294
374.088	-126.616
372.035	-134.766
369.982	-104.74
367.928	-139.535
365.874	-64.1504
363.82	-54.5828
361.765	42.1697
359.709	115.109
357.653	262.236
355.596	456.553
353.539	782.06
351.481	1173.76
349.423	1606.65
347.364	1833.73
345.305	1778.01
343.245	1555.48
341.185	1195.14
339.125	870.986
337.063	620.024
335.001	539.25
332.94	581.659
330.876	737.253
328.813	871.024
326.749	1055.97
324.685	1141.09
322.621	1326.38
320.555	1338.83
318.489	1539.43
316.423	1986.19
314.356	2479.09
312.29	3300.12
310.221	3797.29
308.153	3897.57
306.084	3545.96
304.015	2956.46
301.946	2530.04
299.875	2216.7
297.804	1921.43
295.733	1846.21
293.661	1668.03
291.588	1515.87
289.516	1359.72
287.443	1002.55
285.369	793.366
283.295	648.131
281.22	554.829
279.144	442.441
277.068	391.942
274.992	283.31
272.915	230.52
270.837	239.547
268.76	189.363
266.681	218.941
264.602	182.248
262.523	198.256
260.443	89.9291
258.362	143.236
256.282	118.139
254.2	149.602
252.118	168.584
250.036	168.044
247.952	164.941
245.869	165.23
243.784	132.863
241.7	181.794
239.616	247.972
237.53	177.342
235.443	236.852
233.357	184.445
231.27	245.062
229.182	238.64
227.094	204.12
225.005	288.428
222.916	304.503
220.827	375.27
218.737	380.654
216.646	438.578
214.555	446.97
212.462	481.733
210.37	463.796
208.278	463.064
206.185	426.455
204.091	388.851
201.997	350.179
199.902	401.324
197.807	349.181
195.711	394.64
193.615	483.606
191.517	593.929
189.42	770.522
187.322	821.245
185.224	846.968
183.125	744.582
181.025	578.903
178.926	463.838
176.825	198.216
174.724	-36.113
172.623	-114.274
170.521	-219.491
168.418	-268.863
166.315	-290.594
164.212	-283.862
162.108	-270.804
160.003	-176.693
157.898	-95.6345
155.793	-29.8701
153.686	-23.6055
151.58	-140.998
149.473	-261.372
147.365	-565.839
145.257	-823.687
143.148	-997.153
141.039	-1240.48
138.929	-1364.85
136.819	-1308.59
134.709	-1086.96
132.597	-669.24
130.485	-237.712
128.373	60.4258
126.26	491.696
124.147	917.978
122.033	1391.86
119.919	1520.14
117.804	1548.26
115.688	1323.1
113.573	1129.2
111.456	845.197
109.339	790.725
107.222	580.536
105.103	511.968
102.985	235.899
100.866	18.7793
98.7467	-132.655
96.6262	-726.159
