3502.52	1052
3501.25	1086
3499.98	1063
3498.71	1079
3497.44	1077
3496.17	1082
3494.9	1073
3493.62	1075
3492.35	1099
3491.08	1058
3489.8	1051
3488.53	1088
3487.26	1063
3485.98	1071
3484.71	1057
3483.43	1059
3482.16	1064
3480.88	1061
3479.6	1043
3478.33	1068
3477.05	1073
3475.77	1036
3474.5	1052
3473.22	1063
3471.94	1054
3470.66	1060
3469.38	1068
3468.1	1058
3466.82	1057
3465.54	1053
3464.26	1054
3462.98	1060
3461.7	1043
3460.42	1052
3459.14	1066
3457.86	1055
3456.57	1054
3455.29	1039
3454.01	1040
3452.73	1063
3451.44	1027
3450.16	1047
3448.87	1047
3447.59	1060
3446.3	1031
3445.02	1049
3443.73	1037
3442.45	1043
3441.16	1044
3439.88	1035
3438.59	1050
3437.3	1050
3436.01	1031
3434.73	1058
3433.44	1061
3432.15	1033
3430.86	1029
3429.57	1047
3428.28	1045
3426.99	1046
3425.7	1056
3424.41	1026
3423.12	1035
3421.83	1032
3420.54	1027
3419.24	1052
3417.95	1039
3416.66	1033
3415.37	1046
3414.07	1031
3412.78	1054
3411.48	1053
3410.19	1034
3408.9	1049
3407.6	1023
3406.31	1047
3405.01	1028
3403.72	1061
3402.42	1024
3401.12	1037
3399.82	1055
3398.53	1020
3397.23	1036
3395.93	1024
3394.63	1010
3393.33	1043
3392.04	1030
3390.74	1044
3389.44	1040
3388.14	1025
3386.84	1033
3385.53	1027
3384.23	1024
3382.93	1032
3381.63	1026
3380.33	1036
3379.03	1045
3377.72	1014
3376.42	1038
3375.12	1017
3373.81	1044
3372.51	1030
3371.2	1033
3369.9	1031
3368.59	1022
3367.29	1028
3365.98	1033
3364.68	1032
3363.37	1025
3362.06	1005
3360.76	1040
3359.45	1040
3358.14	1026
3356.83	1028
3355.52	1046
3354.22	1030
3352.91	1042
3351.6	1019
3350.29	1042
3348.98	1019
3347.67	1025
3346.36	1011
3345.04	1033
3343.73	1019
3342.42	1035
3341.11	1024
3339.8	1023
3338.48	1030
3337.17	1033
3335.86	1025
3334.54	1038
3333.23	1031
3331.91	1035
3330.6	1030
3329.28	1020
3327.97	1031
3326.65	1021
3325.34	1035
3324.02	1033
3322.7	1034
3321.38	1027
3320.07	1034
3318.75	1025
3317.43	1030
3316.11	1033
3314.79	1057
3313.47	1035
3312.15	1042
3310.83	1031
3309.51	1038
3308.19	1022
3306.87	1029
3305.55	1043
3304.23	1045
3302.9	1041
3301.58	1039
3300.26	1036
3298.94	1023
3297.61	1016
3296.29	1040
3294.96	1037
3293.64	1044
3292.31	1039
3290.99	1048
3289.66	1020
3288.34	1042
3287.01	1032
3285.68	1051
3284.36	1030
3283.03	1032
3281.7	1017
3280.37	1042
3279.05	1039
3277.72	1009
3276.39	1030
3275.06	1044
3273.73	1027
3272.4	1007
3271.07	1026
3269.74	1045
3268.41	1036
3267.08	1039
3265.74	1037
3264.41	1051
3263.08	1028
3261.75	1010
3260.41	1047
3259.08	1022
3257.75	1039
3256.41	1028
3255.08	1067
3253.74	1043
3252.41	1053
3251.07	1031
3249.74	1040
3248.4	1027
3247.06	1043
3245.73	1024
3244.39	1033
3243.05	1054
3241.71	1025
3240.37	1041
3239.04	1044
3237.7	1058
3236.36	1043
3235.02	1036
3233.68	1032
3232.34	1016
3231	1067
3229.66	1033
3228.31	1042
3226.97	1044
3225.63	1054
3224.29	1027
3222.94	1038
3221.6	1047
3220.26	1060
3218.91	1061
3217.57	1031
3216.23	1043
3214.88	1057
3213.53	1050
3212.19	1046
3210.84	1051
3209.5	1057
3208.15	1012
3206.8	1069
3205.46	1047
3204.11	1057
3202.76	1052
3201.41	1060
3200.06	1050
3198.71	1073
3197.36	1056
3196.01	1048
3194.66	1062
3193.31	1065
3191.96	1046
3190.61	1064
3189.26	1040
3187.91	1055
3186.56	1052
3185.2	1039
3183.85	1050
3182.5	1050
3181.14	1061
3179.79	1056
3178.44	1065
3177.08	1037
3175.73	1053
3174.37	1058
3173.01	1042
3171.66	1048
3170.3	1044
3168.95	1070
3167.59	1071
3166.23	1057
3164.87	1076
3163.51	1070
3162.16	1073
3160.8	1009
3159.44	1062
3158.08	1074
3156.72	1051
3155.36	1068
3154	1034
3152.64	1045
3151.28	1037
3149.91	1073
3148.55	1052
3147.19	1079
3145.83	1078
3144.46	1060
3143.1	1076
3141.74	1062
3140.37	1073
3139.01	1059
3137.64	1084
3136.28	1066
3134.91	1061
3133.55	1102
3132.18	1071
3130.81	1070
3129.45	1083
3128.08	1080
3126.71	1069
3125.34	1065
3123.98	1087
3122.61	1073
3121.24	1094
3119.87	1100
3118.5	1078
3117.13	1077
3115.76	1084
3114.39	1091
3113.02	1084
3111.64	1075
3110.27	1062
3108.9	1104
3107.53	1089
3106.15	1100
3104.78	1093
3103.41	1097
3102.03	1094
3100.66	1092
3099.29	1098
3097.91	1068
3096.53	1104
3095.16	1089
3093.78	1092
3092.41	1071
3091.03	1092
3089.65	1084
3088.27	1120
3086.9	1084
3085.52	1083
3084.14	1102
3082.76	1110
3081.38	1100
3080	1110
3078.62	1107
3077.24	1093
3075.86	1109
3074.48	1114
3073.1	1111
3071.72	1121
3070.33	1110
3068.95	1096
3067.57	1113
3066.19	1139
3064.8	1128
3063.42	1119
3062.03	1112
3060.65	1154
3059.26	1139
3057.88	1096
3056.49	1171
3055.11	1112
3053.72	1161
3052.33	1133
3050.95	1128
3049.56	1131
3048.17	1122
3046.78	1122
3045.4	1124
3044.01	1142
3042.62	1153
3041.23	1143
3039.84	1155
3038.45	1168
3037.06	1155
3035.67	1142
3034.28	1159
3032.88	1201
3031.49	1188
3030.1	1205
3028.71	1199
3027.31	1231
3025.92	1226
3024.52	1248
3023.13	1250
3021.74	1285
3020.34	1295
3018.95	1297
3017.55	1316
3016.16	1341
3014.76	1364
3013.36	1411
3011.96	1428
3010.57	1424
3009.17	1414
3007.77	1422
3006.37	1443
3004.97	1430
3003.57	1472
3002.17	1465
3000.77	1481
2999.37	1389
2997.97	1413
2996.57	1428
2995.17	1376
2993.77	1412
2992.37	1370
2990.97	1332
2989.56	1348
2988.16	1364
2986.76	1374
2985.35	1385
2983.95	1406
2982.54	1464
2981.14	1450
2979.73	1539
2978.33	1570
2976.92	1597
2975.51	1660
2974.11	1707
2972.7	1765
2971.29	1789
2969.89	1816
2968.48	1850
2967.07	1855
2965.66	1842
2964.25	1826
2962.84	1782
2961.43	1729
2960.02	1691
2958.61	1639
2957.2	1565
2955.79	1481
2954.38	1466
2952.96	1449
2951.55	1369
2950.14	1412
2948.73	1350
2947.31	1333
2945.9	1312
2944.48	1312
2943.07	1322
2941.65	1283
2940.24	1270
2938.82	1296
2937.41	1300
2935.99	1241
2934.57	1269
2933.16	1267
2931.74	1246
2930.32	1240
2928.9	1242
2927.48	1266
2926.06	1271
2924.64	1249
2923.22	1246
2921.8	1247
2920.38	1231
2918.96	1221
2917.54	1260
2916.12	1259
2914.7	1283
2913.28	1249
2911.85	1252
2910.43	1248
2909.01	1237
2907.58	1273
2906.16	1272
2904.74	1268
2903.31	1242
2901.88	1272
2900.46	1272
2899.03	1246
2897.61	1282
2896.18	1251
2894.75	1268
2893.33	1284
2891.9	1299
2890.47	1287
2889.04	1257
2887.61	1300
2886.18	1272
2884.75	1271
2883.32	1297
2881.89	1270
2880.46	1248
2879.03	1276
2877.6	1275
2876.17	1266
2874.74	1271
2873.3	1278
2871.87	1256
2870.44	1315
2869.01	1263
2867.57	1339
2866.14	1301
2864.7	1304
2863.27	1289
2861.83	1309
2860.4	1295
2858.96	1316
2857.52	1318
2856.09	1304
2854.65	1324
2853.21	1337
2851.77	1342
2850.34	1329
2848.9	1304
2847.46	1342
2846.02	1338
2844.58	1341
2843.14	1324
2841.7	1362
2840.26	1377
2838.82	1359
2837.37	1362
2835.93	1352
2834.49	1337
2833.05	1336
2831.6	1345
2830.16	1327
2828.72	1368
2827.27	1346
2825.83	1352
2824.38	1348
2822.94	1367
2821.49	1320
2820.05	1337
2818.6	1354
2817.15	1330
2815.71	1295
2814.26	1372
2812.81	1290
2811.36	1337
2809.91	1347
2808.47	1347
2807.02	1320
2805.57	1315
2804.12	1330
2802.67	1329
2801.22	1349
2799.76	1326
2798.31	1309
2796.86	1327
2795.41	1332
2793.96	1296
2792.5	1327
2791.05	1330
2789.6	1311
2788.14	1290
2786.69	1306
2785.23	1273
2783.78	1277
2782.32	1293
2780.86	1283
2779.41	1285
2777.95	1300
2776.5	1298
2775.04	1254
2773.58	1295
2772.12	1270
2770.66	1270
2769.2	1289
2767.74	1311
2766.29	1295
2764.83	1285
2763.36	1281
2761.9	1262
2760.44	1279
2758.98	1281
2757.52	1248
2756.06	1258
2754.59	1259
2753.13	1285
2751.67	1288
2750.2	1264
2748.74	1281
2747.28	1299
2745.81	1262
2744.35	1262
2742.88	1260
2741.41	1284
2739.95	1271
2738.48	1263
2737.01	1265
2735.55	1270
2734.08	1270
2732.61	1283
2731.14	1273
2729.67	1270
2728.2	1245
2726.73	1283
2725.26	1281
2723.79	1302
2722.32	1281
2720.85	1266
2719.38	1261
2717.91	1288
2716.44	1259
2714.96	1272
2713.49	1273
2712.02	1248
2710.54	1296
2709.07	1297
2707.59	1282
2706.12	1268
2704.64	1278
2703.17	1258
2701.69	1290
2700.22	1289
2698.74	1268
2697.26	1259
2695.78	1261
2694.31	1285
2692.83	1256
2691.35	1288
2689.87	1245
2688.39	1256
2686.91	1256
2685.43	1278
2683.95	1254
2682.47	1250
2680.99	1258
2679.51	1296
2678.03	1275
2676.54	1275
2675.06	1261
2673.58	1295
2672.09	1280
2670.61	1239
2669.13	1293
2667.64	1280
2666.16	1237
2664.67	1274
2663.18	1251
2661.7	1262
2660.21	1280
2658.72	1278
2657.24	1259
2655.75	1243
2654.26	1283
2652.77	1260
2651.28	1273
2649.8	1269
2648.31	1251
2646.82	1245
2645.33	1290
2643.84	1258
2642.34	1278
2640.85	1303
2639.36	1292
2637.87	1265
2636.38	1285
2634.88	1279
2633.39	1273
2631.9	1268
2630.4	1280
2628.91	1296
2627.41	1261
2625.92	1254
2624.42	1258
2622.93	1260
2621.43	1290
2619.93	1268
2618.44	1249
2616.94	1257
2615.44	1276
2613.94	1267
2612.44	1268
2610.95	1262
2609.45	1268
2607.95	1270
2606.45	1261
2604.95	1252
2603.44	1265
2601.94	1280
2600.44	1283
2598.94	1274
2597.44	1264
2595.93	1274
2594.43	1278
2592.93	1285
2591.42	1257
2589.92	1266
2588.42	1267
2586.91	1269
2585.4	1270
2583.9	1272
2582.39	1255
2580.89	1281
2579.38	1270
2577.87	1281
2576.36	1272
2574.86	1293
2573.35	1284
2571.84	1291
2570.33	1264
2568.82	1266
2567.31	1308
2565.8	1312
2564.29	1291
2562.78	1270
2561.27	1291
2559.75	1294
2558.24	1308
2556.73	1271
2555.22	1305
2553.7	1271
2552.19	1299
2550.68	1292
2549.16	1333
2547.65	1296
2546.13	1317
2544.61	1309
2543.1	1326
2541.58	1316
2540.07	1310
2538.55	1316
2537.03	1306
2535.51	1337
2533.99	1304
2532.48	1323
2530.96	1278
2529.44	1309
2527.92	1308
2526.4	1306
2524.88	1301
2523.36	1323
2521.83	1320
2520.31	1320
2518.79	1299
2517.27	1290
2515.74	1305
2514.22	1332
2512.7	1306
2511.17	1303
2509.65	1317
2508.12	1314
2506.6	1324
2505.07	1305
2503.55	1317
2502.02	1344
2500.49	1311
2498.97	1302
2497.44	1320
2495.91	1306
2494.38	1304
2492.85	1303
2491.32	1323
2489.8	1340
2488.27	1289
2486.74	1326
2485.2	1331
2483.67	1305
2482.14	1338
2480.61	1320
2479.08	1307
2477.55	1305
2476.01	1306
2474.48	1327
2472.95	1324
2471.41	1327
2469.88	1340
2468.34	1303
2466.81	1321
2465.27	1312
2463.74	1323
2462.2	1334
2460.66	1293
2459.12	1332
2457.59	1326
2456.05	1295
2454.51	1325
2452.97	1326
2451.43	1340
2449.89	1339
2448.35	1319
2446.81	1308
2445.27	1337
2443.73	1328
2442.19	1305
2440.65	1307
2439.11	1318
2437.56	1322
2436.02	1324
2434.48	1320
2432.93	1353
2431.39	1319
2429.84	1351
2428.3	1352
2426.75	1338
2425.21	1328
2423.66	1363
2422.12	1329
2420.57	1326
2419.02	1351
2417.47	1376
2415.93	1345
2414.38	1354
2412.83	1355
2411.28	1369
2409.73	1372
2408.18	1346
2406.63	1377
2405.08	1353
2403.53	1388
2401.98	1340
2400.42	1365
2398.87	1380
2397.32	1376
2395.77	1384
2394.21	1342
2392.66	1346
2391.1	1364
2389.55	1340
2387.99	1396
2386.44	1341
2384.88	1367
2383.33	1378
2381.77	1336
2380.21	1362
2378.66	1348
2377.1	1391
2375.54	1373
2373.98	1390
2372.42	1371
2370.86	1330
2369.3	1397
2367.74	1366
2366.18	1375
2364.62	1379
2363.06	1371
2361.5	1354
2359.94	1365
2358.37	1373
2356.81	1411
2355.25	1357
2353.68	1361
2352.12	1430
2350.56	1376
2348.99	1369
2347.43	1378
2345.86	1378
2344.29	1405
2342.73	1388
2341.16	1372
2339.59	1421
2338.03	1363
2336.46	1392
2334.89	1388
2333.32	1398
2331.75	1350
2330.18	1369
2328.61	1394
2327.04	1406
2325.47	1369
2323.9	1337
2322.33	1370
2320.76	1391
2319.18	1347
2317.61	1370
2316.04	1354
2314.47	1363
2312.89	1359
2311.32	1377
2309.74	1371
2308.17	1349
2306.59	1373
2305.02	1339
2303.44	1344
2301.86	1367
2300.29	1366
2298.71	1346
2297.13	1365
2295.55	1350
2293.97	1347
2292.4	1359
2290.82	1343
2289.24	1364
2287.66	1403
2286.08	1365
2284.49	1357
2282.91	1351
2281.33	1334
2279.75	1375
2278.17	1366
2276.58	1352
2275	1367
2273.42	1393
2271.83	1363
2270.25	1359
2268.66	1354
2267.08	1389
2265.49	1358
2263.91	1345
2262.32	1365
2260.73	1343
2259.14	1374
2257.56	1377
2255.97	1350
2254.38	1356
2252.79	1355
2251.2	1369
2249.61	1366
2248.02	1355
2246.43	1388
2244.84	1381
2243.25	1358
2241.66	1361
2240.07	1331
2238.47	1372
2236.88	1376
2235.29	1367
2233.69	1388
2232.1	1385
2230.5	1390
2228.91	1380
2227.31	1403
2225.72	1358
2224.12	1404
2222.53	1339
2220.93	1366
2219.33	1365
2217.73	1401
2216.14	1364
2214.54	1373
2212.94	1391
2211.34	1374
2209.74	1380
2208.14	1354
2206.54	1350
2204.94	1373
2203.34	1357
2201.74	1378
2200.13	1395
2198.53	1375
2196.93	1362
2195.33	1378
2193.72	1363
2192.12	1405
2190.51	1351
2188.91	1411
2187.3	1367
2185.7	1375
2184.09	1390
2182.48	1381
2180.88	1385
2179.27	1359
2177.66	1393
2176.05	1361
2174.45	1374
2172.84	1378
2171.23	1375
2169.62	1386
2168.01	1396
2166.4	1399
2164.79	1397
2163.18	1361
2161.56	1407
2159.95	1394
2158.34	1391
2156.73	1396
2155.11	1398
2153.5	1407
2151.89	1365
2150.27	1391
2148.66	1394
2147.04	1393
2145.43	1385
2143.81	1398
2142.19	1407
2140.58	1395
2138.96	1382
2137.34	1372
2135.72	1413
2134.1	1375
2132.48	1389
2130.86	1379
2129.25	1376
2127.63	1394
2126	1379
2124.38	1372
2122.76	1389
2121.14	1396
2119.52	1383
2117.9	1419
2116.27	1418
2114.65	1406
2113.03	1402
2111.4	1407
2109.78	1389
2108.15	1379
2106.53	1409
2104.9	1389
2103.27	1427
2101.65	1420
2100.02	1393
2098.39	1402
2096.77	1414
2095.14	1389
2093.51	1408
2091.88	1412
2090.25	1395
2088.62	1415
2086.99	1392
2085.36	1404
2083.73	1408
2082.1	1413
2080.46	1417
2078.83	1438
2077.2	1410
2075.57	1418
2073.93	1432
2072.3	1426
2070.66	1417
2069.03	1423
2067.4	1439
2065.76	1446
2064.12	1431
2062.49	1426
2060.85	1449
2059.21	1431
2057.58	1461
2055.94	1425
2054.3	1417
2052.66	1452
2051.02	1423
2049.38	1412
2047.74	1440
2046.1	1410
2044.46	1418
2042.82	1409
2041.18	1464
2039.53	1432
2037.89	1449
2036.25	1443
2034.61	1436
2032.96	1444
2031.32	1474
2029.67	1460
2028.03	1427
2026.38	1454
2024.74	1428
2023.09	1435
2021.44	1436
2019.8	1439
2018.15	1445
2016.5	1474
2014.85	1449
2013.21	1438
2011.56	1467
2009.91	1458
2008.26	1465
2006.61	1458
2004.96	1465
2003.3	1501
2001.65	1479
2000	1460
1998.35	1475
1996.7	1478
1995.04	1478
1993.39	1443
1991.74	1492
1990.08	1459
1988.43	1467
1986.77	1483
1985.12	1485
1983.46	1448
1981.8	1493
1980.15	1493
1978.49	1501
1976.83	1504
1975.17	1450
1973.51	1508
1971.86	1488
1970.2	1446
1968.54	1460
1966.88	1503
1965.22	1474
1963.55	1498
1961.89	1489
1960.23	1522
1958.57	1465
1956.91	1483
1955.24	1497
1953.58	1526
1951.92	1483
1950.25	1488
1948.59	1517
1946.92	1476
1945.26	1485
1943.59	1511
1941.92	1474
1940.26	1482
1938.59	1516
1936.92	1482
1935.25	1515
1933.59	1487
1931.92	1499
1930.25	1520
1928.58	1523
1926.91	1521
1925.24	1517
1923.57	1503
1921.9	1524
1920.22	1537
1918.55	1532
1916.88	1536
1915.21	1507
1913.53	1530
1911.86	1504
1910.18	1524
1908.51	1486
1906.83	1569
1905.16	1505
1903.48	1556
1901.81	1524
1900.13	1543
1898.45	1526
1896.78	1532
1895.1	1514
1893.42	1552
1891.74	1551
1890.06	1549
1888.38	1546
1886.7	1563
1885.02	1550
1883.34	1551
1881.66	1560
1879.98	1531
1878.3	1561
1876.61	1537
1874.93	1567
1873.25	1572
1871.56	1559
1869.88	1550
1868.19	1558
1866.51	1549
1864.82	1558
1863.14	1557
1861.45	1557
1859.76	1551
1858.08	1566
1856.39	1537
1854.7	1532
1853.01	1548
1851.32	1545
1849.63	1579
1847.95	1548
1846.25	1534
1844.56	1576
1842.87	1542
1841.18	1549
1839.49	1570
1837.8	1539
1836.11	1530
1834.41	1553
1832.72	1578
1831.03	1525
1829.33	1581
1827.64	1563
1825.94	1560
1824.25	1543
1822.55	1566
1820.85	1516
1819.16	1507
1817.46	1552
1815.76	1541
1814.06	1535
1812.36	1556
1810.67	1543
1808.97	1524
1807.27	1552
1805.57	1545
1803.87	1572
1802.17	1549
1800.46	1562
1798.76	1552
1797.06	1564
1795.36	1570
1793.65	1612
1791.95	1571
1790.25	1594
1788.54	1590
1786.84	1601
1785.13	1602
1783.43	1575
1781.72	1607
1780.01	1541
1778.31	1606
1776.6	1587
1774.89	1555
1773.18	1589
1771.47	1584
1769.77	1599
1768.06	1573
1766.35	1599
1764.64	1574
1762.92	1608
1761.21	1611
1759.5	1586
1757.79	1611
1756.08	1631
1754.36	1636
1752.65	1627
1750.94	1661
1749.22	1649
1747.51	1639
1745.79	1730
1744.08	1729
1742.36	1800
1740.65	1786
1738.93	1807
1737.21	1893
1735.49	1972
1733.78	1992
1732.06	2079
1730.34	2135
1728.62	2076
1726.9	2078
1725.18	2090
1723.46	2139
1721.74	2159
1720.02	2184
1718.3	2227
1716.57	2273
1714.85	2227
1713.13	2197
1711.41	2210
1709.68	2123
1707.96	2000
1706.23	1999
1704.51	1928
1702.78	1827
1701.05	1833
1699.33	1774
1697.6	1781
1695.87	1700
1694.15	1709
1692.42	1696
1690.69	1687
1688.96	1698
1687.23	1674
1685.5	1656
1683.77	1666
1682.04	1645
1680.31	1707
1678.58	1653
1676.85	1652
1675.11	1685
1673.38	1656
1671.65	1651
1669.91	1670
1668.18	1686
1666.44	1648
1664.71	1656
1662.97	1665
1661.24	1661
1659.5	1617
1657.76	1650
1656.03	1644
1654.29	1666
1652.55	1676
1650.81	1640
1649.07	1649
1647.33	1664
1645.59	1667
1643.85	1648
1642.11	1652
1640.37	1676
1638.63	1662
1636.89	1633
1635.15	1678
1633.4	1680
1631.66	1668
1629.92	1665
1628.17	1652
1626.43	1669
1624.68	1664
1622.94	1674
1621.19	1642
1619.45	1696
1617.7	1702
1615.95	1696
1614.21	1693
1612.46	1703
1610.71	1692
1608.96	1683
1607.21	1720
1605.46	1718
1603.71	1743
1601.96	1768
1600.21	1773
1598.46	1758
1596.71	1813
1594.95	1817
1593.2	1830
1591.45	1836
1589.7	1895
1587.94	1898
1586.19	1898
1584.43	1981
1582.68	1988
1580.92	2023
1579.16	2075
1577.41	2093
1575.65	2134
1573.89	2194
1572.13	2183
1570.38	2225
1568.62	2192
1566.86	2181
1565.1	2187
1563.34	2203
1561.58	2204
1559.82	2186
1558.06	2230
1556.29	2111
1554.53	2119
1552.77	2030
1551.01	2017
1549.24	2035
1547.48	1961
1545.71	1945
1543.95	1881
1542.18	1866
1540.42	1873
1538.65	1854
1536.89	1834
1535.12	1830
1533.35	1837
1531.58	1820
1529.82	1793
1528.05	1801
1526.28	1773
1524.51	1828
1522.74	1762
1520.97	1798
1519.2	1790
1517.42	1788
1515.65	1774
1513.88	1747
1512.11	1797
1510.33	1815
1508.56	1764
1506.79	1799
1505.01	1833
1503.24	1812
1501.46	1787
1499.69	1836
1497.91	1811
1496.13	1824
1494.36	1816
1492.58	1841
1490.8	1868
1489.02	1879
1487.24	1938
1485.46	1974
1483.68	2016
1481.9	1960
1480.12	2005
1478.34	2013
1476.56	1999
1474.78	2042
1473	2082
1471.21	2162
1469.43	2192
1467.65	2281
1465.86	2249
1464.08	2243
1462.29	2183
1460.51	2078
1458.72	2036
1456.93	1972
1455.15	1955
1453.36	1973
1451.57	1931
1449.79	1952
1448	2036
1446.21	2013
1444.42	2028
1442.63	2205
1440.84	2328
1439.05	2538
1437.26	2772
1435.46	3048
1433.67	3288
1431.88	3410
1430.09	3561
1428.29	3580
1426.5	3464
1424.71	3208
1422.91	2865
1421.12	2608
1419.32	2444
1417.52	2420
1415.73	2362
1413.93	2334
1412.13	2312
1410.34	2308
1408.54	2250
1406.74	2245
1404.94	2227
1403.14	2218
1401.34	2150
1399.54	2133
1397.74	2102
1395.94	2079
1394.14	2057
1392.33	2029
1390.53	2038
1388.73	1995
1386.92	1961
1385.12	1934
1383.32	1918
1381.51	1927
1379.7	1903
1377.9	1878
1376.09	1897
1374.29	1861
1372.48	1915
1370.67	1901
1368.86	1895
1367.05	1902
1365.25	1932
1363.44	1887
1361.63	1920
1359.82	1901
1358.01	1919
1356.19	1974
1354.38	1959
1352.57	1948
1350.76	1978
1348.95	2013
1347.13	1995
1345.32	2011
1343.5	2042
1341.69	2021
1339.87	2054
1338.06	2031
1336.24	2065
1334.43	2009
1332.61	1986
1330.79	1979
1328.97	1997
1327.16	1966
1325.34	2030
1323.52	1987
1321.7	1993
1319.88	1974
1318.06	1955
1316.24	1949
1314.41	1961
1312.59	1940
1310.77	1959
1308.95	1945
1307.12	1952
1305.3	1954
1303.48	1992
1301.65	1965
1299.83	1938
1298	1986
1296.18	1963
1294.35	2056
1292.52	2062
1290.69	2085
1288.87	2099
1287.04	2127
1285.21	2182
1283.38	2189
1281.55	2204
1279.72	2235
1277.89	2163
1276.06	2135
1274.23	2160
1272.4	2180
1270.57	2141
1268.73	2179
1266.9	2131
1265.07	2174
1263.23	2226
1261.4	2294
1259.56	2343
1257.73	2397
1255.89	2361
1254.06	2373
1252.22	2339
1250.38	2281
1248.54	2320
1246.71	2302
1244.87	2352
1243.03	2397
1241.19	2448
1239.35	2446
1237.51	2389
1235.67	2316
1233.83	2264
1231.98	2248
1230.14	2153
1228.3	2148
1226.46	2148
1224.61	2052
1222.77	2074
1220.92	2062
1219.08	2078
1217.23	2124
1215.39	2144
1213.54	2089
1211.7	2145
1209.85	2195
1208	2290
1206.15	2358
1204.3	2458
1202.45	2574
1200.61	2717
1198.76	2761
1196.91	2711
1195.05	2611
1193.2	2445
1191.35	2282
1189.5	2214
1187.65	2139
1185.79	2159
1183.94	2078
1182.09	2041
1180.23	2069
1178.38	2105
1176.52	2073
1174.67	2077
1172.81	2068
1170.95	2082
1169.1	2104
1167.24	2124
1165.38	2168
1163.52	2102
1161.66	2167
1159.8	2184
1157.94	2140
1156.08	2154
1154.22	2145
1152.36	2127
1150.5	2130
1148.64	2142
1146.77	2201
1144.91	2174
1143.05	2207
1141.18	2201
1139.32	2221
1137.45	2232
1135.59	2179
1133.72	2179
1131.86	2142
1129.99	2124
1128.12	2130
1126.25	2115
1124.39	2109
1122.52	2069
1120.65	2056
1118.78	2071
1116.91	2065
1115.04	2106
1113.17	2078
1111.3	2108
1109.42	2087
1107.55	2116
1105.68	2061
1103.81	2095
1101.93	2146
1100.06	2191
1098.18	2176
1096.31	2160
1094.43	2201
1092.56	2313
1090.68	2385
1088.8	2560
1086.93	2746
1085.05	2962
1083.17	3054
1081.29	2964
1079.41	2800
1077.53	2645
1075.65	2471
1073.77	2429
1071.89	2414
1070.01	2386
1068.13	2354
1066.24	2333
1064.36	2386
1062.48	2443
1060.59	2501
1058.71	2561
1056.83	2656
1054.94	2833
1053.05	2969
1051.17	3226
1049.28	3710
1047.39	4450
1045.51	5256
1043.62	6556
1041.73	7949
1039.84	9289
1037.95	10025
1036.06	9368
1034.17	8068
1032.28	6578
1030.39	5284
1028.5	4386
1026.61	3796
1024.71	3376
1022.82	2995
1020.93	2834
1019.03	2719
1017.14	2596
1015.24	2556
1013.35	2519
1011.45	2527
1009.56	2465
1007.66	2484
1005.76	2500
1003.86	2581
1001.97	2737
1000.07	2916
998.167	3082
996.268	3262
994.368	3386
992.466	3322
990.565	3092
988.664	2951
986.762	2769
984.86	2601
982.957	2555
981.053	2554
979.15	2425
977.245	2392
975.34	2400
973.435	2389
971.53	2387
969.624	2356
967.717	2410
965.809	2380
963.902	2408
961.994	2315
960.086	2382
958.177	2371
956.267	2392
954.357	2476
952.447	2509
950.536	2515
948.625	2661
946.713	2758
944.8	2908
942.888	3142
940.974	3463
939.061	3800
937.147	3995
935.233	4132
933.317	4169
931.402	4091
929.485	4152
927.569	4263
925.652	4596
923.735	5132
921.817	5763
919.899	6222
917.98	6013
916.061	5188
914.141	4100
912.22	3477
910.3	3041
908.378	2784
906.456	2622
904.534	2552
902.612	2464
900.689	2440
898.766	2466
896.841	2403
894.916	2362
892.991	2356
891.066	2342
889.14	2467
887.214	2451
885.287	2441
883.36	2480
881.432	2491
879.504	2583
877.575	2673
875.646	2878
873.716	3288
871.786	3861
869.855	4719
867.924	5838
865.992	6527
864.06	6120
862.128	5022
860.194	4107
858.261	3485
856.327	3093
854.393	2912
852.458	2721
850.522	2729
848.586	2642
846.65	2574
844.714	2528
842.776	2516
840.838	2496
838.901	2499
836.961	2461
835.023	2514
833.082	2494
831.142	2528
829.202	2463
827.261	2482
825.319	2489
823.377	2493
821.434	2488
819.491	2535
817.548	2475
815.604	2506
813.66	2544
811.715	2492
809.769	2563
807.823	2687
805.878	2609
803.93	2676
801.983	2750
800.035	2717
798.087	2733
796.139	2684
794.189	2750
792.24	2725
790.289	2806
788.339	2954
786.387	3054
784.436	3367
782.484	3826
780.532	4717
778.578	5729
776.624	6661
774.671	6881
772.716	6237
770.762	5084
768.806	4184
766.85	3614
764.893	3280
762.937	3054
760.979	2920
759.022	2838
757.064	2771
755.105	2726
753.145	2617
751.185	2592
749.226	2559
747.264	2525
745.303	2479
743.341	2480
741.38	2518
739.417	2443
737.454	2460
735.49	2445
733.526	2448
731.562	2391
729.596	2451
727.631	2406
725.665	2426
723.699	2388
721.732	2423
719.764	2469
717.797	2457
715.828	2465
713.859	2430
711.889	2405
709.919	2444
707.949	2372
705.978	2462
704.007	2395
702.035	2452
700.063	2432
698.091	2416
696.117	2451
694.143	2451
692.169	2456
690.194	2444
688.219	2448
686.244	2481
684.267	2441
682.291	2426
680.314	2480
678.336	2422
676.358	2424
674.379	2482
672.4	2457
670.421	2504
668.441	2483
666.46	2470
664.479	2521
662.497	2496
660.516	2512
658.533	2571
656.55	2569
654.567	2620
652.583	2696
650.598	2700
648.614	2683
646.628	2736
644.643	2712
642.656	2638
640.669	2654
638.682	2633
636.694	2610
634.706	2552
632.717	2497
630.728	2545
628.738	2540
626.748	2567
624.757	2558
622.766	2560
620.774	2562
618.782	2572
616.789	2605
614.796	2545
612.802	2578
610.808	2499
608.814	2548
606.818	2590
604.822	2588
602.827	2559
600.83	2627
598.833	2650
596.836	2621
594.838	2678
592.839	2779
590.84	2865
588.841	3011
586.84	3216
584.84	3583
582.838	3953
580.838	4264
578.835	4391
576.833	4262
574.83	4021
572.827	3798
570.822	3524
568.818	3385
566.813	3249
564.808	3082
562.802	2939
560.795	2820
558.788	2752
556.781	2754
554.773	2753
552.765	2809
550.756	2706
548.747	2706
546.737	2675
544.726	2706
542.716	2684
540.704	2657
538.692	2733
536.68	2695
534.667	2763
532.654	2684
530.64	2790
528.626	2826
526.611	2877
524.596	2983
522.58	3056
520.564	3277
518.547	3513
516.529	3842
514.512	4149
512.494	4286
510.476	4134
508.456	3894
506.436	3719
504.416	3476
502.395	3361
500.374	3303
498.353	3569
496.33	3653
494.307	4064
492.284	4520
490.261	4921
488.237	5106
486.212	4910
484.187	4586
482.161	4086
480.134	3678
478.108	3537
476.081	3475
474.054	3489
472.025	3593
469.997	3851
467.968	4088
465.938	4499
463.908	5012
461.877	5638
459.846	6093
457.814	6172
455.782	5535
453.75	4746
451.716	4103
449.683	3580
447.649	3274
445.614	3211
443.579	3057
441.543	2989
439.508	2884
437.47	2871
435.433	2835
433.396	2888
431.358	2770
429.319	2852
427.28	2831
425.241	2827
423.201	2762
421.16	2841
419.118	2764
417.077	2773
415.035	2809
412.993	2859
410.949	2822
408.905	2792
406.862	2800
404.816	2808
402.771	2751
400.727	2819
398.68	2818
396.633	2780
394.586	2788
392.539	2781
390.491	2801
388.442	2819
386.393	2794
384.344	2844
382.293	2820
380.242	2870
378.192	2813
376.14	2825
374.088	2856
372.035	2892
369.982	2819
367.928	2936
365.874	2940
363.82	2974
361.765	3084
359.709	3145
357.653	3296
355.596	3428
353.539	3833
351.481	4276
349.423	4684
347.364	4928
345.305	4790
343.245	4612
341.185	4236
339.125	3910
337.063	3684
335.001	3575
332.94	3542
330.876	3674
328.813	3937
326.749	4126
324.685	4193
322.621	4379
320.555	4411
318.489	4650
316.423	5031
314.356	5642
312.29	6377
310.221	6815
308.153	6903
306.084	6699
304.015	6175
301.946	5650
299.875	5257
297.804	4979
295.733	4739
293.661	4679
291.588	4451
289.516	4204
287.443	4043
285.369	3785
283.295	3545
281.22	3487
279.144	3320
277.068	3265
274.992	3114
272.915	3060
270.837	3019
268.76	3030
266.681	3000
264.602	2987
262.523	2998
260.443	2953
258.362	2955
256.282	2994
254.2	2945
252.118	2923
250.036	2942
247.952	2949
245.869	2987
243.784	3028
241.7	3055
239.616	2977
237.53	2990
235.443	3047
233.357	3034
231.27	3111
229.182	3106
227.094	3087
225.005	3125
222.916	3183
220.827	3183
218.737	3299
216.646	3315
214.555	3378
212.462	3447
210.37	3471
208.278	3443
206.185	3491
204.091	3435
201.997	3443
199.902	3499
197.807	3429
195.711	3541
193.615	3713
191.517	3793
189.42	4003
187.322	4124
185.224	4154
183.125	4290
181.025	4122
178.926	3933
176.825	3770
174.724	3707
172.623	3561
170.521	3555
168.418	3606
166.315	3675
164.212	3747
162.108	3910
160.003	3983
157.898	4279
155.793	4459
153.686	4575
151.58	4557
149.473	4513
147.365	4373
145.257	4291
143.148	4161
141.039	4046
138.929	4132
136.819	4386
134.709	4801
132.597	5260
130.485	5859
128.373	6514
126.26	7043
124.147	7838
122.033	8378
119.919	8937
117.804	9239
115.688	9143
113.573	9271
111.456	9339
109.339	9526
107.222	9679
105.103	9841
102.985	10013
100.866	10085
98.7467	10129
96.6262	10075
