3502.52	1063
3501.25	1094
3499.98	1063
3498.71	1064
3497.44	1076
3496.17	1081
3494.9	1087
3493.62	1079
3492.35	1072
3491.08	1060
3489.8	1066
3488.53	1047
3487.26	1059
3485.98	1060
3484.71	1064
3483.43	1057
3482.16	1059
3480.88	1069
3479.6	1058
3478.33	1066
3477.05	1080
3475.77	1043
3474.5	1050
3473.22	1065
3471.94	1069
3470.66	1048
3469.38	1037
3468.1	1033
3466.82	1052
3465.54	1056
3464.26	1034
3462.98	1052
3461.7	1054
3460.42	1036
3459.14	1024
3457.86	1057
3456.57	1048
3455.29	1061
3454.01	1044
3452.73	1070
3451.44	1052
3450.16	1054
3448.87	1042
3447.59	1038
3446.3	1031
3445.02	1050
3443.73	1033
3442.45	1045
3441.16	1039
3439.88	1027
3438.59	1055
3437.3	1038
3436.01	1044
3434.73	1039
3433.44	1037
3432.15	1057
3430.86	1055
3429.57	1044
3428.28	1035
3426.99	1046
3425.7	1042
3424.41	1045
3423.12	1054
3421.83	1021
3420.54	1031
3419.24	1025
3417.95	1046
3416.66	1031
3415.37	1020
3414.07	1045
3412.78	1046
3411.48	1053
3410.19	1029
3408.9	1034
3407.6	1016
3406.31	1023
3405.01	1040
3403.72	1046
3402.42	1035
3401.12	1026
3399.82	1041
3398.53	1026
3397.23	1025
3395.93	1025
3394.63	1047
3393.33	1032
3392.04	1037
3390.74	1048
3389.44	1028
3388.14	1047
3386.84	1030
3385.53	1032
3384.23	1046
3382.93	1022
3381.63	1027
3380.33	1015
3379.03	1038
3377.72	1037
3376.42	1025
3375.12	1021
3373.81	1047
3372.51	1021
3371.2	1028
3369.9	1042
3368.59	1016
3367.29	1023
3365.98	1014
3364.68	1038
3363.37	1035
3362.06	1020
3360.76	1031
3359.45	1049
3358.14	1029
3356.83	1007
3355.52	1026
3354.22	1047
3352.91	1036
3351.6	1034
3350.29	1015
3348.98	1025
3347.67	1045
3346.36	1040
3345.04	1029
3343.73	1019
3342.42	1026
3341.11	1014
3339.8	1054
3338.48	1032
3337.17	1035
3335.86	1037
3334.54	1031
3333.23	1025
3331.91	1026
3330.6	1045
3329.28	1026
3327.97	1031
3326.65	1020
3325.34	1029
3324.02	1016
3322.7	1039
3321.38	1043
3320.07	1022
3318.75	1036
3317.43	1024
3316.11	1031
3314.79	1041
3313.47	1021
3312.15	1024
3310.83	1042
3309.51	1049
3308.19	1034
3306.87	1028
3305.55	1000
3304.23	1045
3302.9	1044
3301.58	1017
3300.26	1024
3298.94	1006
3297.61	1022
3296.29	1020
3294.96	1028
3293.64	1036
3292.31	1025
3290.99	1021
3289.66	1024
3288.34	1028
3287.01	1006
3285.68	1018
3284.36	1026
3283.03	1040
3281.7	1024
3280.37	1023
3279.05	1037
3277.72	1033
3276.39	1034
3275.06	1040
3273.73	1031
3272.4	1054
3271.07	1038
3269.74	1033
3268.41	1040
3267.08	1031
3265.74	1029
3264.41	1049
3263.08	1034
3261.75	1034
3260.41	1047
3259.08	1046
3257.75	1032
3256.41	1045
3255.08	1037
3253.74	1025
3252.41	1037
3251.07	1030
3249.74	1026
3248.4	1038
3247.06	1034
3245.73	1058
3244.39	1053
3243.05	1023
3241.71	1037
3240.37	1037
3239.04	1037
3237.7	1026
3236.36	1051
3235.02	1050
3233.68	1046
3232.34	1040
3231	1029
3229.66	1043
3228.31	1025
3226.97	1041
3225.63	1036
3224.29	1022
3222.94	1055
3221.6	1048
3220.26	1028
3218.91	1040
3217.57	1019
3216.23	1031
3214.88	1036
3213.53	1034
3212.19	1036
3210.84	1035
3209.5	1041
3208.15	1036
3206.8	1033
3205.46	1032
3204.11	1051
3202.76	1036
3201.41	1056
3200.06	1030
3198.71	1050
3197.36	1027
3196.01	1032
3194.66	1056
3193.31	1041
3191.96	1027
3190.61	1045
3189.26	1060
3187.91	1060
3186.56	1028
3185.2	1043
3183.85	1042
3182.5	1044
3181.14	1044
3179.79	1040
3178.44	1047
3177.08	1037
3175.73	1046
3174.37	1044
3173.01	1054
3171.66	1047
3170.3	1038
3168.95	1029
3167.59	1056
3166.23	1053
3164.87	1033
3163.51	1045
3162.16	1044
3160.8	1062
3159.44	1030
3158.08	1040
3156.72	1058
3155.36	1056
3154	1041
3152.64	1063
3151.28	1068
3149.91	1065
3148.55	1040
3147.19	1062
3145.83	1033
3144.46	1068
3143.1	1060
3141.74	1050
3140.37	1053
3139.01	1072
3137.64	1052
3136.28	1056
3134.91	1067
3133.55	1050
3132.18	1054
3130.81	1052
3129.45	1060
3128.08	1055
3126.71	1063
3125.34	1069
3123.98	1050
3122.61	1074
3121.24	1059
3119.87	1063
3118.5	1060
3117.13	1057
3115.76	1063
3114.39	1063
3113.02	1057
3111.64	1076
3110.27	1062
3108.9	1095
3107.53	1065
3106.15	1074
3104.78	1064
3103.41	1073
3102.03	1081
3100.66	1072
3099.29	1061
3097.91	1066
3096.53	1072
3095.16	1094
3093.78	1086
3092.41	1070
3091.03	1073
3089.65	1090
3088.27	1073
3086.9	1073
3085.52	1095
3084.14	1064
3082.76	1075
3081.38	1088
3080	1106
3078.62	1105
3077.24	1098
3075.86	1063
3074.48	1088
3073.1	1091
3071.72	1096
3070.33	1103
3068.95	1103
3067.57	1116
3066.19	1075
3064.8	1092
3063.42	1075
3062.03	1097
3060.65	1088
3059.26	1087
3057.88	1108
3056.49	1107
3055.11	1106
3053.72	1118
3052.33	1117
3050.95	1112
3049.56	1125
3048.17	1117
3046.78	1101
3045.4	1118
3044.01	1122
3042.62	1146
3041.23	1112
3039.84	1136
3038.45	1119
3037.06	1135
3035.67	1151
3034.28	1132
3032.88	1156
3031.49	1157
3030.1	1171
3028.71	1187
3027.31	1194
3025.92	1188
3024.52	1206
3023.13	1209
3021.74	1237
3020.34	1245
3018.95	1284
3017.55	1319
3016.16	1322
3014.76	1304
3013.36	1348
3011.96	1360
3010.57	1413
3009.17	1421
3007.77	1378
3006.37	1412
3004.97	1448
3003.57	1452
3002.17	1388
3000.77	1425
2999.37	1364
2997.97	1368
2996.57	1344
2995.17	1348
2993.77	1330
2992.37	1328
2990.97	1314
2989.56	1348
2988.16	1334
2986.76	1337
2985.35	1364
2983.95	1347
2982.54	1412
2981.14	1405
2979.73	1482
2978.33	1510
2976.92	1549
2975.51	1598
2974.11	1654
2972.7	1705
2971.29	1719
2969.89	1762
2968.48	1779
2967.07	1827
2965.66	1766
2964.25	1767
2962.84	1737
2961.43	1663
2960.02	1649
2958.61	1585
2957.2	1517
2955.79	1456
2954.38	1419
2952.96	1390
2951.55	1338
2950.14	1346
2948.73	1330
2947.31	1305
2945.9	1295
2944.48	1283
2943.07	1267
2941.65	1251
2940.24	1250
2938.82	1219
2937.41	1229
2935.99	1243
2934.57	1223
2933.16	1203
2931.74	1229
2930.32	1218
2928.9	1201
2927.48	1223
2926.06	1221
2924.64	1198
2923.22	1229
2921.8	1224
2920.38	1225
2918.96	1218
2917.54	1195
2916.12	1216
2914.7	1210
2913.28	1194
2911.85	1225
2910.43	1247
2909.01	1230
2907.58	1207
2906.16	1241
2904.74	1218
2903.31	1231
2901.88	1217
2900.46	1217
2899.03	1270
2897.61	1201
2896.18	1221
2894.75	1220
2893.33	1232
2891.9	1221
2890.47	1226
2889.04	1224
2887.61	1228
2886.18	1236
2884.75	1222
2883.32	1239
2881.89	1234
2880.46	1238
2879.03	1250
2877.6	1243
2876.17	1249
2874.74	1221
2873.3	1247
2871.87	1239
2870.44	1247
2869.01	1228
2867.57	1226
2866.14	1227
2864.7	1255
2863.27	1205
2861.83	1282
2860.4	1259
2858.96	1273
2857.52	1259
2856.09	1262
2854.65	1297
2853.21	1285
2851.77	1268
2850.34	1285
2848.9	1291
2847.46	1286
2846.02	1310
2844.58	1280
2843.14	1292
2841.7	1295
2840.26	1289
2838.82	1281
2837.37	1308
2835.93	1298
2834.49	1283
2833.05	1296
2831.6	1292
2830.16	1286
2828.72	1295
2827.27	1283
2825.83	1294
2824.38	1290
2822.94	1271
2821.49	1269
2820.05	1277
2818.6	1291
2817.15	1277
2815.71	1301
2814.26	1276
2812.81	1272
2811.36	1237
2809.91	1290
2808.47	1294
2807.02	1266
2805.57	1252
2804.12	1276
2802.67	1297
2801.22	1259
2799.76	1265
2798.31	1254
2796.86	1260
2795.41	1248
2793.96	1259
2792.5	1290
2791.05	1247
2789.6	1260
2788.14	1244
2786.69	1243
2785.23	1219
2783.78	1239
2782.32	1228
2780.86	1234
2779.41	1227
2777.95	1181
2776.5	1261
2775.04	1204
2773.58	1257
2772.12	1205
2770.66	1204
2769.2	1224
2767.74	1210
2766.29	1220
2764.83	1204
2763.36	1210
2761.9	1218
2760.44	1217
2758.98	1204
2757.52	1220
2756.06	1209
2754.59	1199
2753.13	1204
2751.67	1196
2750.2	1196
2748.74	1194
2747.28	1199
2745.81	1214
2744.35	1188
2742.88	1188
2741.41	1223
2739.95	1199
2738.48	1199
2737.01	1194
2735.55	1196
2734.08	1239
2732.61	1203
2731.14	1195
2729.67	1193
2728.2	1226
2726.73	1205
2725.26	1177
2723.79	1207
2722.32	1196
2720.85	1215
2719.38	1206
2717.91	1212
2716.44	1185
2714.96	1216
2713.49	1205
2712.02	1197
2710.54	1184
2709.07	1186
2707.59	1192
2706.12	1192
2704.64	1178
2703.17	1208
2701.69	1199
2700.22	1210
2698.74	1184
2697.26	1173
2695.78	1190
2694.31	1209
2692.83	1187
2691.35	1202
2689.87	1186
2688.39	1193
2686.91	1178
2685.43	1203
2683.95	1173
2682.47	1185
2680.99	1198
2679.51	1195
2678.03	1195
2676.54	1216
2675.06	1198
2673.58	1187
2672.09	1179
2670.61	1191
2669.13	1192
2667.64	1191
2666.16	1187
2664.67	1165
2663.18	1191
2661.7	1174
2660.21	1185
2658.72	1171
2657.24	1200
2655.75	1197
2654.26	1179
2652.77	1198
2651.28	1191
2649.8	1196
2648.31	1194
2646.82	1189
2645.33	1197
2643.84	1181
2642.34	1198
2640.85	1179
2639.36	1200
2637.87	1186
2636.38	1208
2634.88	1183
2633.39	1183
2631.9	1206
2630.4	1163
2628.91	1190
2627.41	1167
2625.92	1179
2624.42	1193
2622.93	1183
2621.43	1199
2619.93	1169
2618.44	1185
2616.94	1184
2615.44	1199
2613.94	1181
2612.44	1162
2610.95	1188
2609.45	1168
2607.95	1137
2606.45	1194
2604.95	1175
2603.44	1176
2601.94	1156
2600.44	1174
2598.94	1133
2597.44	1211
2595.93	1190
2594.43	1178
2592.93	1179
2591.42	1196
2589.92	1171
2588.42	1175
2586.91	1179
2585.4	1165
2583.9	1204
2582.39	1169
2580.89	1179
2579.38	1181
2577.87	1212
2576.36	1178
2574.86	1200
2573.35	1173
2571.84	1212
2570.33	1182
2568.82	1197
2567.31	1190
2565.8	1214
2564.29	1180
2562.78	1211
2561.27	1196
2559.75	1195
2558.24	1193
2556.73	1202
2555.22	1211
2553.7	1204
2552.19	1177
2550.68	1196
2549.16	1157
2547.65	1173
2546.13	1198
2544.61	1190
2543.1	1218
2541.58	1210
2540.07	1198
2538.55	1197
2537.03	1213
2535.51	1211
2533.99	1197
2532.48	1235
2530.96	1202
2529.44	1198
2527.92	1225
2526.4	1212
2524.88	1233
2523.36	1221
2521.83	1191
2520.31	1198
2518.79	1192
2517.27	1200
2515.74	1186
2514.22	1207
2512.7	1209
2511.17	1220
2509.65	1212
2508.12	1203
2506.6	1203
2505.07	1220
2503.55	1216
2502.02	1202
2500.49	1211
2498.97	1197
2497.44	1226
2495.91	1220
2494.38	1197
2492.85	1193
2491.32	1220
2489.8	1207
2488.27	1192
2486.74	1192
2485.2	1206
2483.67	1196
2482.14	1211
2480.61	1184
2479.08	1222
2477.55	1185
2476.01	1176
2474.48	1201
2472.95	1216
2471.41	1199
2469.88	1220
2468.34	1206
2466.81	1220
2465.27	1226
2463.74	1211
2462.2	1212
2460.66	1187
2459.12	1200
2457.59	1215
2456.05	1233
2454.51	1226
2452.97	1191
2451.43	1230
2449.89	1207
2448.35	1216
2446.81	1229
2445.27	1205
2443.73	1185
2442.19	1199
2440.65	1216
2439.11	1230
2437.56	1224
2436.02	1186
2434.48	1229
2432.93	1204
2431.39	1221
2429.84	1206
2428.3	1227
2426.75	1226
2425.21	1212
2423.66	1224
2422.12	1237
2420.57	1193
2419.02	1223
2417.47	1236
2415.93	1250
2414.38	1244
2412.83	1244
2411.28	1233
2409.73	1198
2408.18	1233
2406.63	1214
2405.08	1260
2403.53	1212
2401.98	1205
2400.42	1232
2398.87	1235
2397.32	1224
2395.77	1264
2394.21	1216
2392.66	1248
2391.1	1225
2389.55	1224
2387.99	1224
2386.44	1238
2384.88	1244
2383.33	1226
2381.77	1228
2380.21	1196
2378.66	1235
2377.1	1252
2375.54	1233
2373.98	1262
2372.42	1232
2370.86	1221
2369.3	1210
2367.74	1240
2366.18	1243
2364.62	1244
2363.06	1234
2361.5	1239
2359.94	1220
2358.37	1239
2356.81	1234
2355.25	1223
2353.68	1227
2352.12	1236
2350.56	1263
2348.99	1209
2347.43	1205
2345.86	1235
2344.29	1234
2342.73	1255
2341.16	1226
2339.59	1222
2338.03	1227
2336.46	1247
2334.89	1255
2333.32	1239
2331.75	1269
2330.18	1249
2328.61	1229
2327.04	1231
2325.47	1203
2323.9	1258
2322.33	1222
2320.76	1224
2319.18	1231
2317.61	1197
2316.04	1223
2314.47	1217
2312.89	1186
2311.32	1219
2309.74	1208
2308.17	1221
2306.59	1206
2305.02	1191
2303.44	1203
2301.86	1214
2300.29	1190
2298.71	1223
2297.13	1209
2295.55	1217
2293.97	1221
2292.4	1193
2290.82	1189
2289.24	1192
2287.66	1214
2286.08	1216
2284.49	1202
2282.91	1232
2281.33	1212
2279.75	1229
2278.17	1192
2276.58	1211
2275	1234
2273.42	1176
2271.83	1190
2270.25	1224
2268.66	1201
2267.08	1203
2265.49	1210
2263.91	1167
2262.32	1220
2260.73	1208
2259.14	1233
2257.56	1199
2255.97	1183
2254.38	1218
2252.79	1200
2251.2	1186
2249.61	1197
2248.02	1181
2246.43	1187
2244.84	1212
2243.25	1203
2241.66	1208
2240.07	1196
2238.47	1199
2236.88	1190
2235.29	1201
2233.69	1214
2232.1	1202
2230.5	1229
2228.91	1201
2227.31	1212
2225.72	1193
2224.12	1201
2222.53	1208
2220.93	1204
2219.33	1192
2217.73	1172
2216.14	1194
2214.54	1172
2212.94	1194
2211.34	1190
2209.74	1210
2208.14	1209
2206.54	1212
2204.94	1195
2203.34	1211
2201.74	1197
2200.13	1182
2198.53	1194
2196.93	1199
2195.33	1199
2193.72	1212
2192.12	1189
2190.51	1227
2188.91	1171
2187.3	1195
2185.7	1186
2184.09	1202
2182.48	1199
2180.88	1177
2179.27	1203
2177.66	1185
2176.05	1199
2174.45	1221
2172.84	1200
2171.23	1201
2169.62	1230
2168.01	1225
2166.4	1190
2164.79	1186
2163.18	1198
2161.56	1197
2159.95	1206
2158.34	1213
2156.73	1213
2155.11	1211
2153.5	1236
2151.89	1209
2150.27	1198
2148.66	1206
2147.04	1223
2145.43	1212
2143.81	1178
2142.19	1205
2140.58	1209
2138.96	1209
2137.34	1190
2135.72	1185
2134.1	1192
2132.48	1186
2130.86	1208
2129.25	1195
2127.63	1200
2126	1188
2124.38	1207
2122.76	1224
2121.14	1219
2119.52	1218
2117.9	1222
2116.27	1223
2114.65	1206
2113.03	1197
2111.4	1205
2109.78	1205
2108.15	1207
2106.53	1217
2104.9	1218
2103.27	1236
2101.65	1188
2100.02	1179
2098.39	1186
2096.77	1227
2095.14	1198
2093.51	1228
2091.88	1221
2090.25	1223
2088.62	1203
2086.99	1187
2085.36	1220
2083.73	1218
2082.1	1209
2080.46	1187
2078.83	1211
2077.2	1208
2075.57	1197
2073.93	1204
2072.3	1225
2070.66	1211
2069.03	1208
2067.4	1228
2065.76	1222
2064.12	1210
2062.49	1217
2060.85	1228
2059.21	1226
2057.58	1221
2055.94	1201
2054.3	1222
2052.66	1228
2051.02	1213
2049.38	1232
2047.74	1202
2046.1	1177
2044.46	1220
2042.82	1210
2041.18	1226
2039.53	1201
2037.89	1232
2036.25	1194
2034.61	1229
2032.96	1219
2031.32	1222
2029.67	1238
2028.03	1205
2026.38	1238
2024.74	1229
2023.09	1223
2021.44	1215
2019.8	1250
2018.15	1207
2016.5	1210
2014.85	1211
2013.21	1229
2011.56	1249
2009.91	1231
2008.26	1231
2006.61	1199
2004.96	1232
2003.3	1254
2001.65	1229
2000	1227
1998.35	1235
1996.7	1220
1995.04	1251
1993.39	1228
1991.74	1237
1990.08	1251
1988.43	1292
1986.77	1233
1985.12	1234
1983.46	1224
1981.8	1255
1980.15	1246
1978.49	1286
1976.83	1253
1975.17	1284
1973.51	1255
1971.86	1249
1970.2	1237
1968.54	1252
1966.88	1234
1965.22	1253
1963.55	1256
1961.89	1250
1960.23	1262
1958.57	1219
1956.91	1252
1955.24	1282
1953.58	1287
1951.92	1251
1950.25	1247
1948.59	1270
1946.92	1275
1945.26	1261
1943.59	1251
1941.92	1261
1940.26	1269
1938.59	1277
1936.92	1250
1935.25	1263
1933.59	1258
1931.92	1244
1930.25	1284
1928.58	1263
1926.91	1259
1925.24	1247
1923.57	1236
1921.9	1268
1920.22	1249
1918.55	1295
1916.88	1299
1915.21	1280
1913.53	1302
1911.86	1250
1910.18	1283
1908.51	1281
1906.83	1290
1905.16	1277
1903.48	1275
1901.81	1297
1900.13	1292
1898.45	1297
1896.78	1284
1895.1	1281
1893.42	1296
1891.74	1290
1890.06	1300
1888.38	1272
1886.7	1276
1885.02	1288
1883.34	1289
1881.66	1288
1879.98	1296
1878.3	1298
1876.61	1310
1874.93	1298
1873.25	1288
1871.56	1276
1869.88	1291
1868.19	1285
1866.51	1305
1864.82	1288
1863.14	1262
1861.45	1297
1859.76	1290
1858.08	1302
1856.39	1306
1854.7	1309
1853.01	1278
1851.32	1271
1849.63	1265
1847.95	1283
1846.25	1302
1844.56	1267
1842.87	1307
1841.18	1280
1839.49	1273
1837.8	1265
1836.11	1265
1834.41	1269
1832.72	1282
1831.03	1266
1829.33	1266
1827.64	1280
1825.94	1264
1824.25	1287
1822.55	1297
1820.85	1287
1819.16	1288
1817.46	1264
1815.76	1267
1814.06	1274
1812.36	1291
1810.67	1266
1808.97	1282
1807.27	1305
1805.57	1279
1803.87	1277
1802.17	1269
1800.46	1269
1798.76	1282
1797.06	1291
1795.36	1264
1793.65	1296
1791.95	1268
1790.25	1293
1788.54	1289
1786.84	1306
1785.13	1282
1783.43	1276
1781.72	1300
1780.01	1238
1778.31	1295
1776.6	1293
1774.89	1304
1773.18	1294
1771.47	1287
1769.77	1289
1768.06	1282
1766.35	1300
1764.64	1327
1762.92	1301
1761.21	1328
1759.5	1297
1757.79	1306
1756.08	1317
1754.36	1332
1752.65	1346
1750.94	1326
1749.22	1357
1747.51	1396
1745.79	1386
1744.08	1417
1742.36	1427
1740.65	1516
1738.93	1518
1737.21	1585
1735.49	1670
1733.78	1725
1732.06	1754
1730.34	1751
1728.62	1804
1726.9	1801
1725.18	1764
1723.46	1799
1721.74	1785
1720.02	1852
1718.3	1854
1716.57	1886
1714.85	1895
1713.13	1856
1711.41	1846
1709.68	1801
1707.96	1715
1706.23	1663
1704.51	1596
1702.78	1513
1701.05	1492
1699.33	1449
1697.6	1429
1695.87	1376
1694.15	1400
1692.42	1374
1690.69	1390
1688.96	1368
1687.23	1344
1685.5	1372
1683.77	1363
1682.04	1371
1680.31	1358
1678.58	1356
1676.85	1344
1675.11	1313
1673.38	1315
1671.65	1349
1669.91	1328
1668.18	1350
1666.44	1322
1664.71	1301
1662.97	1320
1661.24	1338
1659.5	1307
1657.76	1319
1656.03	1318
1654.29	1360
1652.55	1305
1650.81	1363
1649.07	1357
1647.33	1325
1645.59	1348
1643.85	1304
1642.11	1325
1640.37	1332
1638.63	1340
1636.89	1344
1635.15	1364
1633.4	1374
1631.66	1322
1629.92	1322
1628.17	1352
1626.43	1342
1624.68	1341
1622.94	1363
1621.19	1337
1619.45	1352
1617.7	1367
1615.95	1348
1614.21	1373
1612.46	1366
1610.71	1374
1608.96	1383
1607.21	1384
1605.46	1418
1603.71	1391
1601.96	1423
1600.21	1395
1598.46	1390
1596.71	1443
1594.95	1433
1593.2	1465
1591.45	1501
1589.7	1477
1587.94	1515
1586.19	1576
1584.43	1588
1582.68	1604
1580.92	1642
1579.16	1679
1577.41	1710
1575.65	1766
1573.89	1774
1572.13	1845
1570.38	1849
1568.62	1801
1566.86	1831
1565.1	1827
1563.34	1824
1561.58	1874
1559.82	1786
1558.06	1775
1556.29	1757
1554.53	1692
1552.77	1721
1551.01	1643
1549.24	1561
1547.48	1574
1545.71	1566
1543.95	1544
1542.18	1517
1540.42	1484
1538.65	1493
1536.89	1451
1535.12	1470
1533.35	1424
1531.58	1464
1529.82	1416
1528.05	1437
1526.28	1429
1524.51	1442
1522.74	1446
1520.97	1398
1519.2	1404
1517.42	1396
1515.65	1393
1513.88	1405
1512.11	1397
1510.33	1402
1508.56	1396
1506.79	1398
1505.01	1406
1503.24	1412
1501.46	1445
1499.69	1430
1497.91	1445
1496.13	1449
1494.36	1470
1492.58	1492
1490.8	1513
1489.02	1518
1487.24	1562
1485.46	1581
1483.68	1592
1481.9	1608
1480.12	1581
1478.34	1605
1476.56	1592
1474.78	1642
1473	1718
1471.21	1796
1469.43	1854
1467.65	1884
1465.86	1875
1464.08	1827
1462.29	1744
1460.51	1639
1458.72	1610
1456.93	1587
1455.15	1567
1453.36	1558
1451.57	1559
1449.79	1595
1448	1553
1446.21	1603
1444.42	1681
1442.63	1737
1440.84	1935
1439.05	2110
1437.26	2311
1435.46	2584
1433.67	2852
1431.88	2943
1430.09	3063
1428.29	3061
1426.5	2984
1424.71	2750
1422.91	2483
1421.12	2203
1419.32	2066
1417.52	1956
1415.73	1903
1413.93	1943
1412.13	1899
1410.34	1843
1408.54	1832
1406.74	1815
1404.94	1785
1403.14	1807
1401.34	1739
1399.54	1700
1397.74	1681
1395.94	1652
1394.14	1637
1392.33	1615
1390.53	1528
1388.73	1522
1386.92	1536
1385.12	1542
1383.32	1529
1381.51	1492
1379.7	1495
1377.9	1500
1376.09	1487
1374.29	1462
1372.48	1484
1370.67	1447
1368.86	1512
1367.05	1479
1365.25	1465
1363.44	1492
1361.63	1475
1359.82	1486
1358.01	1469
1356.19	1508
1354.38	1518
1352.57	1537
1350.76	1535
1348.95	1576
1347.13	1576
1345.32	1589
1343.5	1604
1341.69	1623
1339.87	1650
1338.06	1610
1336.24	1588
1334.43	1590
1332.61	1563
1330.79	1539
1328.97	1605
1327.16	1568
1325.34	1557
1323.52	1567
1321.7	1535
1319.88	1548
1318.06	1562
1316.24	1552
1314.41	1523
1312.59	1479
1310.77	1508
1308.95	1513
1307.12	1502
1305.3	1493
1303.48	1547
1301.65	1540
1299.83	1544
1298	1533
1296.18	1592
1294.35	1627
1292.52	1594
1290.69	1644
1288.87	1708
1287.04	1704
1285.21	1717
1283.38	1757
1281.55	1716
1279.72	1750
1277.89	1678
1276.06	1680
1274.23	1672
1272.4	1678
1270.57	1659
1268.73	1645
1266.9	1718
1265.07	1778
1263.23	1797
1261.4	1769
1259.56	1910
1257.73	1881
1255.89	1887
1254.06	1888
1252.22	1844
1250.38	1819
1248.54	1844
1246.71	1917
1244.87	1934
1243.03	1990
1241.19	1987
1239.35	1996
1237.51	1952
1235.67	1879
1233.83	1793
1231.98	1747
1230.14	1696
1228.3	1658
1226.46	1643
1224.61	1634
1222.77	1651
1220.92	1640
1219.08	1611
1217.23	1639
1215.39	1637
1213.54	1657
1211.7	1726
1209.85	1763
1208	1819
1206.15	1906
1204.3	1998
1202.45	2077
1200.61	2177
1198.76	2225
1196.91	2205
1195.05	2107
1193.2	1942
1191.35	1804
1189.5	1748
1187.65	1684
1185.79	1647
1183.94	1605
1182.09	1578
1180.23	1600
1178.38	1574
1176.52	1575
1174.67	1602
1172.81	1601
1170.95	1646
1169.1	1617
1167.24	1681
1165.38	1643
1163.52	1662
1161.66	1657
1159.8	1640
1157.94	1660
1156.08	1683
1154.22	1633
1152.36	1640
1150.5	1638
1148.64	1680
1146.77	1689
1144.91	1688
1143.05	1702
1141.18	1729
1139.32	1696
1137.45	1740
1135.59	1722
1133.72	1669
1131.86	1660
1129.99	1638
1128.12	1620
1126.25	1635
1124.39	1602
1122.52	1620
1120.65	1579
1118.78	1584
1116.91	1553
1115.04	1593
1113.17	1594
1111.3	1571
1109.42	1594
1107.55	1622
1105.68	1610
1103.81	1621
1101.93	1613
1100.06	1603
1098.18	1619
1096.31	1717
1094.43	1756
1092.56	1814
1090.68	1891
1088.8	2059
1086.93	2266
1085.05	2396
1083.17	2507
1081.29	2423
1079.41	2267
1077.53	2105
1075.65	2010
1073.77	1885
1071.89	1873
1070.01	1837
1068.13	1848
1066.24	1863
1064.36	1842
1062.48	1892
1060.59	1928
1058.71	1994
1056.83	2101
1054.94	2215
1053.05	2436
1051.17	2662
1049.28	3045
1047.39	3828
1045.51	4559
1043.62	5820
1041.73	7151
1039.84	8438
1037.95	8916
1036.06	8485
1034.17	7246
1032.28	5821
1030.39	4527
1028.5	3628
1026.61	3074
1024.71	2693
1022.82	2480
1020.93	2231
1019.03	2116
1017.14	2031
1015.24	1974
1013.35	2004
1011.45	1941
1009.56	1952
1007.66	1945
1005.76	1975
1003.86	1998
1001.97	2174
1000.07	2384
998.167	2538
996.268	2675
994.368	2797
992.466	2711
990.565	2574
988.664	2409
986.762	2233
984.86	2140
982.957	2017
981.053	1951
979.15	1898
977.245	1854
975.34	1824
973.435	1846
971.53	1819
969.624	1845
967.717	1781
965.809	1798
963.902	1809
961.994	1833
960.086	1824
958.177	1856
956.267	1863
954.357	1966
952.447	1930
950.536	1974
948.625	2042
946.713	2223
944.8	2325
942.888	2585
940.974	2815
939.061	3081
937.147	3317
935.233	3476
933.317	3516
931.402	3527
929.485	3510
927.569	3678
925.652	3940
923.735	4458
921.817	5231
919.899	5611
917.98	5389
916.061	4426
914.141	3553
912.22	2833
910.3	2433
908.378	2210
906.456	2047
904.534	2002
902.612	1916
900.689	1864
898.766	1783
896.841	1835
894.916	1791
892.991	1828
891.066	1790
889.14	1805
887.214	1781
885.287	1833
883.36	1880
881.432	1919
879.504	1982
877.575	2084
875.646	2284
873.716	2626
871.786	3209
869.855	4019
867.924	5036
865.992	5556
864.06	5265
862.128	4280
860.194	3425
858.261	2808
856.327	2482
854.393	2216
852.458	2096
850.522	2008
848.586	1998
846.65	1913
844.714	1882
842.776	1880
840.838	1882
838.901	1841
836.961	1844
835.023	1835
833.082	1884
831.142	1899
829.202	1866
827.261	1880
825.319	1861
823.377	1874
821.434	1857
819.491	1823
817.548	1810
815.604	1886
813.66	1841
811.715	1898
809.769	1911
807.823	1949
805.878	2025
803.93	2058
801.983	2165
800.035	2137
798.087	2056
796.139	2108
794.189	2107
792.24	2182
790.289	2142
788.339	2224
786.387	2374
784.436	2739
782.484	3237
780.532	3931
778.578	4918
776.624	5893
774.671	6155
772.716	5320
770.762	4385
768.806	3443
766.85	2910
764.893	2571
762.937	2372
760.979	2246
759.022	2171
757.064	2111
755.105	2041
753.145	2018
751.185	1941
749.226	1937
747.264	1857
745.303	1856
743.341	1887
741.38	1834
739.417	1802
737.454	1822
735.49	1802
733.526	1755
731.562	1747
729.596	1781
727.631	1763
725.665	1751
723.699	1745
721.732	1753
719.764	1744
717.797	1759
715.828	1787
713.859	1744
711.889	1772
709.919	1730
707.949	1773
705.978	1719
704.007	1772
702.035	1730
700.063	1737
698.091	1828
696.117	1765
694.143	1730
692.169	1727
690.194	1782
688.219	1774
686.244	1732
684.267	1771
682.291	1767
680.314	1783
678.336	1813
676.358	1788
674.379	1753
672.4	1797
670.421	1787
668.441	1792
666.46	1806
664.479	1822
662.497	1824
660.516	1825
658.533	1888
656.55	1929
654.567	1879
652.583	2008
650.598	2004
648.614	2020
646.628	2000
644.643	1971
642.656	1896
640.669	1890
638.682	1850
636.694	1844
634.706	1873
632.717	1800
630.728	1845
628.738	1795
626.748	1852
624.757	1802
622.766	1876
620.774	1822
618.782	1867
616.789	1852
614.796	1837
612.802	1810
610.808	1877
608.814	1831
606.818	1870
604.822	1836
602.827	1839
600.83	1884
598.833	1963
596.836	1941
594.838	1962
592.839	1999
590.84	2100
588.841	2201
586.84	2462
584.84	2769
582.838	3175
580.838	3480
578.835	3576
576.833	3457
574.83	3130
572.827	3003
570.822	2780
568.818	2590
566.813	2446
564.808	2289
562.802	2191
560.795	2078
558.788	1999
556.781	1977
554.773	2024
552.765	1961
550.756	1973
548.747	1943
546.737	1942
544.726	1908
542.716	1946
540.704	1906
538.692	1941
536.68	1961
534.667	2030
532.654	1969
530.64	2013
528.626	2064
526.611	2102
524.596	2155
522.58	2290
520.564	2486
518.547	2722
516.529	3143
514.512	3369
512.494	3533
510.476	3345
508.456	3097
506.436	2871
504.416	2636
502.395	2504
500.374	2590
498.353	2650
496.33	2899
494.307	3242
492.284	3564
490.261	4035
488.237	4207
486.212	4067
484.187	3601
482.161	3256
480.134	2909
478.108	2689
476.081	2607
474.054	2706
472.025	2826
469.997	3008
467.968	3336
465.938	3705
463.908	4207
461.877	4949
459.846	5274
457.814	5210
455.782	4674
453.75	3857
451.716	3208
449.683	2767
447.649	2517
445.614	2343
443.579	2226
441.543	2196
439.508	2129
437.47	2084
435.433	2093
433.396	2083
431.358	2096
429.319	2020
427.28	2108
425.241	2036
423.201	2065
421.16	1968
419.118	2044
417.077	2038
415.035	2028
412.993	2034
410.949	2012
408.905	2008
406.862	2029
404.816	2062
402.771	2035
400.727	2032
398.68	2018
396.633	1998
394.586	1981
392.539	2005
390.491	1982
388.442	1961
386.393	2035
384.344	2006
382.293	2004
380.242	2019
378.192	2026
376.14	2051
374.088	2059
372.035	2052
369.982	2083
367.928	2049
365.874	2125
363.82	2135
361.765	2232
359.709	2305
357.653	2452
355.596	2646
353.539	2971
351.481	3362
349.423	3794
347.364	4020
345.305	3963
343.245	3739
341.185	3377
339.125	3051
337.063	2798
335.001	2715
332.94	2755
330.876	2908
328.813	3039
326.749	3221
324.685	3303
322.621	3485
320.555	3494
318.489	3691
316.423	4134
314.356	4623
312.29	5440
310.221	5933
308.153	6029
306.084	5673
304.015	5079
301.946	4648
299.875	4330
297.804	4030
295.733	3950
293.661	3767
291.588	3610
289.516	3449
287.443	3087
285.369	2873
283.295	2723
281.22	2625
279.144	2508
277.068	2453
274.992	2340
272.915	2283
270.837	2288
268.76	2234
266.681	2260
264.602	2220
262.523	2233
260.443	2122
258.362	2173
256.282	2146
254.2	2176
252.118	2194
250.036	2193
247.952	2190
245.869	2191
243.784	2160
241.7	2211
239.616	2280
237.53	2213
235.443	2277
233.357	2230
231.27	2297
229.182	2298
227.094	2272
225.005	2366
222.916	2393
220.827	2476
218.737	2495
216.646	2568
214.555	2593
212.462	2646
210.37	2648
208.278	2669
206.185	2656
204.091	2644
201.997	2633
199.902	2714
197.807	2694
195.711	2774
193.615	2900
191.517	3050
189.42	3269
187.322	3365
185.224	3439
183.125	3388
181.025	3277
178.926	3220
176.825	3016
174.724	2847
172.623	2838
170.521	2806
168.418	2834
166.315	2894
164.212	2987
162.108	3091
160.003	3281
157.898	3463
155.793	3635
153.686	3753
151.58	3753
149.473	3756
147.365	3581
145.257	3459
143.148	3428
141.039	3334
138.929	3366
136.819	3586
134.709	3979
132.597	4576
130.485	5195
128.373	5689
126.26	6325
124.147	6965
122.033	7662
119.919	8023
117.804	8294
115.688	8322
113.573	8392
111.456	8383
109.339	8615
107.222	8703
105.103	8945
102.985	8992
100.866	9111
98.7467	9309
96.6262	9079
