3502.52	32.9341
3501.25	28.0227
3499.98	1.12366
3498.71	18.2368
3497.44	22.3616
3496.17	18.4979
3494.9	14.6451
3493.62	10.8031
3492.35	-6.02856
3491.08	-11.8501
3489.8	12.3381
3488.53	18.5358
3487.26	2.7428
3485.98	3.95837
3484.71	11.1826
3483.43	17.4153
3482.16	18.6558
3480.88	6.90393
3479.6	2.15955
3478.33	1.42249
3477.05	-3.30798
3475.77	-6.03174
3474.5	-3.74915
3473.22	3.53943
3471.94	-12.166
3470.66	5.13428
3469.38	2.43958
3468.1	-10.2499
3466.82	-26.9346
3465.54	-18.6145
3464.26	2.70984
3462.98	-2.96167
3461.7	-6.62915
3460.42	-5.29309
3459.14	-2.95337
3457.86	-5.61047
3456.57	7.7356
3455.29	-1.91553
3454.01	2.43567
3452.73	-4.21021
3451.44	-2.854
3450.16	15.5044
3448.87	4.86462
3447.59	-2.77344
3446.3	-7.41028
3445.02	-7.04541
3443.73	6.32056
3442.45	-16.3129
3441.16	2.05493
3439.88	-26.5767
3438.59	1.79187
3437.3	7.16113
3436.01	-6.46948
3434.73	-3.10046
3433.44	-10.7312
3432.15	-16.3625
3430.86	8.00598
3429.57	3.37366
3428.28	3.74084
3426.99	-23.8932
3425.7	9.47217
3424.41	-16.1639
3423.12	-8.80103
3421.83	-2.4397
3420.54	1.92004
3419.24	5.27844
3417.95	-17.3652
3416.66	11.9893
3415.37	-16.658
3414.07	1.69238
3412.78	-19.9594
3411.48	10.3868
3410.19	21.7302
3408.9	-2.92883
3407.6	2.40955
3406.31	-4.25488
3405.01	11.0779
3403.72	-8.59229
3402.42	-7.26538
3401.12	-1.94128
3399.82	-15.6207
3398.53	8.69666
3397.23	9.01062
3395.93	7.32117
3394.63	18.6283
3393.33	-6.06848
3392.04	0.231445
3390.74	22.5276
3389.44	-6.18005
3388.14	15.1084
3386.84	5.39294
3385.53	-15.3264
3384.23	-16.0502
3382.93	5.22229
3381.63	-1.50952
3380.33	-0.245483
3379.03	-4.98596
3377.72	-12.7306
3376.42	1.52039
3375.12	-11.2332
3373.81	17.0089
3372.51	-16.7537
3371.2	25.4792
3369.9	8.70752
3368.59	-0.0688477
3367.29	4.15002
3365.98	1.36426
3364.68	-1.42639
3363.37	-17.2217
3362.06	9.97803
3360.76	-11.8271
3359.45	1.36292
3358.14	-2.45203
3356.83	5.72791
3355.52	15.9032
3354.22	1.07324
3352.91	13.2382
3351.6	1.39819
3350.29	-10.447
3348.98	4.70288
3347.67	1.84766
3346.36	7.98718
3345.04	0.121582
3343.73	24.2507
3342.42	-10.6251
3341.11	-3.50623
3339.8	13.6074
3338.48	-20.2842
3337.17	9.81909
3335.86	-0.0828857
3334.54	16.0099
3333.23	-13.9025
3331.91	3.17981
3330.6	0.256836
3329.28	3.32874
3327.97	-2.60474
3326.65	0.456665
3325.34	17.5127
3324.02	9.5636
3322.7	-12.3907
3321.38	6.64954
3320.07	11.6847
3318.75	-13.2854
3317.43	-11.2607
3316.11	5.75879
3314.79	-3.22693
3313.47	21.7821
3312.15	-5.21399
3310.83	-2.21521
3309.51	16.7783
3308.19	-6.23328
3306.87	12.75
3305.55	-9.27185
3304.23	6.70117
3302.9	-10.3309
3301.58	14.632
3300.26	-8.41028
3298.94	16.5426
3297.61	10.4902
3296.29	28.433
3294.96	-13.6293
3293.64	-2.69653
3292.31	9.23132
3290.99	8.15417
3289.66	-0.927856
3288.34	7.98523
3287.01	-8.10645
3285.68	-0.203125
3284.36	-5.30444
3283.03	-3.41064
3281.7	2.47839
3280.37	-5.63733
3279.05	-3.75769
3277.72	2.11719
3276.39	-9.01257
3275.06	-4.14697
3273.73	-14.286
3272.4	0.570435
3271.07	17.4222
3269.74	1.26965
3268.41	16.1125
3267.08	6.95105
3265.74	-6.21509
3264.41	6.61462
3263.08	16.4397
3261.75	-2.73938
3260.41	-10.9229
3259.08	-8.11047
3257.75	2.69739
3256.41	9.50134
3255.08	-6.69897
3253.74	19.0963
3252.41	8.88782
3251.07	-14.3248
3249.74	-14.5415
3248.4	5.23779
3247.06	0.0128174
3245.73	28.7843
3244.39	-3.44824
3243.05	6.31531
3241.71	10.075
3240.37	7.83093
3239.04	-0.416992
3237.7	-6.66858
3236.36	26.076
3235.02	-6.18286
3233.68	8.55444
3232.34	2.28845
3231	19.0187
3229.66	1.74536
3228.31	15.4686
3226.97	14.1886
3225.63	22.9049
3224.29	-2.38208
3222.94	-7.67236
3221.6	11.0341
3220.26	8.73706
3218.91	-9.56299
3217.57	-1.86633
3216.23	10.8274
3214.88	-9.4823
3213.53	-16.7948
3212.19	-12.1105
3210.84	25.5708
3209.5	-20.7509
3208.15	-3.07532
3206.8	3.59705
3205.46	-0.733154
3204.11	-8.06628
3202.76	6.5979
3201.41	17.2593
3200.06	16.9176
3198.71	8.57361
3197.36	2.22693
3196.01	-12.1223
3194.66	-19.4741
3193.31	18.1715
3191.96	21.8147
3190.61	4.45532
3189.26	-4.90613
3187.91	19.7297
3186.56	4.36328
3185.2	25.9945
3183.85	-3.37659
3182.5	-15.7496
3181.14	25.8749
3179.79	-3.50281
3178.44	7.11768
3177.08	-12.2643
3175.73	17.3517
3174.37	11.9661
3173.01	11.578
3171.66	8.18835
3170.3	-7.20325
3168.95	11.403
3167.59	-15.9923
3166.23	13.6102
3164.87	-9.7887
3163.51	1.81055
3162.16	-12.5918
3160.8	-16.9962
3159.44	5.59802
3158.08	-3.80933
3156.72	-4.21814
3155.36	-13.6287
3154	-4.04065
3152.64	-3.4541
3151.28	-19.869
3149.91	5.7146
3148.55	8.297
3147.19	-21.1221
3145.83	-2.54248
3144.46	-6.96423
3143.1	-6.38708
3141.74	6.18909
3140.37	23.7637
3139.01	-17.6628
3137.64	-4.09009
3136.28	-9.51892
3134.91	8.05127
3133.55	6.62073
3132.18	-13.8112
3130.81	-15.2437
3129.45	9.32251
3128.08	19.8881
3126.71	-0.547607
3125.34	-0.983643
3123.98	-0.420776
3122.61	2.14111
3121.24	-1.29749
3119.87	-17.7368
3118.5	-6.17688
3117.13	-1.61768
3115.76	4.94055
3114.39	7.49841
3113.02	13.0558
3111.64	-5.38757
3110.27	4.16858
3108.9	13.7241
3107.53	2.2793
3106.15	6.83386
3104.78	-12.6117
3103.41	-10.058
3102.03	-1.50464
3100.66	-12.9518
3099.29	-7.39893
3097.91	-2.84668
3096.53	-24.2949
3095.16	8.25708
3093.78	7.80847
3092.41	-1.6405
3091.03	6.91077
3089.65	-30.5387
3088.27	2.01208
3086.9	31.5627
3085.52	-3.88696
3084.14	4.66345
3082.76	7.21375
3081.38	-0.23645
3080	4.31384
3078.62	11.864
3077.24	6.41418
3075.86	-11.0356
3074.48	7.51453
3073.1	19.0646
3071.72	16.6149
3070.33	18.1653
3068.95	2.71582
3067.57	14.2668
3066.19	23.8176
3064.8	14.3687
3063.42	24.9198
3062.03	24.4712
3060.65	28.0231
3059.26	16.5748
3057.88	-7.87305
3056.49	20.6796
3055.11	30.2322
3053.72	33.7852
3052.33	24.3387
3050.95	13.8923
3049.56	27.4465
3048.17	26.0012
3046.78	27.5559
3045.4	25.1112
3044.01	15.667
3042.62	36.2229
3041.23	26.7795
3039.84	41.3367
3038.45	35.8943
3037.06	57.4523
3035.67	65.0109
3034.28	52.5699
3032.88	71.1295
3031.49	60.6896
3030.1	55.2502
3028.71	54.8114
3027.31	70.3732
3025.92	78.9355
3024.52	77.4983
3023.13	117.062
3021.74	116.626
3020.34	140.191
3018.95	153.757
3017.55	179.323
3016.16	202.89
3014.76	202.457
3013.36	244.026
3011.96	266.594
3010.57	255.164
3009.17	244.734
3007.77	280.305
3006.37	290.877
3004.97	267.449
3003.57	296.022
3002.17	262.596
3000.77	272.171
2999.37	244.747
2997.97	261.323
2996.57	238.9
2995.17	206.478
2993.77	195.057
2992.37	202.636
2990.97	205.216
2989.56	185.797
2988.16	203.38
2986.76	196.962
2985.35	188.546
2983.95	254.13
2982.54	277.715
2981.14	302.301
2979.73	324.889
2978.33	364.476
2976.92	409.065
2975.51	436.655
2974.11	445.245
2972.7	515.837
2971.29	553.429
2969.89	578.022
2968.48	561.616
2967.07	603.211
2965.66	638.807
2964.25	557.403
2962.84	535.001
2961.43	532.599
2960.02	497.199
2958.61	388.799
2957.2	366.401
2955.79	343.003
2954.38	263.606
2952.96	263.21
2951.55	196.815
2950.14	185.421
2948.73	182.028
2947.31	169.636
2945.9	129.245
2944.48	157.854
2943.07	126.465
2941.65	136.076
2940.24	101.689
2938.82	105.302
2937.41	95.9167
2935.99	87.532
2934.57	100.148
2933.16	82.7655
2931.74	66.3838
2930.32	104.003
2928.9	95.6229
2927.48	81.2439
2926.06	60.8658
2924.64	58.4888
2923.22	91.1127
2921.8	104.738
2920.38	75.3634
2918.96	76.99
2917.54	101.618
2916.12	55.2462
2914.7	55.8759
2913.28	73.5065
2911.85	106.138
2910.43	71.7701
2909.01	94.4034
2907.58	75.0377
2906.16	63.6731
2904.74	93.3092
2903.31	53.9463
2901.88	85.5842
2900.46	57.2233
2899.03	61.8633
2897.61	90.504
2896.18	72.1458
2894.75	89.7886
2893.33	83.4321
2891.9	72.0768
2890.47	89.7223
2889.04	80.3687
2887.61	93.016
2886.18	79.6642
2884.75	68.3134
2883.32	68.9634
2881.89	65.6145
2880.46	68.2665
2879.03	74.9192
2877.6	41.5729
2876.17	73.2275
2874.74	43.8831
2873.3	70.5396
2871.87	74.1969
2870.44	70.8552
2869.01	96.5143
2867.57	74.1742
2866.14	86.8352
2864.7	88.4971
2863.27	99.1597
2861.83	85.8234
2860.4	136.488
2858.96	108.153
2857.52	120.819
2856.09	116.486
2854.65	115.154
2853.21	130.823
2851.77	112.493
2850.34	140.163
2848.9	123.835
2847.46	103.507
2846.02	123.18
2844.58	145.854
2843.14	117.529
2841.7	133.205
2840.26	144.881
2838.82	138.559
2837.37	145.237
2835.93	162.916
2834.49	124.596
2833.05	128.276
2831.6	134.958
2830.16	124.64
2828.72	133.323
2827.27	138.007
2825.83	131.692
2824.38	130.378
2822.94	127.064
2821.49	141.752
2820.05	139.44
2818.6	112.129
2817.15	139.818
2815.71	89.5087
2814.26	141.2
2812.81	113.892
2811.36	109.585
2809.91	133.279
2808.47	119.973
2807.02	101.668
2805.57	108.365
2804.12	118.061
2802.67	93.7588
2801.22	90.4572
2799.76	69.1564
2798.31	92.8562
2796.86	123.557
2795.41	93.2584
2793.96	72.9606
2792.5	78.6636
2791.05	114.367
2789.6	79.072
2788.14	61.7772
2786.69	97.4833
2785.23	60.1901
2783.78	59.8976
2782.32	52.6058
2780.86	53.3148
2779.41	71.0247
2777.95	34.7352
2776.5	102.447
2775.04	16.1586
2773.58	64.8713
2772.12	27.585
2770.66	33.2991
2769.2	41.0142
2767.74	59.7299
2766.29	59.4463
2764.83	29.1636
2763.36	49.8815
2761.9	5.6001
2760.44	42.3195
2758.98	44.0396
2757.52	44.7605
2756.06	69.4821
2754.59	9.20435
2753.13	50.9272
2751.67	31.651
2750.2	16.3755
2748.74	66.1007
2747.28	43.8265
2745.81	42.5532
2744.35	25.2805
2742.88	29.0087
2741.41	47.7374
2739.95	40.4669
2738.48	28.197
2737.01	26.928
2735.55	-3.34033
2734.08	50.392
2732.61	32.1251
2731.14	31.8589
2729.67	31.5933
2728.2	26.3285
2726.73	37.0643
2725.26	3.80103
2723.79	11.5383
2722.32	21.2764
2720.85	16.0151
2719.38	25.7546
2717.91	50.4948
2716.44	22.2357
2714.96	32.9773
2713.49	20.7196
2712.02	5.46265
2710.54	39.2063
2709.07	46.9507
2707.59	12.6959
2706.12	12.4418
2704.64	44.1884
2703.17	24.9357
2701.69	2.68359
2700.22	29.4324
2698.74	31.1818
2697.26	24.9319
2695.78	3.68274
2694.31	36.4343
2692.83	21.1866
2691.35	51.9397
2689.87	12.6934
2688.39	42.4478
2686.91	20.2029
2685.43	18.9589
2683.95	13.7155
2682.47	8.47266
2680.99	27.2307
2679.51	43.9895
2678.03	-7.25098
2676.54	32.5092
2675.06	3.27002
2673.58	1.03174
2672.09	36.7941
2670.61	35.5573
2669.13	25.321
2667.64	8.08569
2666.16	14.8508
2664.67	-13.3831
2663.18	0.383667
2661.7	11.1511
2660.21	-6.08057
2658.72	43.6884
2657.24	-34.5419
2655.75	-1.77148
2654.26	36.9998
2652.77	48.7717
2651.28	-4.45569
2649.8	2.31775
2648.31	12.0919
2646.82	-0.133179
2645.33	23.6425
2643.84	8.41882
2642.34	6.19604
2640.85	12.9739
2639.36	12.7526
2637.87	22.532
2636.38	14.3121
2634.88	5.09314
2633.39	-7.12537
2631.9	2.6571
2630.4	-2.55969
2628.91	7.22437
2627.41	-3.99097
2625.92	-8.20544
2624.42	-1.41919
2622.93	-5.6322
2621.43	9.15564
2619.93	-1.05579
2618.44	-15.2665
2616.94	4.52368
2615.44	6.31445
2613.94	15.1062
2612.44	-0.10144
2610.95	-15.3082
2609.45	-25.5143
2607.95	7.28052
2606.45	-13.924
2604.95	1.87244
2603.44	-21.3304
2601.94	-16.5326
2600.44	-22.7339
2598.94	-16.9344
2597.44	0.865845
2595.93	-21.3331
2594.43	-10.5313
2592.93	-7.72864
2591.42	7.07483
2589.92	-6.12109
2588.42	-15.316
2586.91	13.4897
2585.4	55.2964
2583.9	-13.8962
2582.39	-14.0881
2580.89	16.7209
2579.38	1.53076
2577.87	0.341309
2576.36	-22.8473
2574.86	-3.03516
2573.35	2.77783
2571.84	0.591675
2570.33	-27.5938
2568.82	2.22156
2567.31	-15.9622
2565.8	4.85486
2564.29	17.6727
2562.78	13.4912
2561.27	-3.68933
2559.75	-8.86914
2558.24	-14.0481
2556.73	7.77368
2555.22	-6.40369
2553.7	21.4198
2552.19	16.244
2550.68	52.0691
2549.16	16.8949
2547.65	-0.278442
2546.13	29.549
2544.61	20.3772
2543.1	16.2063
2541.58	1.03613
2540.07	25.8668
2538.55	4.69824
2537.03	16.5305
2535.51	-23.6365
2533.99	28.1974
2532.48	-2.96802
2530.96	23.8674
2529.44	-22.2963
2527.92	15.5408
2526.4	-18.6215
2524.88	16.217
2523.36	15.0565
2521.83	33.8967
2520.31	6.73767
2518.79	17.5795
2517.27	27.422
2515.74	10.2653
2514.22	10.1094
2512.7	-0.0457764
2511.17	1.7998
2509.65	30.6462
2508.12	25.4934
2506.6	15.3414
2505.07	20.1902
2503.55	5.03967
2502.02	17.8899
2500.49	0.740845
2498.97	21.5927
2497.44	12.4452
2495.91	26.2985
2494.38	33.1525
2492.85	22.0072
2491.32	-5.13733
2489.8	15.7189
2488.27	12.5758
2486.74	4.43359
2485.2	18.292
2483.67	1.15112
2482.14	11.011
2480.61	17.8716
2479.08	-2.26721
2477.55	26.5947
2476.01	-0.54248
2474.48	-3.6792
2472.95	12.1849
2471.41	8.04968
2469.88	5.91516
2468.34	-19.2188
2466.81	-3.35193
2465.27	-1.48438
2463.74	6.38379
2462.2	19.2526
2460.66	29.1219
2459.12	-13.0079
2457.59	-6.13721
2456.05	29.7341
2454.51	15.6062
2452.97	42.4789
2451.43	11.3521
2449.89	3.22595
2448.35	53.1005
2446.81	27.9756
2445.27	-3.1488
2443.73	3.72754
2442.19	25.6044
2440.65	36.4818
2439.11	17.3597
2437.56	18.2384
2436.02	17.1174
2434.48	23.9972
2432.93	23.8773
2431.39	11.7581
2429.84	12.6394
2428.3	31.5211
2426.75	23.4034
2425.21	1.28625
2423.66	21.1694
2422.12	27.0532
2420.57	14.9375
2419.02	28.8223
2417.47	31.7074
2415.93	33.593
2414.38	40.4791
2412.83	40.3656
2411.28	23.2526
2409.73	26.14
2408.18	-0.97229
2406.63	4.91589
2405.08	42.8044
2403.53	29.6935
2401.98	43.5826
2400.42	23.4724
2398.87	6.36243
2397.32	35.2528
2395.77	39.1434
2394.21	64.0344
2392.66	47.9258
2391.1	40.8175
2389.55	21.7094
2387.99	35.6016
2386.44	17.494
2384.88	15.3868
2383.33	22.2798
2381.77	36.173
2380.21	39.0664
2378.66	23.9601
2377.1	24.8539
2375.54	-3.25195
2373.98	47.6422
2372.42	48.5366
2370.86	17.4312
2369.3	17.3259
2367.74	25.2207
2366.18	31.1157
2364.62	33.0107
2363.06	29.9059
2361.5	25.8011
2359.94	51.6965
2358.37	56.5919
2356.81	3.4873
2355.25	11.3828
2353.68	25.2783
2352.12	44.1737
2350.56	23.0693
2348.99	35.9647
2347.43	43.8602
2345.86	44.7555
2344.29	42.6509
2342.73	11.5461
2341.16	42.4414
2339.59	20.3364
2338.03	36.2314
2336.46	17.1262
2334.89	54.021
2333.32	52.9155
2331.75	45.8099
2330.18	67.7041
2328.61	34.5983
2327.04	32.4919
2325.47	0.38562
2323.9	22.2789
2322.33	-2.828
2320.76	11.0648
2319.18	17.9574
2317.61	31.8496
2316.04	6.74158
2314.47	37.6332
2312.89	-13.4756
2311.32	36.4153
2309.74	15.3058
2308.17	-9.80396
2306.59	24.0857
2305.02	31.975
2303.44	16.8639
2301.86	44.7523
2300.29	39.6404
2298.71	6.52783
2297.13	36.4149
2295.55	39.3014
2293.97	51.1874
2292.4	-3.92725
2290.82	13.9576
2289.24	12.8419
2287.66	23.7256
2286.08	13.6088
2284.49	28.4912
2282.91	-8.62695
2281.33	32.2543
2279.75	8.13477
2278.17	17.0146
2276.58	13.8938
2275	5.77222
2273.42	7.6499
2271.83	-0.473145
2270.25	10.4031
2268.66	10.2784
2267.08	20.153
2265.49	3.02673
2263.91	-11.1003
2262.32	-25.2281
2260.73	-17.3569
2259.14	13.5134
2257.56	18.3829
2255.97	13.2515
2254.38	-23.8809
2252.79	17.9858
2251.2	13.8516
2249.61	-10.2837
2248.02	5.58008
2246.43	14.4429
2244.84	-14.6954
2243.25	11.1653
2241.66	19.0249
2240.07	-1.11658
2238.47	-18.259
2236.88	26.5973
2235.29	-14.5475
2233.69	7.30664
2232.1	5.15955
2230.5	-4.98865
2228.91	-3.13806
2227.31	8.7113
2225.72	7.55945
2224.12	12.4064
2222.53	-12.7479
2220.93	10.0966
2219.33	3.93958
2217.73	-13.2185
2216.14	-2.37805
2214.54	-31.5388
2212.94	10.299
2211.34	11.1355
2209.74	9.97058
2208.14	-8.19568
2206.54	0.636597
2204.94	-4.53247
2203.34	-7.703
2201.74	5.12488
2200.13	-0.048584
2198.53	2.77649
2196.93	15.6
2195.33	-5.57788
2193.72	34.2426
2192.12	36.0615
2190.51	-1.12109
2188.91	-20.3052
2187.3	-11.491
2185.7	30.3215
2184.09	11.1326
2182.48	10.9419
2180.88	14.7498
2179.27	33.5558
2177.66	-41.6398
2176.05	20.1628
2174.45	7.96387
2172.84	-4.23682
2171.23	-8.43921
2169.62	7.35657
2168.01	2.15063
2166.4	-4.05701
2164.79	-10.2665
2163.18	5.52222
2161.56	-8.69092
2159.95	33.0942
2158.34	-0.122559
2156.73	18.6589
2155.11	12.4385
2153.5	-2.78381
2151.89	-8.00806
2150.27	-9.23425
2148.66	-9.46216
2147.04	15.3079
2145.43	17.076
2143.81	-43.1577
2142.19	13.6066
2140.58	-12.6312
2138.96	6.12915
2137.34	14.8873
2135.72	4.64368
2134.1	-7.60205
2132.48	-16.8497
2130.86	20.9005
2129.25	-13.3513
2127.63	-8.60498
2126	-0.860962
2124.38	10.881
2122.76	-12.379
2121.14	6.35876
2119.52	6.0946
2117.9	-0.171753
2116.27	7.55981
2114.65	-13.7108
2113.03	15.0165
2111.4	8.7417
2109.78	-60.5354
2108.15	-4.81458
2106.53	12.9042
2104.9	12.6206
2103.27	-6.66504
2101.65	13.047
2100.02	16.757
2098.39	7.4646
2096.77	-12.8297
2095.14	-13.1266
2093.51	20.5745
2091.88	16.2733
2090.25	13.9698
2088.62	-16.3357
2086.99	17.3564
2085.36	0.0462646
2083.73	11.7339
2082.1	-17.5808
2080.46	-6.89771
2078.83	-4.21692
2077.2	-1.53845
2075.57	-7.86206
2073.93	7.81177
2072.3	-9.51648
2070.66	-9.84717
2069.03	26.8199
2067.4	21.4847
2065.76	-0.852783
2064.12	-13.1927
2062.49	30.4652
2060.85	2.12073
2059.21	-2.22595
2057.58	4.42493
2055.94	40.0735
2054.3	-6.28015
2052.66	17.3638
2051.02	19.0055
2049.38	13.6447
2047.74	-0.718262
2046.1	-26.0835
2044.46	-14.4512
2042.82	12.1788
2041.18	-34.1935
2039.53	-9.56812
2037.89	25.0551
2036.25	-17.3243
2034.61	4.29419
2032.96	4.91028
2031.32	12.524
2029.67	22.1355
2028.03	4.74475
2026.38	37.3516
2024.74	6.95605
2023.09	6.55823
2021.44	23.1582
2019.8	-1.24426
2018.15	20.3511
2016.5	-17.0558
2014.85	-19.4651
2013.21	-18.8766
2011.56	-21.2906
2009.91	11.2933
2008.26	5.87488
2006.61	4.45422
2004.96	27.0314
2003.3	43.6061
2001.65	15.1786
2000	38.7489
1998.35	-28.683
1996.7	-17.1172
1995.04	36.4463
1993.39	32.0077
1991.74	31.5669
1990.08	28.1237
1988.43	23.6785
1986.77	6.23096
1985.12	39.7811
1983.46	25.3292
1981.8	18.8752
1980.15	2.41895
1978.49	35.9604
1976.83	44.4999
1975.17	-20.9628
1973.51	9.57239
1971.86	43.1055
1970.2	1.63635
1968.54	37.165
1966.88	32.6918
1965.22	-0.783691
1963.55	25.7388
1961.89	23.2593
1960.23	10.7776
1958.57	24.2939
1956.91	30.8081
1955.24	-9.67957
1953.58	22.8306
1951.92	6.33875
1950.25	6.84497
1948.59	27.3491
1946.92	4.85132
1945.26	-0.648315
1943.59	12.85
1941.92	20.3463
1940.26	16.8407
1938.59	37.3331
1936.92	11.8237
1935.25	26.3124
1933.59	13.7993
1931.92	18.2842
1930.25	47.7671
1928.58	-2.75171
1926.91	45.7278
1925.24	43.2053
1923.57	35.681
1921.9	26.1549
1920.22	16.6272
1918.55	24.0974
1916.88	24.5662
1915.21	-22.9669
1913.53	9.49829
1911.86	36.9617
1910.18	18.4233
1908.51	43.8835
1906.83	38.3418
1905.16	15.7986
1903.48	15.2537
1901.81	37.7072
1900.13	20.1589
1898.45	11.609
1896.78	16.0579
1895.1	21.5048
1893.42	35.9503
1891.74	9.39429
1890.06	18.8367
1888.38	22.2776
1886.7	34.7169
1885.02	24.1549
1883.34	24.5913
1881.66	59.0262
1879.98	52.4598
1878.3	41.892
1876.61	36.3226
1874.93	36.7518
1873.25	59.1799
1871.56	37.6063
1869.88	44.0315
1868.19	35.4554
1866.51	-3.12207
1864.82	18.2991
1863.14	20.7189
1861.45	16.1377
1859.76	25.5549
1858.08	21.9711
1856.39	34.386
1854.7	14.7996
1853.01	6.21191
1851.32	34.6233
1849.63	15.0333
1847.95	-5.55774
1846.25	16.8499
1844.56	10.2563
1842.87	5.66187
1841.18	16.0664
1839.49	1.4696
1837.8	7.87158
1836.11	-3.72717
1834.41	21.673
1832.72	-18.9281
1831.03	-2.53003
1829.33	19.8668
1827.64	-21.7371
1825.94	14.6577
1824.25	-27.9482
1822.55	11.4446
1820.85	-1.16333
1819.16	23.228
1817.46	41.618
1815.76	0.00720215
1814.06	15.3958
1812.36	-9.21704
1810.67	34.1696
1808.97	11.5553
1807.27	-30.0599
1805.57	-14.6758
1803.87	-9.29272
1802.17	-1.91028
1800.46	8.47107
1798.76	-2.14832
1797.06	-18.7684
1795.36	-2.38904
1793.65	-21.0109
1791.95	-34.6334
1790.25	13.7434
1788.54	-20.8805
1786.84	-18.5051
1785.13	-2.13074
1783.43	40.243
1781.72	-7.38403
1780.01	-11.0115
1778.31	-2.64001
1776.6	1.73096
1774.89	-3.8988
1773.18	-1.5293
1771.47	19.8395
1769.77	-17.7921
1768.06	-10.4248
1766.35	4.94214
1764.64	21.3083
1762.92	17.6738
1761.21	9.0387
1759.5	-11.5972
1757.79	23.7665
1756.08	27.1292
1754.36	21.4915
1752.65	32.8531
1750.94	80.214
1749.22	79.5743
1747.51	82.9342
1745.79	97.2931
1744.08	84.6515
1742.36	122.009
1740.65	189.366
1738.93	194.723
1737.21	270.079
1735.49	297.434
1733.78	343.788
1732.06	423.142
1730.34	395.495
1728.62	436.848
1726.9	440.2
1725.18	430.551
1723.46	433.901
1721.74	472.251
1720.02	494.601
1718.3	553.949
1716.57	530.297
1714.85	537.644
1713.13	464.99
1711.41	487.336
1709.68	406.681
1707.96	385.025
1706.23	320.369
1704.51	253.711
1702.78	210.053
1701.05	147.395
1699.33	140.735
1697.6	124.074
1695.87	110.413
1694.15	81.7511
1692.42	76.0881
1690.69	22.4246
1688.96	33.7599
1687.23	21.0944
1685.5	26.4281
1683.77	26.7607
1682.04	18.0924
1680.31	13.4232
1678.58	22.7529
1676.85	23.0819
1675.11	10.4098
1673.38	25.7367
1671.65	1.0625
1669.91	-22.6129
1668.18	-2.28931
1666.44	-4.96655
1664.71	22.3546
1662.97	-20.3251
1661.24	22.994
1659.5	-24.6881
1657.76	-20.3715
1656.03	0.944214
1654.29	-8.74182
1652.55	10.571
1650.81	5.88269
1649.07	-5.80713
1647.33	8.50171
1645.59	-1.19104
1643.85	-25.8849
1642.11	-8.58057
1640.37	5.72253
1638.63	-9.97595
1636.89	33.3241
1635.15	-9.37732
1633.4	36.9193
1631.66	-12.7855
1629.92	-10.4922
1628.17	-33.2004
1626.43	-6.91052
1624.68	9.37756
1622.94	2.66418
1621.19	32.9486
1619.45	21.2313
1617.7	6.51208
1615.95	27.7908
1614.21	20.0675
1612.46	-14.6578
1610.71	12.6146
1608.96	6.88525
1607.21	37.1537
1605.46	35.4198
1603.71	33.6837
1601.96	58.9452
1600.21	69.2043
1598.46	58.4615
1596.71	48.7157
1594.95	87.9679
1593.2	80.2174
1591.45	130.464
1589.7	158.709
1587.94	153.951
1586.19	171.19
1584.43	202.426
1582.68	229.66
1580.92	336.891
1579.16	272.119
1577.41	372.343
1575.65	389.565
1573.89	412.785
1572.13	370
1570.38	413.213
1568.62	435.423
1566.86	419.629
1565.1	452.832
1563.34	407.032
1561.58	414.229
1559.82	414.422
1558.06	380.611
1556.29	348.797
1554.53	278.979
1552.77	326.158
1551.01	220.333
1549.24	244.504
1547.48	228.672
1545.71	180.835
1543.95	139.995
1542.18	165.151
1540.42	112.302
1538.65	68.4501
1536.89	77.5935
1535.12	60.7325
1533.35	104.867
1531.58	33.998
1529.82	58.1244
1528.05	42.2457
1526.28	23.363
1524.51	34.4761
1522.74	6.58398
1520.97	34.6871
1519.2	37.7859
1517.42	13.8798
1515.65	52.9688
1513.88	51.0527
1512.11	16.1316
1510.33	-2.79456
1508.56	49.2744
1506.79	24.3383
1505.01	68.3967
1503.24	50.45
1501.46	42.4976
1499.69	42.5398
1497.91	57.5769
1496.13	60.608
1494.36	69.6338
1492.58	52.6539
1490.8	110.668
1489.02	161.677
1487.24	196.68
1485.46	148.677
1483.68	185.667
1481.9	163.652
1480.12	134.631
1478.34	153.603
1476.56	163.57
1474.78	245.53
1473	251.484
1471.21	348.431
1469.43	383.372
1467.65	456.306
1465.86	390.234
1464.08	355.155
1462.29	257.069
1460.51	229.977
1458.72	229.878
1456.93	155.771
1455.15	159.659
1453.36	154.538
1451.57	126.411
1449.79	143.277
1448	154.136
1446.21	180.987
1444.42	225.831
1442.63	275.668
1440.84	415.498
1439.05	596.32
1437.26	833.134
1435.46	1042.94
1433.67	1228.74
1431.88	1382.53
1430.09	1470.32
1428.29	1500.09
1426.5	1457.86
1424.71	1222.62
1422.91	880.373
1421.12	714.117
1419.32	551.854
1417.52	526.582
1415.73	438.302
1413.93	418.014
1412.13	446.718
1410.34	378.414
1408.54	405.101
1406.74	330.781
1404.94	365.451
1403.14	297.113
1401.34	262.767
1399.54	237.412
1397.74	175.048
1395.94	185.677
1394.14	167.296
1392.33	136.907
1390.53	83.5087
1388.73	76.1017
1386.92	48.6865
1385.12	44.2625
1383.32	42.8293
1381.51	5.38733
1379.7	2.9364
1377.9	8.47632
1376.09	9.00793
1374.29	25.5304
1372.48	-9.95618
1370.67	20.548
1368.86	-13.9569
1367.05	29.5291
1365.25	5.00647
1363.44	-1.526
1361.63	20.933
1359.82	-8.61731
1358.01	11.8239
1356.19	39.255
1354.38	28.6775
1352.57	43.0902
1350.76	33.4941
1348.95	74.8889
1347.13	72.2742
1345.32	77.6509
1343.5	74.0176
1341.69	118.376
1339.87	96.7245
1338.06	102.064
1336.24	74.394
1334.43	73.7147
1332.61	57.0271
1330.79	21.33
1328.97	76.6235
1327.16	17.9078
1325.34	61.1829
1323.52	53.4486
1321.7	-11.2939
1319.88	35.9534
1318.06	31.1921
1316.24	18.4219
1314.41	-12.3575
1312.59	-16.1454
1310.77	-32.9431
1308.95	-12.749
1307.12	0.435913
1305.3	-2.38818
1303.48	2.77869
1301.65	-16.0632
1299.83	3.08667
1298	40.2278
1296.18	14.3591
1294.35	35.4835
1292.52	35.5983
1290.69	65.7043
1288.87	127.803
1287.04	127.891
1285.21	136.973
1283.38	144.045
1281.55	164.11
1279.72	110.167
1277.89	113.214
1276.06	137.255
1274.23	87.2867
1272.4	100.311
1270.57	90.327
1268.73	67.3351
1266.9	126.336
1265.07	154.33
1263.23	175.315
1261.4	179.294
1259.56	245.264
1257.73	321.227
1255.89	304.184
1254.06	304.133
1252.22	243.075
1250.38	229.01
1248.54	205.939
1246.71	223.86
1244.87	284.776
1243.03	299.684
1241.19	373.586
1239.35	338.482
1237.51	286.373
1235.67	252.256
1233.83	154.134
1231.98	136.005
1230.14	71.8717
1228.3	38.7324
1226.46	42.5884
1224.61	-25.5621
1222.77	-3.71692
1220.92	-40.8779
1219.08	22.9569
1217.23	7.78699
1215.39	-9.38684
1213.54	34.4336
1211.7	41.2506
1209.85	34.0631
1208	132.872
1206.15	211.676
1204.3	314.476
1202.45	382.273
1200.61	508.067
1198.76	533.858
1196.91	504.645
1195.05	410.429
1193.2	281.211
1191.35	128.99
1189.5	12.7664
1187.65	-14.4591
1185.79	-18.6868
1183.94	-56.9166
1182.09	-42.1471
1180.23	-89.3804
1178.38	-63.6143
1176.52	-110.849
1174.67	-49.0856
1172.81	-107.323
1170.95	-63.5608
1169.1	-79.7983
1167.24	-81.0363
1165.38	-41.2744
1163.52	-39.5123
1161.66	-54.7501
1159.8	-83.9874
1157.94	-37.2231
1156.08	-32.4578
1154.22	-74.6925
1152.36	-27.925
1150.5	-51.1549
1148.64	-75.384
1146.77	-61.6104
1144.91	-67.8345
1143.05	11.9429
1141.18	17.7246
1139.32	-25.4917
1137.45	-11.705
1135.59	-19.9139
1133.72	-43.1194
1131.86	-65.3212
1129.99	-78.5189
1128.12	-90.7125
1126.25	-87.9008
1124.39	-106.085
1122.52	-106.264
1120.65	-112.437
1118.78	-141.605
1116.91	-120.767
1115.04	-108.923
1113.17	-120.073
1111.3	-118.216
1109.42	-164.353
1107.55	-136.482
1105.68	-175.604
1103.81	-132.719
1101.93	-170.826
1100.06	-92.925
1098.18	-110.016
1096.31	-82.0985
1094.43	-14.1716
1092.56	13.7632
1090.68	127.708
1088.8	244.662
1086.93	379.626
1085.05	524.6
1083.17	625.584
1081.29	559.578
1079.41	424.584
1077.53	261.6
1075.65	150.627
1073.77	90.6669
1071.89	54.7172
1070.01	43.7803
1068.13	59.8553
1066.24	58.9429
1064.36	64.043
1062.48	111.157
1060.59	107.283
1058.71	172.423
1056.83	196.577
1054.94	344.744
1053.05	500.926
1051.17	812.123
1049.28	1144.33
1047.39	1653.56
1045.51	2480.8
1043.62	3560.06
1041.73	4844.33
1039.84	5921.62
1037.95	6395.92
1036.06	5982.24
1034.17	4917.58
1032.28	3628.93
1030.39	2484.3
1028.5	1724.69
1026.61	1179.1
1024.71	784.522
1022.82	542.963
1020.93	434.423
1019.03	299.901
1017.14	166.398
1015.24	101.913
1013.35	116.447
1011.45	26.0004
1009.56	53.5736
1007.66	96.1658
1005.76	81.7781
1003.86	112.41
1001.97	294.063
1000.07	463.735
998.167	592.428
996.268	720.142
994.368	820.877
992.466	751.632
990.565	643.409
988.664	415.208
986.762	339.028
984.86	232.869
982.957	123.733
981.053	72.6178
979.15	62.5256
977.245	-34.5448
975.34	-39.593
973.435	-60.6183
971.53	-20.621
969.624	-54.601
967.717	-43.5582
965.809	-100.493
963.902	-53.4034
961.994	-29.2913
960.086	-49.1559
958.177	-45.9973
956.267	-24.8153
954.357	-19.6097
952.447	30.6196
950.536	99.8724
948.625	141.149
946.713	289.449
944.8	395.773
942.888	587.121
940.974	889.493
939.061	1129.89
937.147	1335.31
935.233	1458.75
933.317	1524.22
931.402	1402.71
929.485	1435.23
927.569	1541.77
925.652	1825.33
923.735	2245.92
921.817	2960.53
919.899	3289.16
917.98	3061.82
916.061	2377.5
914.141	1524.21
912.22	902.938
910.3	513.691
908.378	301.467
906.456	157.267
904.534	89.0894
902.612	47.9353
900.689	-2.1958
898.766	-4.30408
896.841	-54.3898
894.916	-96.4528
892.991	-63.4934
891.066	-58.5117
889.14	-55.5079
887.214	-92.4823
885.287	-29.4349
883.36	-18.3661
881.432	33.7241
879.504	85.8354
877.575	178.968
875.646	369.121
873.716	676.294
871.786	1142.49
869.855	1908.7
867.924	2839.93
865.992	3385.19
864.06	3098.46
862.128	2243.75
860.194	1401.06
858.261	891.384
856.327	569.729
854.393	383.092
852.458	299.472
850.522	134.868
848.586	50.2815
846.65	91.7107
844.714	68.1556
842.776	0.616211
840.838	-16.9084
838.901	-49.4187
836.961	-21.9144
835.023	34.6033
833.082	-6.86536
831.142	0.678711
829.202	48.2352
827.261	12.8035
825.319	11.3835
823.377	30.9744
821.434	-21.424
819.491	3.18762
817.548	33.8085
815.604	35.4386
813.66	21.077
811.715	115.724
809.769	38.3777
807.823	106.039
805.878	152.705
803.93	214.378
801.983	252.056
800.035	249.739
798.087	215.426
796.139	249.116
794.189	182.809
792.24	237.503
790.289	317.2
788.339	339.898
786.387	561.595
784.436	788.292
782.484	1243.99
780.532	1826.68
778.578	2704.38
776.624	3535.07
774.671	3910.75
772.716	3227.43
770.762	2327.11
768.806	1459.78
766.85	1013.44
764.893	662.098
762.937	546.746
760.979	336.386
759.022	339.017
757.064	202.637
755.105	153.246
753.145	155.844
751.185	98.4292
749.226	78.0012
747.264	20.5597
745.303	58.1031
743.341	13.6313
741.38	27.1431
739.417	-1.36194
737.454	-19.8849
735.49	-20.4264
733.526	-38.9871
731.562	-15.568
729.596	-12.1697
727.631	-14.7932
725.665	-47.4392
723.699	-84.1084
721.732	9.19824
719.764	-30.5198
717.797	-44.2637
715.828	-70.0338
713.859	-52.8312
711.889	-51.6566
709.919	-63.5107
707.949	-28.3947
705.978	-21.3087
704.007	-61.254
702.035	-16.2312
700.063	-60.2411
698.091	-57.2843
696.117	-41.3619
694.143	-57.4744
692.169	-53.6226
690.194	18.1927
688.219	-22.0292
686.244	-32.2889
684.267	-6.58752
682.291	-8.92542
680.314	-35.3035
678.336	-13.7223
676.358	22.8175
674.379	-42.6852
672.4	1.76953
670.421	-11.8195
668.441	8.54736
666.46	5.86938
664.479	39.1461
662.497	52.3763
660.516	31.5602
658.533	92.6967
656.55	46.7853
654.567	86.8257
652.583	104.817
650.598	167.759
648.614	215.65
646.628	174.491
644.643	177.282
642.656	98.0204
640.669	114.707
638.682	83.3418
636.694	89.9235
634.706	24.4519
632.717	51.9272
630.728	-18.652
628.738	4.71521
626.748	51.0277
624.757	17.2854
622.766	18.4886
620.774	49.6357
618.782	18.7281
616.789	78.7646
614.796	32.7454
612.802	-8.33008
610.808	82.5393
608.814	13.3524
606.818	56.1083
604.822	13.809
602.827	58.4543
600.83	24.0425
598.833	84.5754
596.836	64.0525
594.838	83.4736
592.839	170.839
590.84	214.149
588.841	310.405
586.84	558.604
584.84	772.75
582.838	1132.84
580.838	1438.88
578.835	1579.87
576.833	1387.8
574.83	1249.68
572.827	971.507
570.822	833.284
568.818	610.01
566.813	553.687
564.808	439.315
562.802	273.894
560.795	191.425
558.788	129.909
556.781	105.349
554.773	0.742676
552.765	50.0924
550.756	32.3989
548.747	1.66284
546.737	13.8875
544.726	43.0703
542.716	28.2161
540.704	-36.676
538.692	-2.60425
536.68	-22.5659
534.667	0.436768
532.654	48.4092
530.64	56.3506
528.626	119.263
526.611	167.149
524.596	182.008
522.58	323.843
520.564	443.656
518.547	729.448
516.529	959.221
514.512	1249.98
512.494	1284.72
510.476	1210.45
508.456	965.165
506.436	791.872
504.416	589.572
502.395	506.268
500.374	522.962
498.353	526.654
496.33	793.348
494.307	1018.05
492.284	1352.75
490.261	1754.47
488.237	1960.19
486.212	1899.93
484.187	1465.68
482.161	1069.46
480.134	824.252
478.108	605.072
476.081	504.918
474.054	473.795
472.025	641.703
469.997	748.647
467.968	981.629
465.938	1429.65
463.908	1809.72
461.877	2389.83
459.846	2789.99
457.814	2784.21
455.782	2318.48
453.75	1536.81
451.716	995.2
449.683	603.657
447.649	395.182
445.614	206.778
443.579	112.447
441.543	-5.80713
439.508	43.0208
437.47	-38.0698
435.433	-48.0723
433.396	-25.9854
431.358	-48.8044
429.319	-89.5291
427.28	-147.154
425.241	-132.676
423.201	-127.093
421.16	-141.403
419.118	-156.6
417.077	-165.683
415.035	-163.649
412.993	-151.494
410.949	-107.216
408.905	-182.813
406.862	-124.28
404.816	-139.616
402.771	-151.817
400.727	-167.882
398.68	-135.807
396.633	-172.591
394.586	-182.23
392.539	-179.723
390.491	-190.068
388.442	-145.261
386.393	-163.302
384.344	-152.189
382.293	-129.919
380.242	-128.491
378.192	-137.905
376.14	-156.157
374.088	-139.248
372.035	-65.1768
369.982	-99.9414
367.928	-13.5417
365.874	-20.9773
363.82	-25.2485
361.765	58.645
359.709	156.704
357.653	301.927
355.596	453.314
353.539	718.863
351.481	1040.57
349.423	1445.45
347.364	1614.48
345.305	1715.66
343.245	1473
341.185	1145.49
339.125	804.133
337.063	672.919
335.001	575.846
332.94	540.91
330.876	718.109
328.813	845.434
326.749	1036.88
324.685	1150.45
322.621	1210.12
320.555	1324.91
318.489	1499.79
316.423	1819.75
314.356	2403.8
312.29	2845.92
310.221	3442.11
308.153	3534.35
306.084	3333.63
304.015	2933.95
301.946	2448.28
299.875	2158.63
297.804	1875.97
295.733	1764.29
293.661	1646.57
291.588	1518.81
289.516	1259.99
287.443	1149.08
285.369	860.076
283.295	714.955
281.22	635.698
279.144	454.283
277.068	456.69
274.992	369.897
272.915	340.881
270.837	238.618
268.76	243.082
266.681	289.248
264.602	274.087
262.523	286.571
260.443	269.67
258.362	223.355
256.282	254.591
254.2	200.347
252.118	211.586
250.036	225.273
247.952	272.37
245.869	225.839
243.784	264.638
241.7	224.726
239.616	268.06
237.53	269.593
235.443	256.278
233.357	302.069
231.27	286.915
229.182	321.761
227.094	303.56
225.005	337.247
222.916	381.772
220.827	373.072
218.737	379.084
216.646	472.745
214.555	519.996
212.462	467.753
210.37	487.962
208.278	476.543
206.185	440.429
204.091	399.524
201.997	397.768
199.902	399.067
197.807	363.337
195.711	461.489
193.615	532.448
191.517	622.087
189.42	737.346
187.322	738.106
185.224	815.265
183.125	762.74
181.025	575.377
178.926	450.11
176.825	208.801
174.724	60.3298
172.623	-114.396
170.521	-147.561
168.418	-229.235
166.315	-256.581
164.212	-170.737
162.108	-253.806
160.003	-80.0103
157.898	-85.4207
155.793	-30.2288
153.686	-37.5935
151.58	-41.6311
149.473	-195.601
147.365	-404.58
145.257	-614.791
143.148	-858.417
141.039	-1064.64
138.929	-1130.6
136.819	-1111.54
134.709	-842.675
132.597	-630.202
130.485	-282.338
128.373	154.774
126.26	432.758
124.147	913.541
122.033	1253.81
119.919	1499.41
117.804	1626.91
115.688	1304.25
113.573	990.064
111.456	957.091
109.339	873.051
107.222	748.777
105.103	667.751
102.985	586.91
100.866	271.833
98.7467	38.3418
96.6262	-335.15
