3502.52	66.7445
3501.25	83.8202
3499.98	70.9769
3498.71	74.2047
3497.44	81.5133
3496.17	65.8928
3494.9	87.3528
3493.62	88.8834
3492.35	41.494
3491.08	63.1799
3489.8	54.936
3488.53	46.7709
3487.26	77.6752
3485.98	39.6573
3484.71	39.7123
3483.43	33.8364
3482.16	41.036
3480.88	14.3085
3479.6	5.65063
3478.33	37.0602
3477.05	30.5436
3475.77	14.0966
3474.5	0.716675
3473.22	-19.594
3471.94	-7.83801
3470.66	-21.0193
3469.38	2.86938
3468.1	-28.1782
3466.82	1.83923
3465.54	-8.08118
3464.26	-7.93835
3462.98	-7.7345
3461.7	-17.4705
3460.42	-32.1465
3459.14	-60.7637
3457.86	-26.3235
3456.57	-17.8264
3455.29	-30.2739
3454.01	-0.664063
3452.73	-19.0034
3451.44	-1.29004
3450.16	-64.5255
3448.87	-15.7104
3447.59	5.15417
3446.3	7.06897
3445.02	-17.9714
3443.73	-32.9663
3442.45	-17.9141
3441.16	-24.8209
3439.88	1.3147
3438.59	-24.5062
3437.3	10.7096
3436.01	0.964844
3434.73	-3.74084
3433.44	5.58777
3432.15	-8.04724
3430.86	-3.65088
3429.57	-10.2197
3428.28	-23.7603
3426.99	-8.26868
3425.7	-3.75098
3424.41	2.79541
3423.12	-15.6343
3421.83	14.9619
3420.54	-30.4183
3419.24	16.2206
3417.95	-9.11829
3416.66	-41.4382
3415.37	-7.74255
3414.07	-13.0288
3412.78	-21.3007
3411.48	3.43896
3410.19	6.19287
3408.9	-6.04297
3407.6	-12.2698
3406.31	0.511353
3405.01	-39.7009
3403.72	-15.9086
3402.42	-21.1128
3401.12	-15.3164
3399.82	-33.5173
3398.53	-0.719238
3397.23	24.0767
3395.93	25.8695
3394.63	-22.343
3393.33	5.44031
3392.04	35.2141
3390.74	-8.02148
3389.44	35.7327
3388.14	22.4746
3386.84	35.2032
3385.53	18.9171
3384.23	60.6167
3382.93	35.2971
3381.63	20.9584
3380.33	18.5991
3379.03	31.2201
3377.72	4.81641
3376.42	50.3881
3375.12	25.9353
3373.81	23.4537
3372.51	6.94568
3371.2	26.4055
3369.9	31.8361
3368.59	52.2318
3367.29	25.5958
3365.98	-0.0778809
3364.68	26.2139
3363.37	23.4655
3362.06	17.6799
3360.76	10.8534
3359.45	52.983
3358.14	2.07129
3356.83	19.1152
3355.52	15.1107
3354.22	0.0616455
3352.91	2.96448
3351.6	43.8173
3350.29	-11.3812
3348.98	-10.6339
3347.67	10.0619
3346.36	9.70349
3345.04	6.28943
3343.73	20.818
3342.42	37.288
3341.11	21.6987
3339.8	-6.95093
3338.48	27.3373
3337.17	6.56201
3335.86	32.723
3334.54	48.819
3333.23	-15.1519
3331.91	15.8131
3330.6	12.7059
3329.28	17.5286
3327.97	13.2808
3326.65	16.9612
3325.34	24.5715
3324.02	6.104
3322.7	22.5618
3321.38	1.94702
3320.07	31.2513
3318.75	2.47693
3317.43	-1.37195
3316.11	17.6941
3314.79	38.683
3313.47	16.5865
3312.15	-0.589844
3310.83	-0.854614
3309.51	3.80005
3308.19	17.3694
3306.87	-7.15283
3305.55	1.24194
3304.23	18.5476
3302.9	-10.241
3301.58	-19.115
3300.26	-24.0797
3298.94	-53.137
3297.61	-24.2921
3296.29	-27.5358
3294.96	-27.8744
3293.64	-51.3076
3292.31	-49.8362
3290.99	-12.462
3289.66	-54.1859
3288.34	-64.0073
3287.01	-24.927
3285.68	-37.9482
3284.36	-53.0677
3283.03	-48.2888
3281.7	-50.6122
3280.37	-3.03711
3279.05	-75.5601
3277.72	-23.1913
3276.39	21.0726
3275.06	-26.7675
3273.73	1.29236
3272.4	30.2412
3271.07	26.0829
3269.74	75.8245
3268.41	75.4519
3267.08	134.978
3265.74	53.3893
3264.41	108.698
3263.08	124.89
3261.75	137.98
3260.41	188.952
3259.08	138.821
3257.75	179.57
3256.41	251.217
3255.08	304.751
3253.74	285.165
3252.41	296.474
3251.07	331.672
3249.74	330.755
3248.4	321.723
3247.06	410.57
3245.73	415.312
3244.39	436.939
3243.05	439.45
3241.71	480.846
3240.37	468.129
3239.04	496.294
3237.7	509.344
3236.36	453.279
3235.02	510.097
3233.68	557.799
3232.34	521.393
3231	513.863
3229.66	522.216
3228.31	558.451
3226.97	617.578
3225.63	553.579
3224.29	601.465
3222.94	569.24
3221.6	574.892
3220.26	541.422
3218.91	570.848
3217.57	530.146
3216.23	533.338
3214.88	561.399
3213.53	542.356
3212.19	546.196
3210.84	542.907
3209.5	533.512
3208.15	568.001
3206.8	557.361
3205.46	556.614
3204.11	505.752
3202.76	487.773
3201.41	501.678
3200.06	540.454
3198.71	511.127
3197.36	497.683
3196.01	559.122
3194.66	508.447
3193.31	536.655
3191.96	519.75
3190.61	503.728
3189.26	466.604
3187.91	537.353
3186.56	486.987
3185.2	548.508
3183.85	510.915
3182.5	482.223
3181.14	559.404
3179.79	517.469
3178.44	528.439
3177.08	463.281
3175.73	570.012
3174.37	534.646
3173.01	537.152
3171.66	537.564
3170.3	632.865
3168.95	549.042
3167.59	569.123
3166.23	583.082
3164.87	592.946
3163.51	667.701
3162.16	612.346
3160.8	603.874
3159.44	481.305
3158.08	615.632
3156.72	569.855
3155.36	628.968
3154	566.977
3152.64	570.884
3151.28	664.686
3149.91	566.382
3148.55	583.978
3147.19	575.47
3145.83	567.862
3144.46	589.151
3143.1	644.341
3141.74	609.444
3140.37	645.431
3139.01	600.322
3137.64	581.13
3136.28	610.821
3134.91	587.417
3133.55	602.933
3132.18	586.337
3130.81	566.662
3129.45	595.873
3128.08	586.01
3126.71	557.034
3125.34	576.985
3123.98	544.839
3122.61	614.589
3121.24	551.265
3119.87	554.849
3118.5	548.343
3117.13	509.75
3115.76	612.049
3114.39	615.281
3113.02	530.425
3111.64	566.481
3110.27	538.455
3108.9	589.342
3107.53	528.148
3106.15	554.869
3104.78	523.526
3103.41	473.084
3102.03	533.56
3100.66	551.958
3099.29	440.29
3097.91	427.531
3096.53	498.688
3095.16	455.79
3093.78	355.799
3092.41	380.731
3091.03	337.606
3089.65	367.386
3088.27	433.114
3086.9	381.769
3085.52	310.335
3084.14	353.848
3082.76	373.29
3081.38	382.645
3080	434.949
3078.62	364.189
3077.24	440.361
3075.86	452.464
3074.48	395.501
3073.1	417.46
3071.72	340.37
3070.33	331.22
3068.95	361.006
3067.57	408.75
3066.19	454.416
3064.8	312.02
3063.42	365.568
3062.03	372.057
3060.65	340.508
3059.26	398.885
3057.88	272.205
3056.49	246.489
3055.11	235.702
3053.72	277.864
3052.33	212.989
3050.95	370.044
3049.56	213.069
3048.17	227.042
3046.78	259.953
3045.4	223.831
3044.01	117.66
3042.62	179.429
3041.23	162.167
3039.84	81.8643
3038.45	87.5156
3037.06	106.122
3035.67	86.6895
3034.28	84.2139
3032.88	99.7007
3031.49	122.142
3030.1	74.5513
3028.71	92.9165
3027.31	55.2476
3025.92	44.5449
3024.52	74.8008
3023.13	-26.9541
3021.74	7.23438
3020.34	22.3921
3018.95	22.5376
3017.55	36.6328
3016.16	35.7129
3014.76	37.7441
3013.36	-55.229
3011.96	-41.2539
3010.57	-67.2905
3009.17	-46.3687
3007.77	-103.452
3006.37	41.4375
3004.97	-64.6992
3003.57	42.1216
3002.17	93.9399
3000.77	-27.2607
2999.37	-23.4844
2997.97	-23.7305
2996.57	65.0024
2995.17	4.71924
2993.77	91.416
2992.37	-73.9019
2990.97	71.7622
2989.56	-58.5918
2988.16	66.0645
2986.76	52.6777
2985.35	119.285
2983.95	111.873
2982.54	71.4727
2981.14	69.0381
2979.73	127.617
2978.33	124.163
2976.92	-0.28125
2975.51	105.247
2974.11	50.7837
2972.7	41.3198
2971.29	92.8213
2969.89	144.342
2968.48	95.855
2967.07	158.354
2965.66	86.8599
2964.25	149.361
2962.84	-47.1377
2961.43	69.3472
2960.02	135.842
2958.61	145.348
2957.2	89.8433
2955.79	207.338
2954.38	228.836
2952.96	143.343
2951.55	186.843
2950.14	116.357
2948.73	176.873
2947.31	186.383
2945.9	96.9097
2944.48	218.44
2943.07	253.975
2941.65	267.519
2940.24	256.068
2938.82	216.628
2937.41	142.204
2935.99	189.778
2934.57	235.373
2933.16	242.968
2931.74	266.58
2930.32	201.206
2928.9	271.832
2927.48	298.478
2926.06	225.14
2924.64	96.812
2923.22	255.497
2921.8	340.211
2920.38	228.925
2918.96	191.652
2917.54	212.406
2916.12	265.166
2914.7	296.953
2913.28	192.756
2911.85	257.565
2910.43	333.399
2909.01	97.2539
2907.58	319.125
2906.16	192.027
2904.74	313.938
2903.31	213.871
2901.88	260.818
2900.46	265.797
2899.03	229.8
2897.61	247.809
2896.18	169.851
2894.75	340.917
2893.33	267
2891.9	170.112
2890.47	323.241
2889.04	249.396
2887.61	180.573
2886.18	207.771
2884.75	303.006
2883.32	223.255
2881.89	193.535
2880.46	272.843
2879.03	248.166
2877.6	239.521
2876.17	279.905
2874.74	164.313
2873.3	221.75
2871.87	231.208
2870.44	280.708
2869.01	203.221
2867.57	228.759
2866.14	225.34
2864.7	219.942
2863.27	372.566
2861.83	364.226
2860.4	264.911
2858.96	246.628
2857.52	292.371
2856.09	232.142
2854.65	261.943
2853.21	192.781
2851.77	309.637
2850.34	212.534
2848.9	224.449
2847.46	245.405
2846.02	208.385
2844.58	149.397
2843.14	206.441
2841.7	156.51
2840.26	39.6104
2838.82	-5.26074
2837.37	99.9004
2835.93	128.099
2834.49	19.3164
2833.05	39.5752
2831.6	-27.1494
2830.16	18.1709
2828.72	-79.4844
2827.27	-58.1064
2825.83	-39.7002
2824.38	127.738
2822.94	28.2021
2821.49	11.6973
2820.05	3.23438
2818.6	-53.2129
2817.15	-25.6191
2815.71	26.999
2814.26	-52.3496
2812.81	-42.667
2811.36	-11.9521
2809.91	-54.2119
2808.47	-23.4404
2807.02	59.3594
2805.57	-8.80078
2804.12	77.0586
2802.67	-26.0576
2801.22	143.869
2799.76	-0.175781
2798.31	-9.20215
2796.86	-46.1924
2795.41	82.8486
2793.96	36.916
2792.5	107.011
2791.05	53.1318
2789.6	81.2959
2788.14	10.4746
2786.69	214.687
2785.23	117.922
2783.78	46.1904
2782.32	42.4844
2780.86	87.8008
2779.41	147.149
2777.95	69.5244
2776.5	45.9346
2775.04	107.362
2773.58	8.81543
2772.12	13.3027
2770.66	84.8037
2769.2	68.3398
2767.74	11.8926
2766.29	115.479
2764.83	172.09
2763.36	216.723
2761.9	121.382
2760.44	186.063
2758.98	108.768
2757.52	170.501
2756.06	205.252
2754.59	133.031
2753.13	-54.1758
2751.67	190.649
2750.2	228.495
2748.74	160.36
2747.28	169.245
2745.81	219.153
2744.35	210.081
2742.88	206.035
2741.41	203.003
2739.95	98.9971
2738.48	179.002
2737.01	215.031
2735.55	166.081
2734.08	104.148
2732.61	119.235
2731.14	62.335
2729.67	137.454
2728.2	73.5879
2726.73	107.737
2725.26	18.9131
2723.79	151.095
2722.32	152.298
2720.85	259.519
2719.38	275.752
2717.91	135.998
2716.44	231.258
2714.96	183.532
2713.49	277.818
2712.02	271.122
2710.54	254.431
2709.07	281.753
2707.59	337.093
2706.12	231.445
2704.64	232.804
2703.17	228.175
2701.69	320.554
2700.22	339.944
2698.74	330.339
2697.26	377.745
2695.78	353.164
2694.31	410.587
2692.83	363.021
2691.35	253.463
2689.87	292.908
2688.39	375.352
2686.91	317.81
2685.43	349.282
2683.95	425.748
2682.47	256.216
2680.99	356.697
2679.51	323.174
2678.03	350.662
2676.54	372.142
2675.06	434.632
2673.58	308.122
2672.09	168.616
2670.61	203.109
2669.13	319.609
2667.64	356.101
2666.16	343.589
2664.67	327.086
2663.18	357.573
2661.7	299.064
2660.21	526.556
2658.72	336.042
2657.24	302.524
2655.75	383.002
2654.26	389.477
2652.77	377.953
2651.28	290.416
2649.8	316.879
2648.31	376.331
2646.82	400.782
2645.33	342.226
2643.84	479.661
2642.34	418.09
2640.85	342.506
2639.36	325.916
2637.87	404.326
2636.38	391.715
2634.88	322.106
2633.39	405.473
2631.9	342.84
2630.4	419.191
2628.91	483.534
2627.41	581.863
2625.92	451.182
2624.42	642.493
2622.93	609.779
2621.43	405.064
2619.93	321.323
2618.44	599.573
2616.94	485.811
2615.44	433.031
2613.94	511.237
2612.44	454.423
2610.95	494.595
2609.45	646.747
2607.95	601.888
2606.45	604.003
2604.95	490.108
2603.44	635.193
2601.94	498.263
2600.44	695.307
2598.94	475.333
2597.44	651.338
2595.93	508.321
2594.43	509.289
2592.93	660.23
2591.42	513.156
2589.92	752.047
2588.42	681.929
2586.91	602.786
2585.4	545.615
2583.9	632.423
2582.39	745.205
2580.89	754.973
2579.38	741.707
2577.87	666.423
2576.36	666.104
2574.86	673.765
2573.35	657.402
2571.84	773.013
2570.33	626.595
2568.82	683.147
2567.31	545.684
2565.8	644.183
2564.29	664.66
2562.78	616.101
2561.27	742.519
2559.75	690.909
2558.24	558.271
2556.73	703.6
2555.22	551.898
2553.7	577.17
2552.19	306.416
2550.68	570.624
2549.16	457.807
2547.65	441.96
2546.13	487.07
2544.61	416.158
2543.1	555.213
2541.58	461.234
2540.07	469.233
2538.55	458.191
2537.03	445.122
2535.51	525.011
2533.99	394.872
2532.48	430.703
2530.96	341.499
2529.44	655.259
2527.92	451.984
2526.4	528.674
2524.88	477.331
2523.36	480.96
2521.83	611.545
2520.31	622.102
2518.79	486.625
2517.27	489.112
2515.74	547.563
2514.22	606.976
2512.7	502.352
2511.17	472.69
2509.65	542.003
2508.12	595.271
2506.6	386.509
2505.07	540.712
2503.55	575.874
2502.02	518.002
2500.49	331.092
2498.97	452.144
2497.44	523.169
2495.91	479.145
2494.38	286.093
2492.85	395.994
2491.32	336.866
2489.8	399.702
2488.27	361.497
2486.74	459.256
2485.2	523.977
2483.67	395.67
2482.14	283.313
2480.61	203.926
2479.08	286.495
2477.55	338.033
2476.01	287.532
2474.48	304.993
2472.95	287.419
2471.41	237.814
2469.88	207.162
2468.34	337.472
2466.81	111.75
2465.27	104.994
2463.74	127.199
2462.2	211.366
2460.66	268.495
2459.12	122.584
2457.59	150.636
2456.05	73.6533
2454.51	104.64
2452.97	128.589
2451.43	-8.50879
2449.89	68.3682
2448.35	113.203
2446.81	46.0039
2445.27	71.7676
2443.73	-33.498
2442.19	24.1904
2440.65	127.854
2439.11	149.469
2437.56	57.0625
2436.02	-44.3848
2434.48	-89.8682
2432.93	-3.38867
2431.39	-44.9404
2429.84	25.4795
2428.3	-122.145
2426.75	-127.797
2425.21	-45.4795
2423.66	132.79
2422.12	53.0322
2420.57	154.244
2419.02	110.434
2417.47	76.5762
2415.93	292.685
2414.38	295.771
2412.83	167.813
2411.28	176.833
2409.73	284.819
2408.18	-62.2227
2406.63	189.698
2405.08	130.587
2403.53	88.46
2401.98	187.285
2400.42	16.0957
2398.87	238.857
2397.32	4.60547
2395.77	118.323
2394.21	250.006
2392.66	271.663
2391.1	225.303
2389.55	140.901
2387.99	284.482
2386.44	-46.9766
2384.88	40.5479
2383.33	272.045
2381.77	176.515
2380.21	138.956
2378.66	46.376
2377.1	82.7646
2375.54	73.1396
2373.98	3.48145
2372.42	-30.1943
2370.86	66.1045
2369.3	44.3838
2367.74	44.6348
2366.18	-26.1338
2364.62	6.07324
2363.06	-87.7334
2361.5	40.4297
2359.94	-115.422
2358.37	-10.29
2356.81	10.8203
2355.25	183.91
2353.68	-73.0254
2352.12	-140.976
2350.56	-23.9336
2348.99	-6.92188
2347.43	-3.91699
2345.86	54.0576
2344.29	19.0273
2342.73	-84.0205
2341.16	-107.085
2339.59	34.8477
2338.03	23.7559
2336.46	8.64551
2334.89	-8.46777
2333.32	88.4053
2331.75	16.2646
2330.18	79.1016
2328.61	33.9473
2327.04	93.7686
2325.47	116.582
2323.9	138.394
2322.33	50.1816
2320.76	33.9766
2319.18	-99.2441
2317.61	-3.48047
2316.04	45.2949
2314.47	248.055
2312.89	195.803
2311.32	131.549
2309.74	-43.7051
2308.17	275.041
2306.59	164.768
2305.02	242.5
2303.44	239.23
2301.86	159.955
2300.29	229.691
2298.71	50.4141
2297.13	296.143
2295.55	248.861
2293.97	391.592
2292.4	382.318
2290.82	267.049
2289.24	270.779
2287.66	227.514
2286.08	183.256
2284.49	66.9941
2282.91	219.748
2281.33	245.5
2279.75	298.262
2278.17	189.027
2276.58	238.799
2275	-78.4219
2273.42	93.3613
2271.83	14.1621
2270.25	209.975
2268.66	92.7813
2267.08	-43.3887
2265.49	-0.554688
2263.91	-59.7051
2262.32	-175.834
2260.73	-143.963
2259.14	22.9297
2257.56	-51.1758
2255.97	337.744
2254.38	89.6797
2252.79	116.629
2251.2	-25.4121
2249.61	115.566
2248.02	188.574
2246.43	75.5859
2244.84	5.62305
2243.25	52.6816
2241.66	-76.2539
2240.07	-93.1582
2238.47	34.9648
2236.88	-120.898
2235.29	-22.7422
2233.69	-36.5566
2232.1	-22.3574
2230.5	141.877
2228.91	133.129
2227.31	140.408
2225.72	120.713
2224.12	160.051
2222.53	215.404
2220.93	71.793
2219.33	164.199
2217.73	270.641
2216.14	257.113
2214.54	25.6113
2212.94	197.141
2211.34	117.707
2209.74	188.295
2208.14	99.9219
2206.54	137.568
2204.94	68.2617
2203.34	72.9824
2201.74	153.734
2200.13	136.525
2198.53	82.3555
2196.93	56.209
2195.33	174.109
2193.72	73.0449
2192.12	-163.992
2190.51	112.014
2188.91	110.068
2187.3	232.15
2185.7	16.2676
2184.09	283.436
2182.48	156.631
2180.88	74.877
2179.27	159.162
2177.66	226.486
2176.05	226.854
2174.45	63.2598
2172.84	29.7168
2171.23	-10.793
2169.62	-54.248
2168.01	223.336
2166.4	122.967
2164.79	147.641
2163.18	147.357
2161.56	11.1211
2159.95	-55.0625
2158.34	226.793
2156.73	128.701
2155.11	177.656
2153.5	39.6602
2151.89	-38.2891
2150.27	240.807
2148.66	26.9629
2147.04	243.16
2145.43	152.414
2143.81	284.717
2142.19	124.068
2140.58	233.473
2138.96	268.926
2137.34	329.426
2135.72	183.98
2134.1	283.598
2132.48	94.2676
2130.86	233.979
2129.25	185.748
2127.63	87.5859
2126	123.463
2124.38	206.396
2122.76	130.393
2121.14	234.43
2119.52	179.537
2117.9	195.695
2116.27	123.908
2114.65	110.178
2113.03	66.502
2111.4	40.8926
2109.78	35.3281
2108.15	133.83
2106.53	145.391
2104.9	-45.9922
2103.27	-34.3223
2101.65	-2.5918
2100.02	89.1973
2098.39	102.049
2096.77	68.9648
2095.14	-7.07617
2093.51	-14.0469
2091.88	68.041
2090.25	-18.8145
2088.62	69.3984
2086.99	56.6621
2085.36	-46.0059
2083.73	-24.625
2082.1	-119.174
2080.46	-97.6641
2078.83	62.9063
2077.2	4.5332
2075.57	-59.7656
2073.93	49.9805
2072.3	-134.199
2070.66	204.678
2069.03	-119.381
2067.4	55.6172
2065.76	25.6758
2064.12	124.795
2062.49	77.9844
2060.85	257.225
2059.21	85.5352
2057.58	111.908
2055.94	13.3359
2054.3	186.83
2052.66	166.383
2051.02	194.004
2049.38	76.6758
2047.74	116.42
2046.1	165.225
2044.46	80.0879
2042.82	92.0117
2041.18	-41.0039
2039.53	-115.957
2037.89	-165.844
2036.25	19.3223
2034.61	77.5547
2032.96	62.8496
2031.32	17.2031
2029.67	173.619
2028.03	86.0996
2026.38	-228.367
2024.74	-63.7656
2023.09	-55.1133
2021.44	89.6055
2019.8	-10.6152
2018.15	-151.779
2016.5	39.125
2014.85	31.082
2013.21	68.1016
2011.56	148.172
2009.91	247.311
2008.26	163.504
2006.61	197.756
2004.96	112.074
2003.3	194.439
2001.65	378.863
2000	373.35
1998.35	96.8945
1996.7	32.4941
1995.04	206.15
1993.39	12.8613
1991.74	78.6348
1990.08	148.455
1988.43	141.34
1986.77	134.277
1985.12	42.2617
1983.46	270.307
1981.8	-94.5859
1980.15	232.564
1978.49	129.77
1976.83	-46.9688
1975.17	213.348
1973.51	-8.28516
1971.86	136.133
1970.2	-20.3965
1968.54	272.121
1966.88	19.6992
1965.22	191.318
1963.55	128.994
1961.89	141.719
1960.23	140.492
1958.57	-12.6875
1956.91	-77.8203
1955.24	206.104
1953.58	-67.9355
1951.92	24.0781
1950.25	-72.8613
1948.59	9.24609
1946.92	46.3945
1945.26	-29.4043
1943.59	165.834
1941.92	47.123
1940.26	161.447
1938.59	4.82031
1936.92	0.236328
1935.25	55.6914
1933.59	65.1953
1931.92	13.7324
1930.25	249.309
1928.58	179.93
1926.91	321.592
1925.24	381.291
1923.57	263.025
1921.9	218.799
1920.22	305.613
1918.55	107.459
1916.88	59.3457
1915.21	-38.7344
1913.53	219.221
1911.86	146.209
1910.18	238.229
1908.51	304.289
1906.83	362.371
1905.16	65.4941
1903.48	106.645
1901.81	241.826
1900.13	239.037
1898.45	215.275
1896.78	78.5488
1895.1	200.842
1893.42	136.168
1891.74	124.52
1890.06	-15.1035
1888.38	60.2969
1886.7	192.721
1885.02	4.17578
1883.34	142.646
1881.66	114.146
1879.98	113.666
1878.3	26.2051
1876.61	107.766
1874.93	-1.6543
1873.25	87.9473
1871.56	-60.4375
1869.88	24.2012
1868.19	128.855
1866.51	29.5254
1864.82	32.209
1863.14	-82.0898
1861.45	84.627
1859.76	92.3535
1858.08	229.096
1856.39	65.8516
1854.7	212.617
1853.01	206.393
1851.32	122.184
1849.63	1.97656
1847.95	-51.2168
1846.25	23.5918
1844.56	132.412
1842.87	68.2383
1841.18	144.076
1839.49	345.91
1837.8	268.748
1836.11	79.5957
1834.41	25.4453
1832.72	21.2969
1831.03	40.1484
1829.33	-191
1827.64	-75.1445
1825.94	-56.2949
1824.25	-66.4434
1822.55	-93.6016
1820.85	133.246
1819.16	-48.9063
1817.46	19.9297
1815.76	14.7598
1814.06	-176.41
1812.36	114.404
1810.67	-96.7813
1808.97	-29.9766
1807.27	-77.1797
1805.57	-24.3867
1803.87	-67.6133
1802.17	237.156
1800.46	177.906
1798.76	30.6504
1797.06	-21.6172
1795.36	-8.89453
1793.65	32.8047
1791.95	21.4902
1790.25	85.166
1788.54	52.8223
1786.84	219.463
1785.13	274.084
1783.43	269.688
1781.72	145.268
1780.01	360.836
1778.31	428.377
1776.6	306.902
1774.89	298.404
1773.18	337.885
1771.47	289.34
1769.77	344.777
1768.06	386.184
1766.35	281.57
1764.64	258.932
1762.92	544.264
1761.21	373.57
1759.5	469.848
1757.79	461.104
1756.08	489.322
1754.36	545.518
1752.65	501.682
1750.94	602.816
1749.22	557.918
1747.51	747.996
1745.79	715.031
1744.08	693.041
1742.36	615.018
1740.65	769.959
1738.93	899.865
1737.21	814.736
1735.49	809.57
1733.78	729.375
1732.06	748.143
1730.34	884.863
1728.62	867.555
1726.9	868.215
1725.18	810.826
1723.46	863.398
1721.74	754.939
1720.02	607.438
1718.3	734.896
1716.57	901.313
1714.85	800.688
1713.13	588.018
1711.41	705.314
1709.68	719.559
1707.96	447.768
1706.23	534.934
1704.51	421.053
1702.78	571.137
1701.05	413.166
1699.33	536.156
1697.6	638.094
1695.87	651.994
1694.15	533.846
1692.42	417.65
1690.69	380.416
1688.96	316.127
1687.23	407.797
1685.5	595.418
1683.77	411.99
1682.04	563.514
1680.31	503.988
1678.58	586.414
1676.85	460.797
1675.11	566.131
1673.38	466.414
1671.65	334.646
1669.91	664.83
1668.18	465.963
1666.44	847.051
1664.71	658.08
1662.97	636.066
1661.24	662.002
1659.5	654.885
1657.76	731.717
1656.03	743.506
1654.29	990.234
1652.55	973.918
1650.81	984.551
1649.07	829.131
1647.33	768.658
1645.59	694.133
1643.85	630.566
1642.11	551.936
1640.37	690.262
1638.63	751.537
1636.89	614.758
1635.15	908.936
1633.4	1147.05
1631.66	928.127
1629.92	1193.14
1628.17	1206.11
1626.43	1207.02
1624.68	1373.89
1622.94	1252.71
1621.19	1606.47
1619.45	1637.19
1617.7	1976.85
1615.95	2046.46
1614.21	1955.03
1612.46	1801.54
1610.71	1959
1608.96	1984.42
1607.21	2264.78
1605.46	2424.1
1603.71	2341.37
1601.96	2295.58
1600.21	2149.75
1598.46	2342.88
1596.71	2117.94
1594.95	2279.97
1593.2	2482.95
1591.45	2212.88
1589.7	2290.77
1587.94	2379.6
1586.19	2534.4
1584.43	2709.15
1582.68	2674.85
1580.92	2925.51
1579.16	2673.12
1577.41	2791.68
1575.65	2346.21
1573.89	2373.69
1572.13	2152.12
1570.38	2103.51
1568.62	1937.87
1566.86	2010.18
1565.1	1868.44
1563.34	1518.67
1561.58	1527.86
1559.82	1390.01
1558.06	1215.12
1556.29	1471.18
1554.53	1259.22
1552.77	1052.21
1551.01	1250.17
1549.24	826.09
1547.48	968.973
1545.71	1083.82
1543.95	988.639
1542.18	1074.41
1540.42	799.162
1538.65	905.875
1536.89	847.557
1535.12	615.203
1533.35	620.816
1531.58	617.408
1529.82	669.969
1528.05	577.488
1526.28	609.988
1524.51	687.469
1522.74	747.912
1520.97	773.324
1519.2	919.721
1517.42	824.092
1515.65	935.436
1513.88	1054.76
1512.11	938.049
1510.33	791.322
1508.56	716.58
1506.79	770.816
1505.01	845.033
1503.24	869.229
1501.46	1020.4
1499.69	811.561
1497.91	976.709
1496.13	616.83
1494.36	516.945
1492.58	731.043
1490.8	579.129
1489.02	826.209
1487.24	771.268
1485.46	1219.32
1483.68	939.367
1481.9	1073.4
1480.12	1047.43
1478.34	1176.44
1476.56	1127.46
1474.78	1329.46
1473	1129.46
1471.21	1244.46
1469.43	1207.46
1467.65	1361.45
1465.86	1337.45
1464.08	1159.44
1462.29	1731.43
1460.51	1587.43
1458.72	1143.43
1456.93	1177.43
1455.15	1323.44
1453.36	1269.45
1451.57	1108.47
1449.79	1186.5
1448	1112.54
1446.21	1271.58
1444.42	1181.63
1442.63	1199.7
1440.84	1168.78
1439.05	1088.88
1437.26	960.98
1435.46	876.1
1433.67	760.232
1431.88	1093.39
1430.09	985.553
1428.29	1250.74
1426.5	1376.95
1424.71	1289.18
1422.91	1370.43
1421.12	1633.71
1419.32	1679.01
1417.52	1812.32
1415.73	1885.67
1413.93	1671.04
1412.13	1369.45
1410.34	1470.87
1408.54	1280.33
1406.74	1093.82
1404.94	1219.33
1403.14	1192.88
1401.34	1084.46
1399.54	1228.07
1397.74	1255.72
1395.94	1391.41
1394.14	1245.13
1392.33	1429.89
1390.53	1566.68
1388.73	1805.51
1386.92	1852.39
1385.12	2254.31
1383.32	2312.26
1381.51	2663.26
1379.7	2842.3
1377.9	3228.38
1376.09	3580.52
1374.29	4002.69
1372.48	3887.92
1370.67	3966.18
1368.86	3636.5
1367.05	3339.86
1365.25	2970.28
1363.44	2572.74
1361.63	2425.25
1359.82	2037.82
1358.01	1794.45
1356.19	1689.12
1354.38	1561.85
1352.57	1561.63
1350.76	1617.46
1348.95	1209.36
1347.13	1264.31
1345.32	1434.32
1343.5	1338.38
1341.69	1387.51
1339.87	1671.69
1338.06	1846.94
1336.24	1677.24
1334.43	1725.6
1332.61	2184.03
1330.79	2533.52
1328.97	2821.07
1327.16	3028.69
1325.34	3616.36
1323.52	3332.1
1321.7	3710.91
1319.88	3656.78
1318.06	3894.72
1316.24	4072.72
1314.41	4092.79
1312.59	4103.94
1310.77	4089.14
1308.95	3492.41
1307.12	3267.75
1305.3	2634.16
1303.48	2498.64
1301.65	2105.18
1299.83	1655.8
1298	1965.49
1296.18	2085.24
1294.35	1910.07
1292.52	1681.97
1290.69	1321.93
1288.87	1565.97
1287.04	1500.07
1285.21	1635.25
1283.38	1496.5
1281.55	1542.82
1279.72	1430.22
1277.89	1697.68
1276.06	1116.22
1274.23	1431.82
1272.4	1398.5
1270.57	1431.25
1268.73	1512.07
1266.9	1447.96
1265.07	1324.93
1263.23	1493.96
1261.4	1497.06
1259.56	1463.24
1257.73	1294.48
1255.89	937.799
1254.06	902.188
1252.22	666.639
1250.38	449.162
1248.54	622.764
1246.71	505.426
1244.87	573.16
1243.03	606.957
1241.19	451.826
1239.35	698.762
1237.51	715.771
1235.67	892.84
1233.83	907.979
1231.98	968.176
1230.14	881.443
1228.3	701.775
1226.46	746.178
1224.61	329.633
1222.77	573.16
1220.92	393.738
1219.08	324.385
1217.23	138.092
1215.39	357.863
1213.54	223.688
1211.7	-185.426
1209.85	19.5195
1208	-279.48
1206.15	-77.4258
1204.3	39.6816
1202.45	115.844
1200.61	382.066
1198.76	665.34
1196.91	984.662
1195.05	1269.03
1193.2	1437.46
1191.35	1010.93
1189.5	723.443
1187.65	891.01
1185.79	487.621
1183.94	418.271
1182.09	135.975
1180.23	278.709
1178.38	-121.51
1176.52	-26.6895
1174.67	-156.834
1172.81	-6.94336
1170.95	-101.018
1169.1	168.945
1167.24	320.941
1165.38	556.969
1163.52	642.023
1161.66	684.105
1159.8	801.213
1157.94	874.352
1156.08	1038.51
1154.22	1221.69
1152.36	1129.89
1150.5	915.115
1148.64	1052.35
1146.77	556.607
1144.91	342.877
1143.05	414.154
1141.18	395.451
1139.32	214.75
1137.45	277.055
1135.59	253.371
1133.72	47.6895
1131.86	-40.9902
1129.99	-8.67188
1128.12	-177.357
1126.25	11.9609
1124.39	-126.736
1122.52	-116.434
1120.65	-153.143
1118.78	-178.865
1116.91	-161.594
1115.04	-8.3457
1113.17	-249.111
1111.3	113.102
1109.42	39.2949
1107.55	162.461
1105.68	-86.3926
1103.81	-258.281
1101.93	-375.195
1100.06	-65.1406
1098.18	-151.125
1096.31	146.855
1094.43	104.801
1092.56	414.699
1090.68	298.559
1088.8	843.371
1086.93	597.135
1085.05	891.848
1083.17	581.512
1081.29	711.115
1079.41	481.668
1077.53	213.156
1075.65	176.586
1073.77	138.953
1071.89	-103.752
1070.01	-316.52
1068.13	-173.361
1066.24	-45.2773
1064.36	-64.2715
1062.48	91.6621
1060.59	-60.4941
1058.71	-171.729
1056.83	-134.049
1054.94	-75.4609
1053.05	-313.963
1051.17	-104.555
1049.28	42.75
1047.39	-85.0371
1045.51	98.0723
1043.62	-7.92383
1041.73	35.9746
1039.84	70.7695
1037.95	17.4512
1036.06	118.012
1034.17	190.471
1032.28	284.801
1030.39	65.0078
1028.5	247.098
1026.61	128.053
1024.71	210.885
1022.82	358.584
1020.93	385.156
1019.03	422.582
1017.14	249.875
1015.24	93.0176
1013.35	391.021
1011.45	352.879
1009.56	433.594
1007.66	551.146
1005.76	616.553
1003.86	386.799
1001.97	703.887
1000.07	839.811
998.167	663.568
996.268	806.168
994.368	908.596
992.466	533.842
990.565	744.92
988.664	603.832
986.762	624.553
984.86	1226.1
982.957	1423.46
981.053	2023.63
979.15	2511.62
977.245	2780.41
975.34	2430.01
973.435	2080.42
971.53	1848.63
969.624	1566.64
967.717	1109.45
965.809	950.049
963.902	710.451
961.994	596.643
960.086	572.621
958.177	709.385
956.267	770.932
954.357	614.26
952.447	796.377
950.536	737.271
948.625	742.941
946.713	488.383
944.8	890.594
942.888	659.586
940.974	556.334
939.061	705.857
937.147	636.145
935.233	871.205
933.317	590.014
931.402	853.592
929.485	1161.91
927.569	1013
925.652	1055.84
923.735	894.445
921.817	942.787
919.899	837.887
917.98	1044.73
916.061	932.328
914.141	1090.66
912.22	932.742
910.3	1266.57
908.378	912.133
906.456	1066.44
904.534	1031.48
902.612	1270.28
900.689	1014.8
898.766	1275.06
896.841	1219.04
894.916	1400.77
892.991	1499.22
891.066	1448.42
889.14	1319.34
887.214	1627.99
885.287	1817.38
883.36	1739.48
881.432	1628.32
879.504	1841.89
877.575	1846.18
875.646	1654.2
873.716	1660.95
871.786	1873.42
869.855	1509.61
867.924	1764.54
865.992	1336.17
864.06	1466.54
862.128	1309.64
860.194	1538.45
858.261	1350.01
856.327	1276.27
854.393	1428.26
852.458	1319.98
850.522	1544.42
848.586	1331.58
846.65	1386.48
844.714	1518.1
842.776	1421.43
840.838	1381.5
838.901	1324.31
836.961	1548.83
835.023	1607.09
833.082	1258.07
831.142	1650.78
829.202	1202.22
827.261	1165.42
825.319	1254.32
823.377	1131.97
821.434	922.336
819.491	956.453
817.548	747.32
815.604	783.91
813.66	500.25
811.715	968.313
809.769	983.137
807.823	853.699
805.878	921.023
803.93	712.074
801.983	760.895
800.035	470.441
798.087	506.758
796.139	584.848
794.189	880.672
792.24	543.273
790.289	667.609
788.339	679.73
786.387	476.617
784.436	554.285
782.484	555.703
780.532	638.914
778.578	370.875
776.624	352.633
774.671	626.191
772.716	468.508
770.762	574.633
768.806	475.52
766.85	595.223
764.893	530.715
762.937	565.027
760.979	484.113
759.022	373.027
757.064	239.746
755.105	411.277
753.145	442.613
751.185	148.77
749.226	204.77
747.264	208.566
745.303	106.215
743.341	141.695
741.38	56.0273
739.417	238.176
737.454	55.1914
735.49	368.051
733.526	414.762
731.562	355.328
729.596	369.75
727.631	402.055
725.665	613.227
723.699	518.273
721.732	339.191
719.764	-0.0117188
717.797	294.695
715.828	303.266
713.859	34.75
711.889	-145.867
709.919	123.418
707.949	207.633
705.978	124.738
704.007	409.777
702.035	-126.258
700.063	117.629
698.091	-291.527
696.117	-130.773
694.143	-37.0508
692.169	179.613
690.194	210.227
688.219	209.793
686.244	195.348
684.267	308.844
682.291	27.3359
680.314	25.8008
678.336	-169.754
676.358	-282.297
674.379	-50.8711
672.4	-257.426
670.421	-184.977
668.441	125.477
666.46	-340.055
664.479	-473.547
662.497	-102.035
660.516	-200.473
658.533	-238.879
656.55	-190.242
654.567	-516.539
652.583	-83.8086
650.598	-280
648.614	43.8711
646.628	-268.191
644.643	-184.156
642.656	190.93
640.669	-111.879
638.682	-8.59766
636.694	-287.227
634.706	116.246
632.717	-22.1523
630.728	-164.469
628.738	-86.6445
626.748	-62.7031
624.757	-92.6328
622.766	-92.4141
620.774	-17.0781
618.782	61.418
616.789	-53.9414
614.796	-297.148
612.802	-156.195
610.808	3.93359
608.814	219.234
606.818	500.68
604.822	367.32
602.827	1109.17
600.83	1942.18
598.833	2042.4
596.836	2304.81
594.838	1697.43
592.839	1163.24
590.84	33.2656
588.841	231.523
586.84	-136.023
584.84	86.6719
582.838	-294.41
580.838	-181.242
578.835	-29.8594
576.833	-255.223
574.83	64.6563
572.827	252.777
570.822	412.145
568.818	952.766
566.813	1632.66
564.808	2083.81
562.802	2605.22
560.795	2316.9
558.788	1640.84
556.781	1040.07
554.773	653.578
552.765	528.359
550.756	382.414
548.747	606.75
546.737	741.383
544.726	682.285
542.716	860.488
540.704	996.98
538.692	1045.76
536.68	1058.85
534.667	1248.21
532.654	926.883
530.64	550.852
528.626	305.109
526.611	657.684
524.596	396.535
522.58	222.699
520.564	335.16
518.547	78.918
516.529	167.969
514.512	424.332
512.494	345.992
510.476	83.9453
508.456	343.188
506.436	270.723
504.416	154.551
502.395	35.6797
500.374	274.098
498.353	283.801
496.33	221.785
494.307	82.0508
492.284	83.6055
490.261	295.438
488.237	360.539
486.212	274.91
484.187	175.543
482.161	445.453
480.134	140.602
478.108	231.02
476.081	149.684
474.054	-104.391
472.025	147.754
469.997	75.1445
467.968	68.7617
465.938	207.598
463.908	352.652
461.877	354.91
459.846	301.387
457.814	90.0586
455.782	299.918
453.75	-15.0469
451.716	-106.836
449.683	84.5508
447.649	406.098
445.614	481.789
443.579	184.617
441.543	453.574
439.508	1234.66
437.47	1713.85
435.433	2531.15
433.396	3679.54
431.358	3869.03
429.319	3956.56
427.28	3005.17
425.241	1992.82
423.201	1237.51
421.16	973.211
419.118	873.922
417.077	433.645
415.035	314.348
412.993	383.02
410.949	119.648
408.905	127.215
406.862	-118.277
404.816	-53.875
402.771	-236.559
400.727	75.6484
398.68	-104.289
396.633	67.6172
394.586	-210.629
392.539	-134.055
390.491	-161.688
388.442	7.46094
386.393	113.387
384.344	43.0625
382.293	-55.5547
380.242	-170.449
378.192	157.359
376.14	92.8242
374.088	149.949
372.035	-69.293
369.982	-78.9258
367.928	-289.977
365.874	-426.457
363.82	-177.375
361.765	188.227
359.709	-72.668
357.653	-192.09
355.596	-188.051
353.539	9.43359
351.481	133.313
349.423	293.59
347.364	308.23
345.305	318.223
343.245	306.508
341.185	342.098
339.125	800.945
337.063	330.031
335.001	449.32
332.94	392.816
330.876	351.441
328.813	791.215
326.749	563.09
324.685	596.035
322.621	669.043
320.555	654.047
318.489	542.059
316.423	535.027
314.356	355.922
312.29	163.738
310.221	591.398
308.153	265.922
306.084	184.254
304.015	-5.64063
301.946	104.234
299.875	313.797
297.804	-343.934
295.733	-114.016
293.661	-305.48
291.588	-372.363
289.516	-79.6641
287.443	-117.445
285.369	-133.746
283.295	-496.594
281.22	-241.027
279.144	-273.082
277.068	-97.7539
274.992	-146.117
272.915	73.8008
270.837	226.961
268.76	200.363
266.681	371.895
264.602	480.602
262.523	852.402
260.443	1099.31
258.362	1010.2
256.282	1392.11
254.2	1797.94
252.118	2088.72
250.036	2379.42
247.952	2780.91
245.869	3104.25
243.784	3321.3
241.7	3331.12
239.616	3561.68
237.53	4135.82
235.443	4086.57
233.357	3773.95
231.27	4132.85
229.182	3787.23
227.094	3455.13
225.005	3416.37
222.916	3051.04
220.827	2861.03
218.737	2380.31
216.646	2177.84
214.555	1677.64
212.462	1605.54
210.37	1368.62
208.278	777.785
206.185	663.066
204.091	114.27
201.997	-16.4922
199.902	-253.34
197.807	-507.313
195.711	-918.457
193.615	-447.734
191.517	-910.344
189.42	-412.164
187.322	-637.328
185.224	-369.875
183.125	-694.758
181.025	-656.195
178.926	-911.055
176.825	-727.469
174.724	-601.484
172.623	-467.047
170.521	-539.387
168.418	-170.367
166.315	93.8828
164.212	-108.688
162.108	-1.01563
160.003	-63.3633
157.898	-432.555
155.793	-311.746
153.686	-88.9844
151.58	-385.199
149.473	-326.664
147.365	-560.199
145.257	-81.9609
143.148	-346
141.039	-341.363
138.929	-186.977
136.819	433.996
134.709	737.5
132.597	326.488
130.485	309.91
128.373	327.855
126.26	295
124.147	250.57
122.033	-365.625
119.919	-345.492
117.804	-144.371
115.688	-167.02
113.573	80.3633
111.456	-91.2773
109.339	992
107.222	1038.3
105.103	1015.27
102.985	1366.14
100.866	1037.71
98.7467	899.102
96.6262	-816.094
