3502.52	119.63
3501.25	118.909
3499.98	114.486
3498.71	111.338
3497.44	90.4758
3496.17	80.8785
3494.9	78.5571
3493.62	78.4904
3492.35	56.6886
3491.08	73.1396
3489.8	40.8308
3488.53	57.7711
3487.26	52.9418
3485.98	40.3516
3484.71	33.9878
3483.43	2.84204
3482.16	43.9188
3480.88	-16.7894
3479.6	-42.2911
3478.33	6.40662
3477.05	-13.6909
3475.77	-9.59338
3474.5	-34.3074
3473.22	-43.8341
3471.94	-29.1803
3470.66	-49.3539
3469.38	-69.3495
3468.1	-72.1782
3466.82	-56.8417
3465.54	-81.3467
3464.26	-52.6947
3462.98	-52.8917
3461.7	-49.9415
3460.42	-71.8477
3459.14	-69.6139
3457.86	-56.245
3456.57	-41.7443
3455.29	-72.1161
3454.01	-74.3612
3452.73	-64.4891
3451.44	-76.5004
3450.16	-30.3993
3448.87	-33.1888
3447.59	-42.8729
3446.3	-41.4535
3445.02	-49.9375
3443.73	-34.3271
3442.45	-34.6237
3441.16	-75.8342
3439.88	-47.9602
3438.59	-53.0035
3437.3	-45.9711
3436.01	-68.8638
3434.73	-50.684
3433.44	-69.4375
3432.15	-76.125
3430.86	-43.7523
3429.57	-57.3193
3428.28	-34.8325
3426.99	-29.2916
3425.7	-30.7024
3424.41	-31.0658
3423.12	-8.38647
3421.83	-51.6654
3420.54	-35.9063
3419.24	-39.1132
3417.95	-53.2867
3416.66	-48.4307
3415.37	-64.5486
3414.07	-47.6415
3412.78	-43.7129
3411.48	-36.7661
3410.19	-32.802
3408.9	-41.8241
3407.6	-9.83484
3406.31	-47.8368
3405.01	-10.832
3403.72	-51.8235
3402.42	-34.8132
3401.12	-6.80432
3399.82	17.2024
3398.53	-0.796265
3397.23	-33.8025
3395.93	-7.81812
3394.63	-39.8461
3393.33	29.1132
3392.04	22.0552
3390.74	-21.021
3389.44	8.88245
3388.14	-3.23645
3386.84	-17.3796
3385.53	2.45068
3384.23	22.2538
3382.93	32.0259
3381.63	-10.2341
3380.33	5.4718
3379.03	47.1431
3377.72	-4.224
3376.42	36.3694
3375.12	35.9227
3373.81	39.4324
3372.51	28.8989
3371.2	8.31799
3369.9	23.6908
3368.59	1.01282
3367.29	9.2854
3365.98	25.5042
3364.68	33.6704
3363.37	10.7797
3362.06	21.8337
3360.76	10.8291
3359.45	33.7635
3358.14	26.6381
3356.83	12.4504
3355.52	32.1969
3354.22	7.88025
3352.91	33.4973
3351.6	37.0465
3350.29	8.52649
3348.98	18.9346
3347.67	19.2731
3346.36	8.53931
3345.04	32.7321
3343.73	-1.15015
3342.42	5.89148
3341.11	36.8566
3339.8	31.7438
3338.48	11.5518
3337.17	27.2794
3335.86	52.9264
3334.54	18.4917
3333.23	-18.0261
3331.91	15.3751
3330.6	15.6888
3329.28	39.9165
3327.97	29.0581
3326.65	22.1129
3325.34	45.0822
3324.02	12.9592
3322.7	12.7472
3321.38	40.4482
3320.07	51.0547
3318.75	33.569
3317.43	18.9955
3316.11	48.3241
3314.79	9.56299
3313.47	14.7043
3312.15	-3.24597
3310.83	-7.29614
3309.51	26.5619
3308.19	-15.6761
3306.87	-4.01587
3305.55	-1.44873
3304.23	-24.9803
3302.9	-4.61523
3301.58	-7.34448
3300.26	-32.1727
3298.94	31.8986
3297.61	-15.1355
3296.29	-48.2654
3294.96	-45.4968
3293.64	-46.8292
3292.31	-18.2627
3290.99	-13.799
3289.66	10.5618
3288.34	-14.1794
3287.01	-20.0231
3285.68	-13.9719
3284.36	-33.0221
3283.03	-35.1768
3281.7	-11.4358
3280.37	-33.7983
3279.05	-51.2604
3277.72	-36.8314
3276.39	-35.5078
3275.06	15.7118
3273.73	16.8318
3272.4	-42.1582
3271.07	6.74609
3269.74	50.552
3268.41	38.2462
3267.08	21.842
3265.74	98.3259
3264.41	93.7115
3263.08	96.9834
3261.75	160.159
3260.41	151.222
3259.08	171.187
3257.75	172.038
3256.41	200.793
3255.08	145.443
3253.74	235.98
3252.41	232.42
3251.07	255.756
3249.74	278.987
3248.4	336.113
3247.06	332.126
3245.73	333.045
3244.39	359.86
3243.05	363.57
3241.71	341.175
3240.37	359.68
3239.04	362.078
3237.7	412.375
3236.36	526.57
3235.02	455.662
3233.68	436.651
3232.34	448.547
3231	417.333
3229.66	453.018
3228.31	431.601
3226.97	406.092
3225.63	417.473
3224.29	455.755
3222.94	407.945
3221.6	411.027
3220.26	384.008
3218.91	416.901
3217.57	401.686
3216.23	371.384
3214.88	392.97
3213.53	460.473
3212.19	416.877
3210.84	422.174
3209.5	410.386
3208.15	424.503
3206.8	417.512
3205.46	371.437
3204.11	429.269
3202.76	364.005
3201.41	406.649
3200.06	418.187
3198.71	375.646
3197.36	388.011
3196.01	384.283
3194.66	386.466
3193.31	378.556
3191.96	342.558
3190.61	359.469
3189.26	422.302
3187.91	384.035
3186.56	344.678
3185.2	413.236
3183.85	355.705
3182.5	340.101
3181.14	325.398
3179.79	395.607
3178.44	370.746
3177.08	427.786
3175.73	326.744
3174.37	391.631
3173.01	386.419
3171.66	360.141
3170.3	340.78
3168.95	358.326
3167.59	396.803
3166.23	394.189
3164.87	407.508
3163.51	455.746
3162.16	323.906
3160.8	492.978
3159.44	345.983
3158.08	383.913
3156.72	383.769
3155.36	385.546
3154	404.25
3152.64	385.882
3151.28	414.439
3149.91	449.922
3148.55	426.334
3147.19	397.674
3145.83	411.945
3144.46	437.144
3143.1	462.275
3141.74	412.348
3140.37	375.339
3139.01	449.265
3137.64	471.137
3136.28	480.926
3134.91	467.651
3133.55	476.325
3132.18	375.921
3130.81	432.467
3129.45	375.933
3128.08	428.354
3126.71	363.696
3125.34	388.995
3123.98	368.228
3122.61	428.39
3121.24	365.507
3119.87	414.565
3118.5	325.563
3117.13	358.505
3115.76	343.374
3114.39	384.204
3113.02	371.977
3111.64	371.694
3110.27	331.359
3108.9	325.969
3107.53	391.528
3106.15	366.033
3104.78	294.502
3103.41	316.906
3102.03	290.258
3100.66	289.562
3099.29	257.829
3097.91	330.036
3096.53	332.191
3095.16	223.317
3093.78	279.383
3092.41	269.401
3091.03	170.389
3089.65	237.314
3088.27	239.215
3086.9	358.071
3085.52	240.869
3084.14	309.641
3082.76	269.37
3081.38	197.044
3080	296.692
3078.62	270.304
3077.24	312.875
3075.86	194.407
3074.48	212.899
3073.1	306.343
3071.72	313.762
3070.33	265.148
3068.95	201.498
3067.57	230.828
3066.19	268.11
3064.8	209.356
3063.42	281.572
3062.03	233.754
3060.65	215.921
3059.26	241.042
3057.88	199.13
3056.49	185.205
3055.11	153.235
3053.72	128.238
3052.33	91.2261
3050.95	186.171
3049.56	95.1055
3048.17	27.0117
3046.78	73.8804
3045.4	79.7363
3044.01	122.566
3042.62	171.36
3041.23	121.143
3039.84	65.9053
3038.45	4.64307
3037.06	10.3579
3035.67	48.0532
3034.28	-5.27393
3032.88	27.3813
3031.49	76.0112
3030.1	6.62744
3028.71	-20.7798
3027.31	-15.2036
3025.92	8.35742
3024.52	34.896
3023.13	13.438
3021.74	-40.0557
3020.34	-95.563
3018.95	-60.0693
3017.55	-43.606
3016.16	43.8564
3014.76	-77.7114
3013.36	-53.272
3011.96	-7.86523
3010.57	-16.4575
3009.17	-15.0742
3007.77	-13.686
3006.37	-18.3101
3004.97	-47.9458
3003.57	-2.60791
3002.17	-44.2627
3000.77	-41.9248
2999.37	43.4028
2997.97	44.7207
2996.57	-46.9707
2995.17	-14.6675
2993.77	-15.373
2992.37	-29.083
2990.97	-36.8003
2989.56	-5.52539
2988.16	-73.2354
2986.76	0.0263672
2985.35	72.2891
2983.95	-7.45752
2982.54	35.812
2981.14	17.0591
2979.73	67.3228
2978.33	13.564
2976.92	36.8198
2975.51	12.0576
2974.11	48.3062
2972.7	47.5596
2971.29	-66.2109
2969.89	77.0376
2968.48	44.2847
2967.07	18.5229
2965.66	85.7705
2964.25	66.0181
2962.84	51.2681
2961.43	68.5073
2960.02	71.7573
2958.61	47.0186
2957.2	104.273
2955.79	82.5293
2954.38	120.79
2952.96	176.06
2951.55	285.324
2950.14	523.601
2948.73	198.88
2947.31	145.155
2945.9	130.444
2944.48	188.735
2943.07	192.031
2941.65	171.333
2940.24	317.64
2938.82	141.954
2937.41	213.279
2935.99	210.603
2934.57	229.941
2933.16	206.277
2931.74	282.626
2930.32	159.984
2928.9	100.341
2927.48	213.71
2926.06	165.089
2924.64	155.475
2923.22	157.867
2921.8	187.279
2920.38	211.688
2918.96	177.104
2917.54	160.537
2916.12	188.97
2914.7	221.422
2913.28	169.881
2911.85	150.341
2910.43	139.816
2909.01	233.302
2907.58	191.796
2906.16	159.31
2904.74	145.825
2903.31	184.352
2901.88	182.883
2900.46	143.434
2899.03	192.998
2897.61	196.56
2896.18	139.141
2894.75	108.735
2893.33	176.335
2891.9	308.951
2890.47	222.573
2889.04	200.208
2887.61	186.853
2886.18	204.507
2884.75	154.181
2883.32	234.858
2881.89	161.552
2880.46	223.259
2879.03	231.969
2877.6	196.696
2876.17	224.436
2874.74	286.187
2873.3	248.95
2871.87	260.72
2870.44	147.515
2869.01	267.309
2867.57	192.112
2866.14	238.94
2864.7	358.775
2863.27	282.616
2861.83	266.475
2860.4	210.343
2858.96	354.225
2857.52	224.117
2856.09	340.019
2854.65	243.934
2853.21	187.866
2851.77	219.802
2850.34	154.758
2848.9	226.716
2847.46	222.695
2846.02	104.681
2844.58	174.679
2843.14	207.691
2841.7	223.708
2840.26	127.74
2838.82	126.78
2837.37	111.833
2835.93	104.903
2834.49	20.9756
2833.05	97.0669
2831.6	40.1577
2830.16	25.2715
2828.72	25.3906
2827.27	-18.478
2825.83	-12.3379
2824.38	39.8145
2822.94	-80.0273
2821.49	10.1421
2820.05	14.3306
2818.6	59.5171
2817.15	-60.2778
2815.71	59.9321
2814.26	45.1533
2812.81	3.38623
2811.36	64.6299
2809.91	-61.1221
2808.47	69.1372
2807.02	1.40332
2805.57	72.6875
2804.12	167.972
2802.67	-4.74023
2801.22	-15.4316
2799.76	188.884
2798.31	-25.8013
2796.86	86.5273
2795.41	173.865
2793.96	161.209
2792.5	117.56
2791.05	145.917
2789.6	222.292
2788.14	126.663
2786.69	136.046
2785.23	150.431
2783.78	114.828
2782.32	97.2295
2780.86	-44.3672
2779.41	103.047
2777.95	92.4663
2776.5	88.8999
2775.04	76.3306
2773.58	95.7651
2772.12	67.2139
2770.66	104.656
2769.2	65.1113
2767.74	70.5635
2766.29	253.028
2764.83	178.496
2763.36	87.9668
2761.9	2.44336
2760.44	102.922
2758.98	166.403
2757.52	181.893
2756.06	182.38
2754.59	131.876
2753.13	190.367
2751.67	94.8691
2750.2	124.372
2748.74	272.875
2747.28	258.38
2745.81	183.888
2744.35	74.3955
2742.88	258.91
2741.41	209.421
2739.95	230.938
2738.48	175.448
2737.01	192.965
2735.55	107.482
2734.08	138.999
2732.61	178.519
2731.14	263.032
2729.67	299.547
2728.2	249.061
2726.73	337.571
2725.26	231.09
2723.79	339.6
2722.32	310.112
2720.85	201.625
2719.38	290.136
2717.91	316.642
2716.44	303.145
2714.96	318.646
2713.49	183.145
2712.02	325.645
2710.54	199.134
2709.07	358.622
2707.59	294.111
2706.12	330.599
2704.64	294.078
2703.17	265.555
2701.69	263.025
2700.22	225.494
2698.74	287.953
2697.26	283.409
2695.78	355.865
2694.31	224.311
2692.83	285.757
2691.35	383.194
2689.87	249.626
2688.39	346.043
2686.91	214.462
2685.43	158.883
2683.95	146.286
2682.47	159.681
2680.99	314.076
2679.51	170.457
2678.03	214.839
2676.54	350.201
2675.06	187.564
2673.58	238.918
2672.09	139.266
2670.61	175.604
2669.13	274.938
2667.64	356.254
2666.16	217.562
2664.67	305.867
2663.18	428.156
2661.7	314.44
2660.21	358.717
2658.72	361.982
2657.24	360.235
2655.75	359.478
2654.26	214.712
2652.77	244.939
2651.28	374.149
2649.8	365.353
2648.31	375.54
2646.82	340.723
2645.33	331.892
2643.84	351.047
2642.34	542.193
2640.85	439.323
2639.36	466.442
2637.87	443.558
2636.38	441.649
2634.88	422.741
2633.39	459.806
2631.9	464.868
2630.4	497.914
2628.91	458.948
2627.41	550.968
2625.92	489.976
2624.42	529.976
2622.93	514.95
2621.43	450.924
2619.93	358.871
2618.44	284.811
2616.94	396.737
2615.44	448.648
2613.94	468.547
2612.44	280.427
2610.95	417.294
2609.45	449.145
2607.95	384.985
2606.45	354.804
2604.95	402.615
2603.44	335.41
2601.94	353.192
2600.44	416.954
2598.94	477.702
2597.44	291.434
2595.93	369.148
2594.43	485.853
2592.93	487.536
2591.42	470.209
2589.92	510.854
2588.42	545.496
2586.91	481.12
2585.4	543.723
2583.9	627.312
2582.39	494.883
2580.89	548.446
2579.38	431.985
2577.87	520.513
2576.36	592.016
2574.86	555.508
2573.35	587.985
2571.84	547.444
2570.33	565.885
2568.82	409.308
2567.31	492.723
2565.8	422.112
2564.29	341.491
2562.78	538.845
2561.27	540.186
2559.75	563.513
2558.24	405.821
2556.73	433.111
2555.22	433.383
2553.7	401.64
2552.19	426.885
2550.68	253.104
2549.16	204.313
2547.65	388.506
2546.13	431.671
2544.61	311.827
2543.1	224.966
2541.58	204.086
2540.07	137.197
2538.55	220.283
2537.03	184.358
2535.51	382.408
2533.99	173.447
2532.48	219.471
2530.96	226.477
2529.44	379.464
2527.92	330.433
2526.4	205.384
2524.88	267.321
2523.36	308.246
2521.83	270.147
2520.31	235.037
2518.79	379.912
2517.27	356.77
2515.74	314.61
2514.22	412.433
2512.7	374.237
2511.17	424.024
2509.65	407.806
2508.12	282.562
2506.6	310.308
2505.07	371.04
2503.55	360.751
2502.02	458.449
2500.49	533.131
2498.97	317.796
2497.44	359.454
2495.91	260.086
2494.38	361.711
2492.85	340.313
2491.32	351.906
2489.8	448.486
2488.27	314.048
2486.74	337.597
2485.2	316.129
2483.67	235.656
2482.14	255.158
2480.61	278.651
2479.08	350.127
2477.55	78.5928
2476.01	189.045
2474.48	276.481
2472.95	176.907
2471.41	118.326
2469.88	117.723
2468.34	10.1055
2466.81	50.4814
2465.27	-138.153
2463.74	-33.8008
2462.2	34.5371
2460.66	-50.1377
2459.12	-56.8262
2457.59	-117.527
2456.05	-28.2373
2454.51	-62.9541
2452.97	-0.682617
2451.43	23.5703
2449.89	-60.1797
2448.35	22.0557
2446.81	-20.7168
2445.27	-16.501
2443.73	62.71
2442.19	-4.09668
2440.65	76.0957
2439.11	66.2676
2437.56	-34.5576
2436.02	11.6035
2434.48	5.75488
2432.93	-31.1035
2431.39	-22.9678
2429.84	-152.835
2428.3	-18.7178
2426.75	-30.6035
2425.21	14.5059
2423.66	5.59668
2422.12	-12.3145
2420.57	-0.229492
2419.02	46.8584
2417.47	-122.072
2415.93	-35.0107
2414.38	-4.94531
2412.83	-85.8975
2411.28	-111.846
2409.73	23.2002
2408.18	-138.757
2406.63	-36.7236
2405.08	0.304688
2403.53	34.3408
2401.98	158.358
2400.42	120.385
2398.87	60.3926
2397.32	148.41
2395.77	-101.576
2394.21	-36.5703
2392.66	5.43555
2391.1	8.44922
2389.55	-10.5518
2387.99	89.4561
2386.44	150.45
2384.88	-29.5469
2383.33	227.454
2381.77	50.4531
2380.21	-34.5498
2378.66	-8.5498
2377.1	40.4463
2375.54	-12.5488
2373.98	-49.5508
2372.42	-51.5449
2370.86	70.46
2369.3	236.47
2367.74	144.476
2366.18	111.487
2364.62	131.5
2363.06	93.5215
2361.5	111.537
2359.94	84.5625
2358.37	240.595
2356.81	21.6289
2355.25	-28.334
2353.68	-24.2969
2352.12	-80.2529
2350.56	68.8057
2348.99	79.8584
2347.43	51.9258
2345.86	102.988
2344.29	100.065
2342.73	4.14844
2341.16	106.237
2339.59	69.3418
2338.03	-67.5537
2336.46	-186.446
2334.89	-97.3213
2333.32	18.8105
2331.75	-12.0508
2330.18	-95.9102
2328.61	16.2549
2327.04	87.418
2325.47	-77.4063
2323.9	-65.2148
2322.33	-36.0254
2320.76	-66.8115
2319.18	-80.5918
2317.61	26.6309
2316.04	91.8809
2314.47	9.13574
2312.89	55.3975
2311.32	39.6738
2309.74	151.968
2308.17	314.278
2306.59	49.5898
2305.02	-12.0791
2303.44	61.2676
2301.86	142.624
2300.29	85.0078
2298.71	74.3936
2297.13	144.801
2295.55	94.2158
2293.97	188.654
2292.4	151.104
2290.82	218.573
2289.24	149.057
2287.66	113.556
2286.08	130.078
2284.49	46.6084
2282.91	123.166
2281.33	181.736
2279.75	-122.674
2278.17	160.934
2276.58	-83.4414
2275	-59.7988
2273.42	46.8613
2271.83	84.5469
2270.25	25.2529
2268.66	-93.0313
2267.08	-60.2871
2265.49	54.4736
2263.91	-38.7441
2262.32	-120.932
2260.73	158.891
2259.14	214.74
2257.56	181.603
2255.97	236.496
2254.38	163.41
2252.79	148.346
2251.2	30.2988
2249.61	175.277
2248.02	298.287
2246.43	-48.6914
2244.84	289.359
2243.25	83.4355
2241.66	175.525
2240.07	168.647
2238.47	168.799
2236.88	177.968
2235.29	278.16
2233.69	240.382
2232.1	212.622
2230.5	253.896
2228.91	440.19
2227.31	244.513
2225.72	304.86
2224.12	157.239
2222.53	221.637
2220.93	220.065
2219.33	342.514
2217.73	167.994
2216.14	52.5039
2214.54	130.036
2212.94	163.598
2211.34	208.192
2209.74	216.807
2208.14	403.455
2206.54	366.12
2204.94	128.825
2203.34	274.554
2201.74	289.31
2200.13	194.097
2198.53	175.917
2196.93	162.757
2195.33	59.6328
2193.72	359.537
2192.12	127.464
2190.51	236.425
2188.91	168.423
2187.3	122.44
2185.7	178.487
2184.09	226.572
2182.48	489.676
2180.88	307.818
2179.27	358.99
2177.66	327.19
2176.05	277.421
2174.45	90.6797
2172.84	257.975
2171.23	338.293
2169.62	226.649
2168.01	356.033
2166.4	236.449
2164.79	258.896
2163.18	275.369
2161.56	235.875
2159.95	352.418
2158.34	166.984
2156.73	374.586
2155.11	297.219
2153.5	185.885
2151.89	240.578
2150.27	296.301
2148.66	313.063
2147.04	324.85
2145.43	339.672
2143.81	337.525
2142.19	415.41
2140.58	176.322
2138.96	429.268
2137.34	323.24
2135.72	106.244
2134.1	138.289
2132.48	111.363
2130.86	56.459
2129.25	139.592
2127.63	101.766
2126	-37.041
2124.38	122.186
2122.76	25.4473
2121.14	181.73
2119.52	285.055
2117.9	300.408
2116.27	272.789
2114.65	125.201
2113.03	418.643
2111.4	271.123
2109.78	319.625
2108.15	130.164
2106.53	185.734
2104.9	157.332
2103.27	341.957
2101.65	205.615
2100.02	145.301
2098.39	152.021
2096.77	76.7754
2095.14	280.545
2093.51	49.3555
2091.88	194.191
2090.25	4.05664
2088.62	257.959
2086.99	70.8809
2085.36	319.838
2083.73	185.814
2082.1	39.8281
2080.46	7.87109
2078.83	260.939
2077.2	161.033
2075.57	203.164
2073.93	377.313
2072.3	314.498
2070.66	493.707
2069.03	344.945
2067.4	543.209
2065.76	269.496
2064.12	267.811
2062.49	466.16
2060.85	475.525
2059.21	501.924
2057.58	502.35
2055.94	388.795
2054.3	225.27
2052.66	432.768
2051.02	309.297
2049.38	316.84
2047.74	491.418
2046.1	451.02
2044.46	444.643
2042.82	280.289
2041.18	292.957
2039.53	193.648
2037.89	451.369
2036.25	187.105
2034.61	270.871
2032.96	278.656
2031.32	306.465
2029.67	132.293
2028.03	230.148
2026.38	-26.9805
2024.74	16.916
2023.09	135.824
2021.44	192.76
2019.8	350.717
2018.15	159.689
2016.5	345.689
2014.85	334.701
2013.21	296.736
2011.56	340.783
2009.91	316.855
2008.26	513.943
2006.61	502.047
2004.96	486.176
2003.3	596.314
2001.65	627.469
2000	367.643
1998.35	359.834
1996.7	427.039
1995.04	444.26
1993.39	327.494
1991.74	310.75
1990.08	475.01
1988.43	396.293
1986.77	312.586
1985.12	225.887
1983.46	257.205
1981.8	142.541
1980.15	240.883
1978.49	107.236
1976.83	215.605
1975.17	188.984
1973.51	53.373
1971.86	61.7734
1970.2	73.1816
1968.54	164.598
1966.88	365.029
1965.22	327.465
1963.55	382.91
1961.89	504.365
1960.23	283.826
1958.57	260.295
1956.91	154.768
1955.24	270.256
1953.58	178.738
1951.92	328.234
1950.25	234.736
1948.59	195.24
1946.92	380.748
1945.26	541.266
1943.59	371.781
1941.92	356.305
1940.26	556.824
1938.59	289.35
1936.92	302.879
1935.25	462.408
1933.59	383.943
1931.92	328.473
1930.25	374.002
1928.58	384.537
1926.91	516.07
1925.24	398.602
1923.57	425.133
1921.9	373.66
1920.22	338.191
1918.55	281.713
1916.88	69.2383
1915.21	139.758
1913.53	194.273
1911.86	85.7832
1910.18	285.289
1908.51	230.797
1906.83	224.289
1905.16	224.783
1903.48	154.271
1901.81	197.75
1900.13	252.223
1898.45	-19.3145
1896.78	231.146
1895.1	1.59375
1893.42	15.0371
1891.74	127.471
1890.06	35.8945
1888.38	58.3066
1886.7	113.707
1885.02	90.1055
1883.34	181.484
1881.66	-48.1426
1879.98	-27.7832
1878.3	3.56445
1876.61	-62.1016
1874.93	137.219
1873.25	103.531
1871.56	87.8242
1869.88	245.107
1868.19	173.375
1866.51	200.629
1864.82	221.863
1863.14	165.086
1861.45	-134.705
1859.76	-178.52
1858.08	98.6563
1856.39	30.8145
1854.7	71.9531
1853.01	217.074
1851.32	99.1816
1849.63	207.266
1847.95	114.334
1846.25	162.377
1844.56	144.406
1842.87	-20.5859
1841.18	286.408
1839.49	305.375
1837.8	273.318
1836.11	217.248
1834.41	146.154
1832.72	219.039
1831.03	95.9004
1829.33	77.7383
1827.64	-179.441
1825.94	26.3477
1824.25	-139.879
1822.55	-24.1387
1820.85	-167.414
1819.16	-224.709
1817.46	16.9629
1815.76	-48.3906
1814.06	-137.762
1812.36	-192.168
1810.67	-243.592
1808.97	-163.043
1807.27	-282.521
1805.57	-116.02
1803.87	-8.55469
1802.17	-43.1074
1800.46	-51.6973
1798.76	23.6914
1797.06	-91.9453
1795.36	-126.607
1793.65	22.6973
1791.95	-18.0293
1790.25	-49.7754
1788.54	-54.5527
1786.84	-108.359
1785.13	104.803
1783.43	227.936
1781.72	237.037
1780.01	147.117
1778.31	319.158
1776.6	329.178
1774.89	225.164
1773.18	65.1191
1771.47	205.043
1769.77	135.945
1768.06	223.807
1766.35	280.643
1764.64	335.449
1762.92	306.223
1761.21	293.965
1759.5	340.674
1757.79	284.359
1756.08	464.004
1754.36	492.625
1752.65	481.213
1750.94	448.768
1749.22	507.291
1747.51	495.789
1745.79	629.248
1744.08	505.68
1742.36	692.08
1740.65	778.447
1738.93	568.781
1737.21	716.082
1735.49	657.352
1733.78	680.596
1732.06	618.807
1730.34	719.977
1728.62	664.123
1726.9	697.244
1725.18	441.324
1723.46	401.373
1721.74	370.396
1720.02	390.387
1718.3	115.346
1716.57	72.2715
1714.85	82.166
1713.13	-20.9727
1711.41	161.865
1709.68	198.664
1707.96	9.4375
1706.23	128.18
1704.51	2.89258
1702.78	24.5801
1701.05	65.2266
1699.33	20.8535
1697.6	58.4395
1695.87	-121.996
1694.15	-82.4629
1692.42	102.041
1690.69	-32.4785
1688.96	-59.0352
1687.23	182.387
1685.5	170.779
1683.77	147.141
1682.04	11.4746
1680.31	192.781
1678.58	177.057
1676.85	173.314
1675.11	257.543
1673.38	39.7441
1671.65	96.916
1669.91	23.0625
1668.18	311.184
1666.44	193.285
1664.71	196.354
1662.97	58.4023
1661.24	335.428
1659.5	247.426
1657.76	132.4
1656.03	218.359
1654.29	325.287
1652.55	543.197
1650.81	445.086
1649.07	623.949
1647.33	224.793
1645.59	321.611
1643.85	202.42
1642.11	419.199
1640.37	434.963
1638.63	338.709
1636.89	81.4355
1635.15	307.148
1633.4	373.838
1631.66	239.514
1629.92	353.166
1628.17	443.807
1626.43	676.432
1624.68	926.041
1622.94	900.643
1621.19	811.221
1619.45	799.793
1617.7	992.348
1615.95	1066.89
1614.21	1141.42
1612.46	1156.94
1610.71	1370.45
1608.96	1220.95
1607.21	1391.44
1605.46	1462.92
1603.71	1736.39
1601.96	1506.86
1600.21	1525.31
1598.46	1620.77
1596.71	1634.21
1594.95	1398.65
1593.2	1425.08
1591.45	1532.51
1589.7	1597.95
1587.94	1610.37
1586.19	1937.8
1584.43	1933.22
1582.68	1770.64
1580.92	2039.07
1579.16	1882.49
1577.41	1947.91
1575.65	1483.34
1573.89	1505.77
1572.13	1400.2
1570.38	1141.64
1568.62	858.086
1566.86	1059.53
1565.1	1033.98
1563.34	823.451
1561.58	607.924
1559.82	741.404
1558.06	531.893
1556.29	451.391
1554.53	567.906
1552.77	389.426
1551.01	233.965
1549.24	249.516
1547.48	381.08
1545.71	178.656
1543.95	401.258
1542.18	369.865
1540.42	385.498
1538.65	121.148
1536.89	227.816
1535.12	80.502
1533.35	23.207
1531.58	44.9434
1529.82	410.699
1528.05	195.469
1526.28	210.27
1524.51	307.104
1522.74	285.953
1520.97	318.828
1519.2	213.738
1517.42	204.676
1515.65	183.639
1513.88	352.633
1512.11	335.656
1510.33	210.711
1508.56	120.805
1506.79	129.932
1505.01	-72.9082
1503.24	182.285
1501.46	128.514
1499.69	41.7773
1497.91	270.088
1496.13	233.426
1494.36	106.813
1492.58	-3.76367
1490.8	-80.2969
1489.02	12.2168
1487.24	65.7656
1485.46	217.365
1483.68	182.008
1481.9	434.695
1480.12	431.43
1478.34	434.209
1476.56	379.045
1474.78	499.918
1473	394.85
1471.21	377.832
1469.43	395.865
1467.65	538.949
1465.86	710.094
1464.08	842.283
1462.29	742.535
1460.51	727.842
1458.72	798.207
1456.93	720.627
1455.15	782.111
1453.36	706.646
1451.57	566.25
1449.79	670.912
1448	720.637
1446.21	642.422
1444.42	496.27
1442.63	625.189
1440.84	132.172
1439.05	212.223
1437.26	234.336
1435.46	76.5176
1433.67	366.766
1431.88	355.09
1430.09	476.477
1428.29	590.939
1426.5	681.473
1424.71	776.078
1422.91	779.754
1421.12	896.512
1419.32	837.344
1417.52	1130.24
1415.73	1121.22
1413.93	1074.28
1412.13	862.416
1410.34	708.625
1408.54	794.92
1406.74	820.295
1404.94	774.746
1403.14	597.279
1401.34	481.893
1399.54	459.586
1397.74	426.369
1395.94	635.236
1394.14	557.184
1392.33	595.217
1390.53	770.334
1388.73	878.537
1386.92	1148.83
1385.12	1270.21
1383.32	1377.68
1381.51	1636.23
1379.7	1950.88
1377.9	2410.61
1376.09	2993.43
1374.29	3306.35
1372.48	3338.35
1370.67	3206.45
1368.86	3156.63
1367.05	2682.91
1365.25	2468.29
1363.44	2017.75
1361.63	1632.31
1359.82	1214.96
1358.01	1268.71
1356.19	878.555
1354.38	776.494
1352.57	627.523
1350.76	577.652
1348.95	761.877
1347.13	476.195
1345.32	702.617
1343.5	770.127
1341.69	840.74
1339.87	1016.45
1338.06	1021.26
1336.24	992.16
1334.43	1297.16
1332.61	1562.26
1330.79	1738.46
1328.97	2010.76
1327.16	2406.15
1325.34	2616.65
1323.52	2585.24
1321.7	2838.93
1319.88	3019.72
1318.06	3063.61
1316.24	3628.59
1314.41	3421.68
1312.59	3786.87
1310.77	3547.15
1308.95	3013.53
1307.12	2773.01
1305.3	2337.59
1303.48	1887.27
1301.65	1756.04
1299.83	1159.92
1298	977.895
1296.18	1070.96
1294.35	1189.13
1292.52	750.396
1290.69	850.756
1288.87	757.217
1287.04	840.768
1285.21	880.418
1283.38	1058.16
1281.55	774.006
1279.72	957.945
1277.89	784.975
1276.06	884.102
1274.23	698.32
1272.4	849.633
1270.57	1055.04
1268.73	862.533
1266.9	1093.13
1265.07	779.805
1263.23	1151.58
1261.4	1071.44
1259.56	813.387
1257.73	896.424
1255.89	431.553
1254.06	524.768
1252.22	321.064
1250.38	477.451
1248.54	132.926
1246.71	-101.52
1244.87	239.121
1243.03	251.842
1241.19	299.646
1239.35	131.531
1237.51	416.498
1235.67	487.541
1233.83	869.666
1231.98	753.863
1230.14	476.141
1228.3	541.492
1226.46	196.92
1224.61	358.418
1222.77	376.99
1220.92	116.631
1219.08	234.344
1217.23	260.125
1215.39	261.975
1213.54	107.889
1211.7	-90.1309
1209.85	-32.0859
1208	-160.979
1206.15	-192.811
1204.3	-113.584
1202.45	-67.2988
1200.61	152.047
1198.76	570.447
1196.91	733.902
1195.05	1182.41
1193.2	1337.97
1191.35	976.58
1189.5	643.236
1187.65	311.943
1185.79	108.695
1183.94	69.4902
1182.09	68.3301
1180.23	-145.793
1178.38	-119.873
1176.52	-56.916
1174.67	21.0762
1172.81	277.102
1170.95	113.16
1169.1	153.25
1167.24	82.3691
1165.38	230.516
1163.52	293.688
1161.66	338.883
1159.8	558.098
1157.94	489.336
1156.08	840.592
1154.22	867.861
1152.36	921.146
1150.5	868.445
1148.64	868.754
1146.77	632.07
1144.91	458.393
1143.05	360.719
1141.18	171.049
1139.32	8.37891
1137.45	189.705
1135.59	194.029
1133.72	152.348
1131.86	36.6563
1129.99	15.9551
1128.12	20.2402
1126.25	105.514
1124.39	39.7676
1122.52	-152.998
1120.65	-234.783
1118.78	-241.594
1116.91	-117.428
1115.04	88.709
1113.17	-223.186
1111.3	-69.1133
1109.42	-57.0742
1107.55	-92.0742
1105.68	91.8867
1103.81	-135.195
1101.93	-27.3223
1100.06	53.5059
1098.18	-87.7188
1096.31	75.0059
1094.43	-53.3203
1092.56	57.293
1090.68	233.848
1088.8	756.342
1086.93	1011.77
1085.05	936.133
1083.17	948.428
1081.29	692.648
1079.41	464.797
1077.53	158.869
1075.65	256.861
1073.77	-10.2266
1071.89	-98.4023
1070.01	-71.6621
1068.13	-157.012
1066.24	-1.45313
1064.36	77.0098
1062.48	-183.621
1060.59	23.6445
1058.71	4.81055
1056.83	-41.1289
1054.94	207.824
1053.05	-11.334
1051.17	-43.6016
1049.28	82.0117
1047.39	-3.49023
1045.51	196.887
1043.62	176.141
1041.73	345.268
1039.84	255.271
1037.95	296.143
1036.06	306.877
1034.17	649.48
1032.28	252.943
1030.39	337.264
1028.5	326.443
1026.61	258.473
1024.71	350.355
1022.82	300.088
1020.93	322.67
1019.03	328.09
1017.14	326.354
1015.24	348.451
1013.35	471.391
1011.45	392.162
1009.56	598.768
1007.66	598.195
1005.76	730.455
1003.86	811.537
1001.97	985.439
1000.07	754.16
998.167	881.697
996.268	843.051
994.368	808.217
992.466	972.184
990.565	1083.96
988.664	876.553
986.762	1151.94
984.86	1167.13
982.957	1517.11
981.053	2299.88
979.15	2490.46
977.245	2713.83
975.34	2701.98
973.435	2510.92
971.53	1901.64
969.624	1707.15
967.717	1670.44
965.809	1415.5
963.902	1259.34
961.994	1005.96
960.086	982.35
958.177	808.508
956.267	894.432
954.357	1005.12
952.447	800.582
950.536	897.803
948.625	892.785
946.713	698.523
944.8	672.018
942.888	985.275
940.974	676.275
939.061	845.037
937.147	761.545
935.233	859.813
933.317	1021.81
931.402	1058.57
929.485	1014.06
927.569	1005.3
925.652	1011.29
923.735	801.016
921.817	846.475
919.899	984.68
917.98	1202.62
916.061	1041.29
914.141	1164.7
912.22	1124.83
910.3	1127.71
908.378	1224.31
906.456	1251.65
904.534	1332.71
902.612	1203.51
900.689	1416.03
898.766	1285.28
896.841	1188.25
894.916	1270.95
892.991	1281.38
891.066	1213.54
889.14	1332.41
887.214	1520.01
885.287	1619.34
883.36	1608.38
881.432	1562.15
879.504	1607.65
877.575	1574.86
875.646	1613.79
873.716	1617.46
871.786	1454.84
869.855	1248.94
867.924	1398.77
865.992	1343.31
864.06	1487.58
862.128	1128.58
860.194	1037.29
858.261	1142.75
856.327	1202.91
854.393	1314.8
852.458	1056.43
850.522	1082.77
848.586	1052.84
846.65	793.645
844.714	1227.18
842.776	1202.43
840.838	1284.42
838.901	1540.15
836.961	979.6
835.023	1162.79
833.082	1140.71
831.142	1225.37
829.202	1097.77
827.261	1156.92
825.319	1190.79
823.377	1063.42
821.434	922.777
819.491	840.891
817.548	571.766
815.604	657.373
813.66	824.742
811.715	903.85
809.769	801.725
807.823	793.354
805.878	732.758
803.93	424.904
801.983	806.83
800.035	150.504
798.087	411.961
796.139	586.203
794.189	518.201
792.24	438.99
790.289	122.541
788.339	344.889
786.387	255.02
784.436	296.955
782.484	286.662
780.532	245.18
778.578	195.473
776.624	563.584
774.671	341.514
772.716	341.232
770.762	285.779
768.806	423.117
766.85	254.293
764.893	485.285
762.937	224.121
760.979	660.766
759.022	345.26
757.064	503.59
755.105	250.758
753.145	394.77
751.185	238.627
749.226	507.357
747.264	65.9219
745.303	111.367
743.341	233.678
741.38	314.873
739.417	78.9238
737.454	263.871
735.49	228.703
733.526	447.42
731.562	605.029
729.596	460.535
727.631	572.963
725.665	360.297
723.699	207.541
721.732	327.701
719.764	142.783
717.797	197.813
715.828	100.754
713.859	-50.3496
711.889	-30.5098
709.919	-107.725
707.949	-218.963
705.978	73.7324
704.007	-46.5859
702.035	-211.938
700.063	32.6875
698.091	-133.688
696.117	-138.096
694.143	45.5059
692.169	-51.8965
690.194	-30.2949
688.219	-62.6855
686.244	70.959
684.267	-90.3984
682.291	-205.707
680.314	-194.986
678.336	-130.229
676.358	-47.4063
674.379	-52.5547
672.4	-278.629
670.421	-153.643
668.441	-15.5879
666.46	-460.461
664.479	-561.236
662.497	-726.943
660.516	-726.541
658.533	-477.043
656.55	-465.443
654.567	-461.713
652.583	-382.887
650.598	-381.922
648.614	-86.8301
646.628	-168.605
644.643	-304.223
642.656	-276.715
640.669	-211.037
638.682	-273.203
636.694	-183.207
634.706	-456.043
632.717	-460.684
630.728	-67.168
628.738	-250.445
626.748	-6.53125
624.757	-187.418
622.766	7.91016
620.774	-35.5664
618.782	-206.813
616.789	55.1563
614.796	-211.645
612.802	-275.219
610.808	111.461
608.814	-85.6172
606.818	77.5313
604.822	662.949
602.827	1508.64
600.83	1966.57
598.833	2725.79
596.836	2778.28
594.838	2217.04
592.839	1615.09
590.84	1020.41
588.841	562.043
586.84	89.957
584.84	118.18
582.838	-326.293
580.838	-437.445
578.835	-503.305
576.833	-346.832
574.83	-577.043
572.827	196.066
570.822	353.5
568.818	1108.26
566.813	1406.37
564.808	2045.81
562.802	2704.59
560.795	2195.71
558.788	1639.17
556.781	1058.98
554.773	1004.15
552.765	530.664
550.756	307.531
548.747	174.746
546.737	420.332
544.726	252.262
542.716	933.559
540.704	1100.21
538.692	1228.23
536.68	1267.61
534.667	1470.35
532.654	1106.46
530.64	836.922
528.626	487.75
526.611	440.945
524.596	284.492
522.58	222.41
520.564	135.68
518.547	-38.6914
516.529	-67.707
514.512	-85.3594
512.494	122.336
510.476	193.383
508.456	223.773
506.436	164.508
504.416	0.582031
502.395	244
500.374	3.75391
498.353	98.8398
496.33	-18.7539
494.307	134.977
492.284	-54.9688
490.261	81.3945
488.237	120.066
486.212	-125.965
484.187	-58.6992
482.161	-74.1367
480.134	-109.305
478.108	-298.188
476.081	248.199
474.054	-35.1484
472.025	-45.2539
469.997	-43.1055
467.968	66.2813
465.938	329.891
463.908	279.719
461.877	342.754
459.846	395.996
457.814	183.426
455.782	65.0313
453.75	140.805
451.716	314.734
449.683	-8.1875
447.649	218.02
445.614	185.352
443.579	555.785
441.543	631.313
439.508	1089.93
437.47	1781.6
435.433	2480.33
433.396	3730.1
431.358	4363.89
429.319	4323.69
427.28	3406.48
425.241	2296.25
423.201	1622.97
421.16	1188.64
419.118	844.223
417.077	869.719
415.035	299.102
412.993	420.352
410.949	358.453
408.905	100.383
406.862	246.129
404.816	66.6523
402.771	-176.043
400.727	-41.9883
398.68	153.789
396.633	-18.7344
394.586	-407.57
392.539	85.2539
390.491	141.715
388.442	217.785
386.393	80.4492
384.344	143.68
382.293	-105.563
380.242	233.719
378.192	183.492
376.14	168.719
374.088	132.391
372.035	30.4727
369.982	148.93
367.928	48.7422
365.874	-201.117
363.82	-411.676
361.765	-234.961
359.709	-259.012
357.653	-82.8516
355.596	-222.512
353.539	-212.012
351.481	74.5938
349.423	-64.7031
347.364	115.059
345.305	553.859
343.245	571.637
341.185	393.391
339.125	521.07
337.063	387.648
335.001	163.086
332.94	251.367
330.876	438.426
328.813	-5.73438
326.749	372.828
324.685	443.082
322.621	531.016
320.555	707.547
318.489	269.688
316.423	296.379
314.356	206.586
312.29	14.2969
310.221	185.426
308.153	7.98828
306.084	-75.0742
304.015	-23.8047
301.946	-109.207
299.875	-25.3789
297.804	-234.293
295.733	-342.02
293.661	-366.594
291.588	-249.051
289.516	-138.395
287.443	-204.699
285.369	-136.996
283.295	-383.32
281.22	-293.715
279.144	-333.215
277.068	-473.816
274.992	-402.59
272.915	-513.578
270.837	-235.813
268.76	-215.285
266.681	174.879
264.602	-256.262
262.523	-65.793
260.443	401.301
258.362	292.895
256.282	198.051
254.2	539.633
252.118	893.711
250.036	815.258
247.952	1266.14
245.869	1521.42
243.784	1507.97
241.7	1445.87
239.616	1569.09
237.53	1360.48
235.443	1356.09
233.357	1437.93
231.27	1353.93
229.182	995.07
227.094	748.375
225.005	670.699
222.916	439.152
220.827	308.645
218.737	-136.836
216.646	-512.316
214.555	-379.738
212.462	-952.266
210.37	-1071.76
208.278	-982.313
206.185	-1387.86
204.091	-1694.56
201.997	-1779.27
199.902	-1767.08
197.807	-1657.99
195.711	-1762.01
193.615	-1780.04
191.517	-1326.27
189.42	-1440.52
187.322	-874.871
185.224	-992.32
183.125	-823.758
181.025	-638.371
178.926	-368.953
176.825	-663.586
174.724	-408.25
172.623	-407.828
170.521	-112.496
168.418	284.969
166.315	445.5
164.212	96.125
162.108	126.984
160.003	244.898
157.898	-41.875
155.793	109.602
153.686	-397.633
151.58	-681.406
149.473	-432.898
147.365	-537.824
145.257	-592.238
143.148	-476.074
141.039	-336.262
138.929	-217.609
136.819	0.835938
134.709	-189.844
132.597	-5.5625
130.485	-27.2305
128.373	232.371
126.26	-170.914
124.147	-200.727
122.033	-520.082
119.919	-506.738
117.804	-397.844
115.688	-650.004
113.573	-239.223
111.456	-42.3633
109.339	833.707
107.222	943.277
105.103	1660.23
102.985	1450.99
100.866	1470.6
98.7467	1227.35
96.6262	174.156
