3502.52	-58.5608
3501.25	-57.4972
3499.98	-44.5973
3498.71	-24.8495
3497.44	-67.2588
3496.17	-44.8141
3494.9	-28.52
3493.62	-24.366
3492.35	-35.3563
3491.08	-32.4846
3489.8	-23.7445
3488.53	-30.1395
3487.26	-6.66052
3485.98	-27.3109
3484.71	-4.08435
3483.43	-22.9766
3482.16	-14.989
3480.88	-12.1177
3479.6	-5.3584
3478.33	-8.70776
3477.05	4.83289
3475.77	-7.73193
3474.5	-1.39893
3473.22	-5.16699
3471.94	-4.03284
3470.66	19.0073
3469.38	15.9518
3468.1	-4.19434
3466.82	10.5702
3465.54	7.24841
3464.26	5.84155
3462.98	12.3524
3461.7	8.78296
3460.42	9.13513
3459.14	13.4108
3457.86	3.6123
3456.57	22.7412
3455.29	25.7999
3454.01	23.7891
3452.73	4.7124
3451.44	11.5708
3450.16	37.3661
3448.87	11.1
3447.59	34.7742
3446.3	21.3901
3445.02	24.9502
3443.73	17.4557
3442.45	28.9078
3441.16	28.3089
3439.88	21.66
3438.59	21.9626
3437.3	14.2186
3436.01	21.4292
3434.73	39.5957
3433.44	13.7198
3432.15	9.80273
3430.86	25.8459
3429.57	5.85059
3428.28	22.8182
3426.99	23.7499
3425.7	21.647
3424.41	23.5107
3423.12	23.3422
3421.83	29.1428
3420.54	23.9136
3419.24	18.6555
3417.95	13.3701
3416.66	23.058
3415.37	23.7203
3414.07	4.35852
3412.78	35.9733
3411.48	22.5652
3410.19	17.1362
3408.9	7.68665
3407.6	27.2175
3406.31	16.7297
3405.01	18.2242
3403.72	10.7018
3402.42	16.1632
3401.12	21.609
3399.82	16.0409
3398.53	34.459
3397.23	15.8643
3395.93	24.2574
3394.63	14.6392
3393.33	26.0107
3392.04	12.3717
3390.74	16.7234
3389.44	19.0664
3388.14	39.4012
3386.84	16.7286
3385.53	14.0493
3384.23	19.3641
3382.93	16.673
3381.63	21.9764
3380.33	32.2754
3379.03	8.57068
3377.72	18.8621
3376.42	21.1503
3375.12	11.4363
3373.81	18.7196
3372.51	18.0018
3371.2	25.2822
3369.9	13.5623
3368.59	16.8413
3367.29	42.1207
3365.98	9.3999
3364.68	6.6803
3363.37	3.96106
3362.06	25.2437
3360.76	31.5278
3359.45	6.81348
3358.14	9.10193
3356.83	13.3928
3355.52	11.6859
3354.22	-1.01746
3352.91	18.2826
3351.6	-5.41394
3350.29	8.89319
3348.98	5.20386
3347.67	10.519
3346.36	1.83862
3345.04	-21.8373
3343.73	6.49158
3342.42	14.8251
3341.11	-10.8363
3339.8	8.50745
3338.48	-6.14368
3337.17	6.21069
3335.86	-0.429565
3334.54	10.9359
3333.23	-11.693
3331.91	8.68433
3330.6	-5.93311
3329.28	-1.54456
3327.97	-8.15002
3326.65	0.25061
3325.34	-21.3424
3324.02	-8.92981
3322.7	2.48901
3321.38	-31.0856
3320.07	-18.6544
3318.75	-14.2173
3317.43	-25.7733
3316.11	-12.3239
3314.79	-27.8677
3313.47	-17.4058
3312.15	-17.9375
3310.83	-11.4635
3309.51	-6.98315
3308.19	-27.4967
3306.87	-14.0049
3305.55	-12.5066
3304.23	-26.0027
3302.9	-27.4934
3301.58	-17.978
3300.26	-35.457
3298.94	-36.9305
3297.61	-12.399
3296.29	-14.8618
3294.96	-16.3195
3293.64	-37.7719
3292.31	-30.2191
3290.99	-26.6615
3289.66	-24.0992
3288.34	-40.5321
3287.01	-19.9603
3285.68	-28.3843
3284.36	-62.8038
3283.03	-29.2191
3281.7	-35.6305
3280.37	-38.0377
3279.05	-26.441
3277.72	-15.8408
3276.39	-15.2373
3275.06	-18.6302
3273.73	-36.0198
3272.4	-32.4065
3271.07	-28.7903
3269.74	-25.171
3268.41	-28.5496
3267.08	8.07471
3265.74	-20.2991
3264.41	-18.6704
3263.08	-17.0403
3261.75	-2.40796
3260.41	-16.7743
3259.08	-13.1389
3257.75	-20.5027
3256.41	-9.86499
3255.08	-4.22644
3253.74	-29.5874
3252.41	-15.9475
3251.07	-24.3073
3249.74	-30.6667
3248.4	-14.0264
3247.06	0.613647
3245.73	-2.74634
3244.39	10.8932
3243.05	-20.4681
3241.71	12.1697
3240.37	-1.19348
3239.04	7.44202
3237.7	-3.92383
3236.36	7.70862
3235.02	10.3394
3233.68	-7.03186
3232.34	3.59497
3231	27.2192
3229.66	8.84094
3228.31	16.46
3226.97	11.0763
3225.63	0.689453
3224.29	30.2992
3222.94	10.9059
3221.6	32.5088
3220.26	13.1077
3218.91	-4.29688
3217.57	14.2941
3216.23	12.881
3214.88	21.4631
3213.53	-12.959
3212.19	2.61401
3210.84	25.1816
3209.5	22.7445
3208.15	8.30212
3206.8	-17.1462
3205.46	8.40002
3204.11	1.94067
3202.76	4.47522
3201.41	5.00366
3200.06	-0.474731
3198.71	4.04089
3197.36	8.54993
3196.01	-3.94788
3194.66	21.5475
3193.31	-2.96436
3191.96	24.5166
3190.61	2.99023
3189.26	28.4567
3187.91	-9.08496
3186.56	26.3656
3185.2	9.80823
3183.85	-5.75732
3182.5	-23.3306
3181.14	-3.9126
3179.79	11.4967
3178.44	4.89795
3177.08	-13.7101
3175.73	13.6731
3174.37	17.0477
3173.01	10.4126
3171.66	24.7688
3170.3	9.11572
3168.95	4.45251
3167.59	1.78027
3166.23	6.0979
3164.87	2.40613
3163.51	4.70447
3162.16	19.9927
3160.8	2.27039
3159.44	15.5382
3158.08	3.7959
3156.72	-11.9568
3155.36	9.27979
3154	20.5059
3152.64	0.721313
3151.28	-0.0740967
3149.91	10.1196
3148.55	0.30249
3147.19	-2.52563
3145.83	12.6351
3144.46	5.78467
3143.1	36.9231
3141.74	21.0508
3140.37	27.1664
3139.01	20.2708
3137.64	14.3643
3136.28	11.4454
3134.91	13.515
3133.55	39.5737
3132.18	27.6201
3130.81	40.6554
3129.45	30.678
3128.08	34.6898
3126.71	-4.31128
3125.34	6.67676
3123.98	20.6526
3122.61	25.6158
3121.24	10.5679
3119.87	6.50781
3118.5	7.43567
3117.13	8.35156
3115.76	-1.74561
3114.39	6.14612
3113.02	19.0256
3111.64	18.8929
3110.27	6.74817
3108.9	15.5912
3107.53	20.4222
3106.15	10.241
3104.78	10.0486
3103.41	20.843
3102.03	20.6254
3100.66	8.39563
3099.29	11.1544
3097.91	25.9005
3096.53	24.6342
3095.16	2.35693
3093.78	1.06665
3092.41	27.7643
3091.03	12.4509
3089.65	15.1244
3088.27	1.78711
3086.9	12.4379
3085.52	35.0756
3084.14	-7.29736
3082.76	7.31775
3081.38	11.92
3080	2.51172
3078.62	13.0918
3077.24	26.6603
3075.86	21.2169
3074.48	10.762
3073.1	11.2947
3071.72	7.81677
3070.33	6.32776
3068.95	16.8273
3067.57	4.31677
3066.19	19.7939
3064.8	25.2599
3063.42	-16.285
3062.03	-17.8412
3060.65	27.5931
3059.26	18.0154
3057.88	4.42676
3056.49	16.8286
3055.11	27.2188
3053.72	-1.40149
3052.33	-7.03113
3050.95	9.32751
3049.56	18.6772
3048.17	5.01672
3046.78	40.3452
3045.4	34.6646
3044.01	19.974
3042.62	7.27258
3041.23	19.5625
3039.84	-3.15698
3038.45	-30.8861
3037.06	26.3752
3035.67	-6.37256
3034.28	14.8702
3032.88	12.1042
3031.49	-10.6713
3030.1	9.5448
3028.71	-20.2483
3027.31	13.9501
3025.92	-14.8599
3024.52	-8.67871
3023.13	14.4958
3021.74	-21.3395
3020.34	-1.18274
3018.95	4.96741
3017.55	3.1084
3016.16	-1.7572
3014.76	-14.6318
3013.36	18.4878
3011.96	8.59827
3010.57	4.70276
3009.17	34.799
3007.77	19.8898
3006.37	16.9735
3004.97	5.05029
3003.57	8.11914
3002.17	0.182983
3000.77	46.2406
2999.37	15.292
2997.97	70.337
2996.57	61.3761
2995.17	40.4095
2993.77	58.4371
2992.37	59.4594
2990.97	74.4761
2989.56	86.4873
2988.16	47.4954
2986.76	39.4962
2985.35	62.4928
2983.95	107.484
2982.54	102.473
2981.14	81.4551
2979.73	130.435
2978.33	79.4089
2976.92	128.38
2975.51	111.346
2974.11	159.31
2972.7	127.271
2971.29	144.225
2969.89	152.179
2968.48	150.129
2967.07	181.075
2965.66	214.019
2964.25	207.96
2962.84	180.899
2961.43	204.834
2960.02	270.768
2958.61	238.701
2957.2	252.63
2955.79	261.558
2954.38	300.484
2952.96	302.409
2951.55	299.331
2950.14	339.253
2948.73	343.174
2947.31	353.093
2945.9	367.011
2944.48	356.929
2943.07	363.846
2941.65	378.763
2940.24	440.679
2938.82	430.595
2937.41	478.512
2935.99	432.427
2934.57	449.344
2933.16	459.26
2931.74	447.178
2930.32	486.096
2928.9	484.013
2927.48	506.933
2926.06	542.853
2924.64	511.774
2923.22	556.697
2921.8	526.622
2920.38	560.547
2918.96	547.474
2917.54	559.404
2916.12	538.334
2914.7	554.267
2913.28	586.203
2911.85	575.139
2910.43	628.079
2909.01	614.021
2907.58	606.966
2906.16	589.915
2904.74	611.865
2903.31	574.819
2901.88	610.775
2900.46	642.735
2899.03	580.699
2897.61	602.665
2896.18	607.635
2894.75	600.61
2893.33	607.587
2891.9	595.569
2890.47	599.555
2889.04	632.544
2887.61	582.538
2886.18	606.536
2884.75	593.539
2883.32	618.546
2881.89	596.558
2880.46	622.575
2879.03	609.596
2877.6	609.622
2876.17	587.654
2874.74	583.69
2873.3	581.732
2871.87	565.779
2870.44	596.832
2869.01	644.889
2867.57	617.952
2866.14	630.022
2864.7	599.096
2863.27	562.177
2861.83	591.263
2860.4	582.355
2858.96	597.454
2857.52	575.558
2856.09	527.668
2854.65	525.785
2853.21	471.909
2851.77	495.038
2850.34	407.175
2848.9	356.317
2847.46	358.466
2846.02	318.622
2844.58	304.785
2843.14	261.954
2841.7	234.13
2840.26	202.313
2838.82	195.503
2837.37	111.7
2835.93	138.904
2834.49	72.1146
2833.05	69.3331
2831.6	85.5577
2830.16	32.7908
2828.72	-0.969604
2827.27	35.2776
2825.83	62.532
2824.38	17.7939
2822.94	15.0627
2821.49	1.33923
2820.05	4.6239
2818.6	4.91504
2817.15	20.2144
2815.71	-2.47913
2814.26	7.83508
2812.81	-0.843018
2811.36	-17.5133
2809.91	-27.1764
2808.47	-74.8317
2807.02	-26.4794
2805.57	-8.11877
2804.12	-34.7512
2802.67	-24.3763
2801.22	-46.9928
2799.76	-45.6017
2798.31	-17.2035
2796.86	-49.7972
2795.41	-23.3831
2793.96	-22.9613
2792.5	-45.5321
2791.05	-28.0952
2789.6	-52.6498
2788.14	-54.1975
2786.69	-24.7372
2785.23	-21.2697
2783.78	-36.7941
2782.32	-20.3109
2780.86	2.17944
2779.41	-33.3223
2777.95	-42.8165
2776.5	4.69739
2775.04	-35.7817
2773.58	-25.2535
2772.12	-11.7173
2770.66	-59.1744
2769.2	-7.62366
2767.74	-25.066
2766.29	-8.50049
2764.83	24.0723
2763.36	15.6521
2761.9	2.23938
2760.44	28.8336
2758.98	56.4348
2757.52	-7.95654
2756.06	29.6588
2754.59	36.2815
2753.13	50.9105
2751.67	35.547
2750.2	79.1902
2748.74	22.8401
2747.28	65.4965
2745.81	42.1597
2744.35	73.8293
2742.88	43.5057
2741.41	78.1885
2739.95	58.8778
2738.48	34.5729
2737.01	58.2747
2735.55	31.9825
2734.08	62.6965
2732.61	76.4167
2731.14	84.1425
2729.67	60.8743
2728.2	53.6117
2726.73	46.3549
2725.26	56.1041
2723.79	35.8584
2722.32	3.61853
2720.85	27.384
2719.38	23.1548
2717.91	2.93079
2716.44	50.7117
2714.96	71.4977
2713.49	-14.7114
2712.02	18.0847
2710.54	31.885
2709.07	-11.3099
2707.59	-13.5
2706.12	-22.6855
2704.64	-18.8671
2703.17	52.9558
2701.69	42.7828
2700.22	19.6139
2698.74	-31.5513
2697.26	21.2875
2695.78	-20.8699
2694.31	-17.0238
2692.83	20.8262
2691.35	20.6793
2689.87	-35.4642
2688.39	-32.6052
2686.91	-23.7426
2685.43	-50.8765
2683.95	13.9918
2682.47	-32.1373
2680.99	-31.2633
2679.51	-55.3873
2678.03	4.49146
2676.54	20.3718
2675.06	-13.7451
2673.58	-9.86023
2672.09	-47.9733
2670.61	-59.0847
2669.13	-43.1943
2667.64	-25.3027
2666.16	8.59009
2664.67	-31.5154
2663.18	-19.6202
2661.7	14.2762
2660.21	-17.8263
2658.72	-26.9281
2657.24	1.97046
2655.75	-14.1305
2654.26	13.769
2652.77	-14.3311
2651.28	-17.4314
2649.8	-31.5316
2648.31	-44.6322
2646.82	3.26721
2645.33	12.166
2643.84	-1.93579
2642.34	40.9618
2640.85	1.85815
2639.36	20.7538
2637.87	12.6487
2636.38	7.54163
2634.88	18.434
2633.39	-9.67615
2631.9	3.21277
2630.4	-25.9004
2628.91	-25.0155
2627.41	-4.13269
2625.92	-6.25195
2624.42	-0.373291
2622.93	56.5022
2621.43	2.37573
2619.93	-13.754
2618.44	20.1134
2616.94	12.978
2615.44	22.8394
2613.94	12.6975
2612.44	-15.4481
2610.95	40.4028
2609.45	42.2499
2607.95	17.0935
2606.45	28.9325
2604.95	-9.23206
2603.44	55.599
2601.94	2.42578
2600.44	15.2477
2598.94	12.0651
2597.44	14.8774
2595.93	2.68494
2594.43	9.48755
2592.93	5.28467
2591.42	39.0768
2589.92	33.8627
2588.42	0.643677
2586.91	17.4189
2585.4	15.1879
2583.9	30.9509
2582.39	55.7079
2580.89	42.459
2579.38	36.2031
2577.87	10.9412
2576.36	75.672
2574.86	61.3964
2573.35	0.113892
2571.84	58.8243
2570.33	15.5275
2568.82	17.2233
2567.31	98.9121
2565.8	29.5929
2564.29	36.2665
2562.78	55.9316
2561.27	40.5892
2559.75	70.239
2558.24	58.8805
2556.73	29.5135
2555.22	93.1383
2553.7	60.7545
2552.19	14.3625
2550.68	49.9613
2549.16	12.5515
2547.65	50.1329
2546.13	36.7046
2544.61	53.2676
2543.1	41.8212
2541.58	-1.63477
2540.07	20.9005
2538.55	33.4255
2537.03	76.9413
2535.51	18.4467
2533.99	43.9425
2532.48	44.4283
2530.96	1.90417
2529.44	40.3695
2527.92	32.8246
2526.4	22.269
2524.88	11.7031
2523.36	28.1271
2521.83	42.5398
2520.31	39.942
2518.79	9.33362
2517.27	69.7141
2515.74	13.0835
2514.22	-0.55835
2512.7	40.7885
2511.17	69.1239
2509.65	30.4487
2508.12	38.7614
2506.6	35.063
2505.07	57.3531
2503.55	32.6312
2502.02	-0.102295
2500.49	25.1523
2498.97	74.395
2497.44	44.6263
2495.91	39.8448
2494.38	62.0519
2492.85	30.2462
2491.32	37.4287
2489.8	63.5991
2488.27	30.7568
2486.74	30.9023
2485.2	28.0353
2483.67	52.1565
2482.14	60.2643
2480.61	17.3599
2479.08	6.44238
2477.55	41.5128
2476.01	14.5703
2474.48	29.615
2472.95	23.6471
2471.41	56.6667
2469.88	9.67285
2468.34	18.666
2466.81	15.6466
2465.27	33.6145
2463.74	0.569214
2462.2	0.510864
2460.66	7.43933
2459.12	43.3545
2457.59	15.2565
2456.05	49.1456
2454.51	0.0220947
2452.97	2.88525
2451.43	7.7345
2449.89	16.5715
2448.35	-21.6052
2446.81	6.2052
2445.27	25.0022
2443.73	73.7865
2442.19	-2.44324
2440.65	-12.6852
2439.11	4.05847
2437.56	-18.2097
2436.02	37.5083
2434.48	16.213
2432.93	-8.09558
2431.39	2.58289
2429.84	22.2488
2428.3	12.9008
2426.75	41.54
2425.21	28.1666
2423.66	21.7788
2422.12	-29.6215
2420.57	4.96545
2419.02	-40.4596
2417.47	-21.8989
2415.93	-4.35132
2414.38	12.1843
2412.83	44.7059
2411.28	30.2156
2409.73	12.7123
2408.18	-1.80347
2406.63	42.6676
2405.08	-5.87427
2403.53	13.5728
2401.98	9.00537
2400.42	-1.573
2398.87	33.8344
2397.32	-9.76917
2395.77	34.6147
2394.21	56.9857
2392.66	-7.65515
2391.1	-15.3071
2389.55	17.0272
2387.99	2.35083
2386.44	-8.33911
2384.88	-12.0398
2383.33	25.2476
2381.77	33.5229
2380.21	8.7865
2378.66	-15.9613
2377.1	-6.72131
2375.54	8.50842
2373.98	4.72583
2372.42	-57.0674
2370.86	13.1279
2369.3	48.3125
2367.74	-7.51453
2366.18	27.6477
2364.62	-3.20105
2363.06	-3.05981
2361.5	3.0697
2359.94	-10.8105
2358.37	3.29895
2356.81	4.39795
2355.25	35.4866
2353.68	-29.4357
2352.12	18.6324
2350.56	-14.3081
2348.99	-37.2603
2347.43	34.7793
2345.86	-3.19238
2344.29	27.8276
2342.73	39.8381
2341.16	4.83911
2339.59	-5.16772
2338.03	44.8154
2336.46	-7.21118
2334.89	76.7549
2333.32	15.7119
2331.75	-0.3396
2330.18	46.5994
2328.61	1.53223
2327.04	53.4553
2325.47	15.3708
2323.9	-39.7209
2322.33	14.1782
2320.76	-1.92871
2319.18	-2.0437
2317.61	21.8328
2316.04	-25.2957
2314.47	5.56763
2312.89	44.4233
2311.32	14.2727
2309.74	29.1162
2308.17	9.95361
2306.59	-4.21729
2305.02	-6.39331
2303.44	-15.5752
2301.86	-27.7634
2300.29	-6.95581
2298.71	-7.15552
2297.13	33.6401
2295.55	5.42944
2293.97	-1.78516
2292.4	-15.0054
2290.82	-57.2302
2289.24	25.54
2287.66	28.3057
2286.08	-20.9321
2284.49	0.824463
2282.91	-54.4216
2281.33	-8.67236
2279.75	3.07373
2278.17	10.8157
2276.58	-21.4458
2275	7.28931
2273.42	-45.9788
2271.83	4.75073
2270.25	-19.522
2268.66	7.20093
2267.08	-34.0771
2265.49	-18.3584
2263.91	-40.6416
2262.32	11.075
2260.73	-11.2124
2259.14	-21.5002
2257.56	29.2092
2255.97	1.91846
2254.38	44.6265
2252.79	-10.6665
2251.2	9.03882
2249.61	-31.2561
2248.02	-36.55
2246.43	-24.8462
2244.84	-42.1416
2243.25	-20.4368
2241.66	-27.7334
2240.07	-14.0283
2238.47	-2.32202
2236.88	-50.6162
2235.29	-16.9097
2233.69	-32.2014
2232.1	-7.49316
2230.5	-56.7822
2228.91	-21.0706
2227.31	-35.3569
2225.72	-30.6416
2224.12	28.0764
2222.53	-24.2043
2220.93	-12.4824
2219.33	-34.759
2217.73	-52.032
2216.14	5.69775
2214.54	-110.57
2212.94	8.16553
2211.34	-23.095
2209.74	-33.353
2208.14	-59.6069
2206.54	-41.8586
2204.94	-22.1047
2203.34	-63.3477
2201.74	-33.5864
2200.13	-62.8206
2198.53	-5.04956
2196.93	-43.2756
2195.33	2.50439
2193.72	-67.7107
2192.12	36.0779
2190.51	-41.1274
2188.91	14.6738
2187.3	7.479
2185.7	-14.7104
2184.09	-40.8928
2182.48	-39.071
2180.88	-36.2419
2179.27	-41.4067
2177.66	23.4346
2176.05	1.28198
2174.45	2.13599
2172.84	-54.0027
2171.23	-20.1357
2169.62	12.7395
2168.01	-47.3787
2166.4	-46.4897
2164.79	9.40674
2163.18	21.3098
2161.56	14.2207
2159.95	76.1399
2158.34	19.0659
2156.73	80.0007
2155.11	47.9431
2153.5	114.894
2151.89	12.8525
2150.27	44.8191
2148.66	127.795
2147.04	123.779
2145.43	111.772
2143.81	143.774
2142.19	93.7839
2140.58	65.8027
2138.96	40.8306
2137.34	12.8669
2135.72	69.9126
2134.1	62.9688
2132.48	68.0342
2130.86	54.1074
2129.25	52.1907
2127.63	33.2854
2126	34.3877
2124.38	-34.5
2122.76	-22.3772
2121.14	6.75391
2119.52	-68.1035
2117.9	1.04834
2116.27	-38.7898
2114.65	6.38208
2113.03	3.56372
2111.4	-29.2434
2109.78	-8.0415
2108.15	6.17139
2106.53	-60.6052
2104.9	-57.3718
2103.27	-93.1287
2101.65	-17.8748
2100.02	-5.6106
2098.39	-6.33521
2096.77	-50.0491
2095.14	0.245605
2093.51	-21.4475
2091.88	-48.1309
2090.25	-45.8037
2088.62	-53.4648
2086.99	-53.1169
2085.36	-27.7573
2083.73	-16.3884
2082.1	-66.0081
2080.46	-27.6172
2078.83	-26.2158
2077.2	-92.8044
2075.57	-34.3813
2073.93	-44.9492
2072.3	-46.5051
2070.66	-27.0513
2069.03	-47.5867
2067.4	-50.1123
2065.76	-66.6274
2064.12	-38.1326
2062.49	14.3735
2060.85	4.88892
2059.21	-35.5847
2057.58	-13.0483
2055.94	-16.5024
2054.3	-42.946
2052.66	-19.3799
2051.02	-38.8032
2049.38	-6.21777
2047.74	-61.6216
2046.1	-8.01563
2044.46	-23.4004
2042.82	-23.7756
2041.18	-79.1416
2039.53	-55.4985
2037.89	-1.84497
2036.25	-89.1836
2034.61	-50.5122
2032.96	-66.8318
2031.32	-14.1426
2029.67	-28.4448
2028.03	-51.7375
2026.38	-5.02271
2024.74	-46.2986
2023.09	-7.56738
2021.44	-75.8269
2019.8	-84.0786
2018.15	7.67749
2016.5	-111.558
2014.85	44.2136
2013.21	-39.0066
2011.56	-16.2205
2009.91	10.5737
2008.26	-87.625
2006.61	-28.8171
2004.96	-54.0015
2003.3	-45.1804
2001.65	-25.3528
2000	-73.5183
1998.35	9.32251
1996.7	5.16895
1995.04	-48.979
1993.39	-22.1213
1991.74	-25.2576
1990.08	-29.3896
1988.43	1.48413
1986.77	-0.637207
1985.12	-23.7551
1983.46	-18.8677
1981.8	-9.97534
1980.15	-31.0798
1978.49	6.81934
1976.83	-46.2773
1975.17	-30.3704
1973.51	20.5393
1971.86	13.4521
1970.2	-44.6326
1968.54	41.2849
1966.88	-1.79443
1965.22	-54.8726
1963.55	4.05151
1961.89	17.9773
1960.23	11.9043
1958.57	47.832
1956.91	-4.2395
1955.24	-17.3096
1953.58	-73.3806
1951.92	-27.4507
1950.25	-24.5212
1948.59	-53.5923
1946.92	-33.6643
1945.26	33.2634
1943.59	-12.811
1941.92	-13.8865
1940.26	-21.9646
1938.59	46.9558
1936.92	-8.12646
1935.25	-16.2114
1933.59	23.7012
1931.92	-1.39038
1930.25	-5.48584
1928.58	5.41577
1926.91	-19.687
1925.24	15.2056
1923.57	-15.9067
1921.9	2.97583
1920.22	10.8535
1918.55	43.7246
1916.88	-10.4097
1915.21	29.4495
1913.53	41.302
1911.86	26.1472
1910.18	-18.0149
1908.51	-20.1838
1906.83	28.6379
1905.16	5.45239
1903.48	-1.74194
1901.81	-38.9456
1900.13	60.8416
1898.45	46.6187
1896.78	41.3867
1895.1	3.14355
1893.42	4.89038
1891.74	97.626
1890.06	-12.6499
1888.38	50.0623
1886.7	67.7622
1885.02	75.4507
1883.34	64.1252
1881.66	93.7874
1879.98	90.436
1878.3	76.0708
1876.61	40.6909
1874.93	51.2966
1873.25	28.8882
1871.56	-23.5366
1869.88	28.0237
1868.19	58.5676
1866.51	23.0955
1864.82	0.606201
1863.14	67.0999
1861.45	51.5767
1859.76	95.0344
1858.08	22.4751
1856.39	27.897
1854.7	145.3
1853.01	66.6829
1851.32	51.0474
1849.63	53.3906
1847.95	40.7144
1846.25	26.0161
1844.56	11.2974
1842.87	67.5571
1841.18	69.7959
1839.49	26.011
1837.8	89.2031
1836.11	34.3735
1834.41	70.5203
1832.72	48.6428
1831.03	32.7415
1829.33	56.8152
1827.64	27.865
1825.94	8.88818
1824.25	-2.11328
1822.55	80.8577
1820.85	-1.19629
1819.16	64.7239
1817.46	91.6152
1815.76	30.4792
1814.06	36.3164
1812.36	36.1235
1810.67	30.9038
1808.97	64.6545
1807.27	48.376
1805.57	20.0686
1803.87	103.73
1802.17	9.36206
1800.46	66.9617
1798.76	84.5313
1797.06	19.0696
1795.36	38.5771
1793.65	98.0508
1791.95	76.4919
1790.25	55.9011
1788.54	103.277
1786.84	50.6196
1785.13	74.9277
1783.43	72.2014
1781.72	73.4402
1780.01	93.6455
1778.31	56.8137
1776.6	90.948
1774.89	32.0459
1773.18	108.107
1771.47	92.1321
1769.77	100.121
1768.06	81.0715
1766.35	144.986
1764.64	96.8618
1762.92	56.6997
1761.21	104.499
1759.5	69.2588
1757.79	74.9812
1756.08	112.662
1754.36	120.305
1752.65	127.908
1750.94	159.471
1749.22	121.993
1747.51	140.475
1745.79	101.915
1744.08	139.314
1742.36	118.672
1740.65	87.9875
1738.93	172.261
1737.21	120.491
1735.49	146.679
1733.78	135.826
1732.06	175.929
1730.34	151.986
1728.62	111.002
1726.9	93.9753
1725.18	107.902
1723.46	174.785
1721.74	160.624
1720.02	93.4189
1718.3	178.168
1716.57	145.872
1714.85	150.531
1713.13	155.143
1711.41	196.712
1709.68	214.231
1707.96	78.707
1706.23	130.136
1704.51	167.519
1702.78	189.857
1701.05	187.145
1699.33	190.388
1697.6	101.582
1695.87	168.729
1694.15	138.83
1692.42	106.883
1690.69	214.89
1688.96	143.846
1687.23	229.757
1685.5	195.619
1683.77	246.433
1682.04	207.198
1680.31	234.914
1678.58	316.582
1676.85	246.203
1675.11	387.775
1673.38	337.298
1671.65	399.772
1669.91	429.197
1668.18	392.573
1666.44	445.902
1664.71	417.179
1662.97	540.409
1661.24	587.59
1659.5	537.721
1657.76	606.803
1656.03	604.839
1654.29	708.822
1652.55	656.758
1650.81	640.645
1649.07	695.482
1647.33	670.271
1645.59	667.009
1643.85	572.701
1642.11	643.341
1640.37	750.934
1638.63	716.479
1636.89	838.974
1635.15	795.423
1633.4	850.82
1631.66	1047.17
1629.92	1285.47
1628.17	1506.72
1626.43	1668.93
1624.68	2009.08
1622.94	2135.19
1621.19	2402.25
1619.45	2428.27
1617.7	2267.23
1615.95	1981.15
1614.21	1842.02
1612.46	1545.84
1610.71	1264.62
1608.96	1211.35
1607.21	1076.03
1605.46	1064.67
1603.71	1028.26
1601.96	1180.8
1600.21	1316.3
1598.46	1427.76
1596.71	1450.16
1594.95	1693.52
1593.2	1926.84
1591.45	2204.11
1589.7	2339.35
1587.94	2464.53
1586.19	2353.67
1584.43	2259.77
1582.68	2107.82
1580.92	1848.83
1579.16	1716.8
1577.41	1468.72
1575.65	1224.61
1573.89	1064.45
1572.13	920.245
1570.38	829.004
1568.62	770.725
1566.86	725.401
1565.1	701.036
1563.34	635.635
1561.58	715.194
1559.82	661.713
1558.06	580.193
1556.29	710.633
1554.53	715.04
1552.77	724.403
1551.01	714.734
1549.24	765.028
1547.48	815.284
1545.71	906.504
1543.95	873.692
1542.18	1067.84
1540.42	1139.96
1538.65	1142.04
1536.89	1053.09
1535.12	1093.1
1533.35	1041.08
1531.58	1026.04
1529.82	949.955
1528.05	838.839
1526.28	803.696
1524.51	788.526
1522.74	769.322
1520.97	670.086
1519.2	687.827
1517.42	608.539
1515.65	644.222
1513.88	586.878
1512.11	596.506
1510.33	524.107
1508.56	644.687
1506.79	575.242
1505.01	661.771
1503.24	579.276
1501.46	655.756
1499.69	582.214
1497.91	696.653
1496.13	650.065
1494.36	693.461
1492.58	730.835
1490.8	840.189
1489.02	876.528
1487.24	877.843
1485.46	1036.14
1483.68	1227.43
1481.9	1330.69
1480.12	1416.94
1478.34	1602.18
1476.56	1560.4
1474.78	1576.6
1473	1494.79
1471.21	1511.97
1469.43	1441.14
1467.65	1409.3
1465.86	1427.44
1464.08	1435.58
1462.29	1574.7
1460.51	1479.82
1458.72	1577.93
1456.93	1664.03
1455.15	1754.12
1453.36	1870.21
1451.57	1859.29
1449.79	1871.37
1448	1840.45
1446.21	1868.52
1444.42	1868.58
1442.63	1863.65
1440.84	1754.71
1439.05	1645.78
1437.26	1555.84
1435.46	1306.91
1433.67	1148.97
1431.88	1025.04
1430.09	843.107
1428.29	728.182
1426.5	636.26
1424.71	498.342
1422.91	476.429
1421.12	390.526
1419.32	511.629
1417.52	383.734
1415.73	369.853
1413.93	350.979
1412.13	357.118
1410.34	424.263
1408.54	434.422
1406.74	470.593
1404.94	515.776
1403.14	646.971
1401.34	803.178
1399.54	927.4
1397.74	1037.64
1395.94	1138.9
1394.14	1353.17
1392.33	1448.46
1390.53	1568.76
1388.73	1721.08
1386.92	1602.43
1385.12	1635.8
1383.32	1632.18
1381.51	1493.59
1379.7	1518.01
1377.9	1393.46
1376.09	1418.94
1374.29	1416.44
1372.48	1335.96
1370.67	1292.5
1368.86	1489.08
1367.05	1436.67
1365.25	1400.3
1363.44	1392.95
1361.63	1420.63
1359.82	1349.34
1358.01	1414.08
1356.19	1388.85
1354.38	1348.65
1352.57	1401.48
1350.76	1320.34
1348.95	1320.24
1347.13	1256.16
1345.32	1225.13
1343.5	1173.12
1341.69	1147.15
1339.87	1108.21
1338.06	1051.31
1336.24	1065.45
1334.43	958.618
1332.61	856.829
1330.79	746.077
1328.97	667.362
1327.16	705.684
1325.34	709.044
1323.52	625.443
1321.7	635.886
1319.88	707.364
1318.06	805.886
1316.24	761.448
1314.41	701.052
1312.59	795.7
1310.77	942.386
1308.95	1045.12
1307.12	956.892
1305.3	1019.71
1303.48	1014.57
1301.65	1007.47
1299.83	916.423
1298	916.418
1296.18	919.454
1294.35	906.542
1292.52	866.67
1290.69	730.845
1288.87	718.068
1287.04	541.333
1285.21	510.648
1283.38	397.009
1281.55	280.417
1279.72	233.875
1277.89	135.376
1276.06	121.927
1274.23	209.526
1272.4	29.1719
1270.57	25.8647
1268.73	-5.39453
1266.9	-108.603
1265.07	-16.7637
1263.23	-76.8765
1261.4	-159.941
1259.56	-117.958
1257.73	-142.927
1255.89	-228.846
1254.06	-154.715
1252.22	-132.541
1250.38	-179.314
1248.54	-227.037
1246.71	-189.715
1244.87	-138.343
1243.03	-238.925
1241.19	-238.457
1239.35	-201.941
1237.51	-254.375
1235.67	-192.765
1233.83	-190.104
1231.98	-159.4
1230.14	-146.646
1228.3	-92.8447
1226.46	-158.995
1224.61	-107.102
1222.77	-71.1597
1220.92	-120.175
1219.08	54.8574
1217.23	8.93555
1215.39	-44.939
1213.54	-39.7725
1211.7	-95.5586
1209.85	26.6987
1208	-50.0005
1206.15	-71.6572
1204.3	-140.271
1202.45	-43.8433
1200.61	76.6289
1198.76	183.143
1196.91	374.697
1195.05	539.291
1193.2	790.925
1191.35	987.601
1189.5	1152.31
1187.65	1411.06
1185.79	1721.85
1183.94	1968.68
1182.09	2162.55
1180.23	2373.45
1178.38	2558.38
1176.52	2668.35
1174.67	2771.36
1172.81	2747.4
1170.95	2483.46
1169.1	2377.57
1167.24	2149.7
1165.38	1881.87
1163.52	1659.06
1161.66	1412.28
1159.8	1288.53
1157.94	1101.81
1156.08	987.12
1154.22	857.448
1152.36	826.803
1150.5	804.185
1148.64	750.586
1146.77	816.012
1144.91	666.458
1143.05	692.923
1141.18	654.41
1139.32	680.914
1137.45	709.434
1135.59	583.972
1133.72	686.526
1131.86	746.094
1129.99	630.674
1128.12	518.266
1126.25	628.872
1124.39	559.485
1122.52	717.108
1120.65	760.74
1118.78	735.378
1116.91	838.023
1115.04	820.671
1113.17	817.324
1111.3	735.979
1109.42	810.634
1107.55	801.289
1105.68	699.945
1103.81	555.595
1101.93	434.244
1100.06	346.887
1098.18	237.524
1096.31	250.153
1094.43	239.775
1092.56	106.385
1090.68	35.9858
1088.8	76.5732
1086.93	-55.853
1085.05	43.7051
1083.17	-43.7515
1081.29	-125.228
1079.41	-17.7217
1077.53	-71.2368
1075.65	-21.7729
1073.77	-114.331
1071.89	-21.9155
1070.01	-135.523
1068.13	-117.159
1066.24	-72.8237
1064.36	-94.5181
1062.48	-139.242
1060.59	-45.001
1058.71	-40.792
1056.83	128.381
1054.94	260.518
1053.05	421.616
1051.17	623.677
1049.28	852.694
1047.39	1049.67
1045.51	1040.6
1043.62	856.492
1041.73	618.333
1039.84	499.129
1037.95	310.875
1036.06	222.568
1034.17	217.213
1032.28	102.803
1030.39	90.3374
1028.5	10.8184
1026.61	89.2388
1024.71	-49.3975
1022.82	83.9063
1020.93	166.151
1019.03	217.33
1017.14	284.447
1015.24	213.496
1013.35	312.48
1011.45	304.396
1009.56	526.245
1007.66	432.02
1005.76	508.726
1003.86	612.358
1001.97	477.915
1000.07	629.396
998.167	501.8
996.268	582.128
994.368	604.377
992.466	624.542
990.565	638.627
988.664	678.633
986.762	798.55
984.86	715.385
982.957	865.134
981.053	859.791
979.15	829.366
977.245	978.847
975.34	904.237
973.435	922.539
971.53	953.747
969.624	887.861
967.717	933.88
965.809	989.802
963.902	935.632
961.994	1064.36
960.086	1003
958.177	1076.53
956.267	1227.96
954.357	1197.29
952.447	1310.52
950.536	1316.65
948.625	1448.68
946.713	1508.6
944.8	1566.41
942.888	1665.13
940.974	1448.73
939.061	1391.23
937.147	1229.63
935.233	1238.91
933.317	1131.09
931.402	863.162
929.485	870.119
927.569	973.97
925.652	966.711
923.735	1160.35
921.817	1498.86
919.899	1588.28
917.98	2049.58
916.061	2391.77
914.141	2614.84
912.22	2393.81
910.3	2123.66
908.378	1744.4
906.456	1309.04
904.534	897.555
902.612	772.967
900.689	631.262
898.766	566.45
896.841	410.52
894.916	293.483
892.991	354.336
891.066	307.082
889.14	351.712
887.214	332.237
885.287	326.652
883.36	223.956
881.432	307.151
879.504	268.244
877.575	407.222
875.646	373.099
873.716	374.869
871.786	278.533
869.855	294.091
867.924	287.551
865.992	318.9
864.06	330.153
862.128	356.304
860.194	262.354
858.261	281.311
856.327	321.162
854.393	246.922
852.458	178.586
850.522	177.154
848.586	232.627
846.65	159.016
844.714	167.312
842.776	217.512
840.838	234.629
838.901	209.667
836.961	304.613
835.023	296.481
833.082	269.26
831.142	315.966
829.202	358.592
827.261	376.149
825.319	507.623
823.377	435.031
821.434	530.36
819.491	602.627
817.548	780.834
815.604	867.969
813.66	997.046
811.715	1044.06
809.769	1196.01
807.823	1133.92
805.878	1142.77
803.93	1094.56
801.983	1127.32
800.035	907.013
798.087	692.673
796.139	698.297
794.189	581.875
792.24	371.422
790.289	211.927
788.339	66.4077
786.387	-54.1411
784.436	-176.709
782.484	-259.309
780.532	-277.921
778.578	-333.562
776.624	-258.208
774.671	-392.86
772.716	-330.53
770.762	-289.198
768.806	-239.879
766.85	-76.5518
764.893	50.7773
762.937	299.12
760.979	469.462
759.022	382.824
757.064	176.201
755.105	-103.405
753.145	18.0098
751.185	-17.5508
749.226	-41.0767
747.264	-57.5791
745.303	-38.041
743.341	-55.4648
741.38	52.1582
739.417	125.817
737.454	404.531
735.49	816.295
733.526	1181.11
731.562	1347.99
729.596	1440.92
727.631	1417.92
725.665	1260.99
723.699	1025.13
721.732	604.348
719.764	260.637
717.797	-54.9873
715.828	-187.536
713.859	-194.992
711.889	-349.358
709.919	-381.634
707.949	-406.806
705.978	-458.888
704.007	-426.86
702.035	-509.729
700.063	-403.491
698.091	-551.135
696.117	-352.673
694.143	-312.088
692.169	-423.384
690.194	-481.559
688.219	-508.609
686.244	-452.525
684.267	-415.319
682.291	-381.975
680.314	-441.495
678.336	-321.879
676.358	-283.117
674.379	-461.221
672.4	-363.174
670.421	-216.981
668.441	-155.641
666.46	-205.151
664.479	-238.505
662.497	-289.71
660.516	-314.756
658.533	-291.645
656.55	-314.377
654.567	-254.944
652.583	-320.357
650.598	-170.604
648.614	-106.688
646.628	-111.611
644.643	-31.3652
642.656	-59.9609
640.669	109.612
638.682	130.35
636.694	113.251
634.706	136.317
632.717	186.552
630.728	266.944
628.738	266.504
626.748	309.227
624.757	362.109
622.766	236.155
620.774	410.356
618.782	411.718
616.789	446.233
614.796	288.902
612.802	263.723
610.808	330.694
608.814	314.813
606.818	414.068
604.822	313.468
602.827	463.008
600.83	420.676
598.833	419.477
596.836	333.402
594.838	465.447
592.839	596.608
590.84	557.88
588.841	633.261
586.84	672.737
584.84	741.312
582.838	785.974
580.838	926.721
578.835	1013.54
576.833	1137.43
574.83	1356.38
572.827	1277.38
570.822	1394.43
568.818	1374.51
566.813	1403.63
564.808	1417.76
562.802	1446.91
560.795	1388.05
558.788	1330.18
556.781	1213.29
554.773	1135.37
552.765	1192.41
550.756	1215.39
548.747	1322.31
546.737	1258.15
544.726	1289.89
542.716	1500.53
540.704	1590.05
538.692	1749.43
536.68	1980.67
534.667	2302.75
532.654	2681.64
530.64	2799.34
528.626	2840.83
526.611	2881.1
524.596	2715.11
522.58	2397.86
520.564	2267.33
518.547	2142.5
516.529	2004.35
514.512	1815.86
512.494	1679
510.476	1558.77
508.456	1598.13
506.436	1530.07
504.416	1550.55
502.395	1442.57
500.374	1384.1
498.353	1406.1
496.33	1425.57
494.307	1370.46
492.284	1377.76
490.261	1364.44
488.237	1495.47
486.212	1428.82
484.187	1270.47
482.161	1491.39
480.134	1430.54
478.108	1411.91
476.081	1472.45
474.054	1304.15
472.025	1324.95
469.997	1287.84
467.968	1399.78
465.938	1506.73
463.908	1490.66
461.877	1544.54
459.846	1653.34
457.814	1981.01
455.782	2066.51
453.75	2074.82
451.716	2387.89
449.683	2759.69
447.649	3030.17
445.614	3261.3
443.579	3522.03
441.543	3513.32
439.508	3196.15
437.47	3296.44
435.433	3325.17
433.396	3228.3
431.358	3493.79
429.319	4068.56
427.28	4530.61
425.241	4989.87
423.201	4941.28
421.16	4752.81
419.118	4291.41
417.077	3465.05
415.035	3068.65
412.993	2488.17
410.949	2223.56
408.905	1736.76
406.862	1261.76
404.816	1203.44
402.771	998.808
400.727	923.817
398.68	677.343
396.633	952.362
394.586	707.862
392.539	726.75
390.491	524.968
388.442	523.457
386.393	516.207
384.344	421.119
382.293	482.084
380.242	405.138
378.192	362.226
376.14	265.189
374.088	259.07
372.035	328.758
369.982	313.191
367.928	337.31
365.874	299.051
363.82	325.413
361.765	452.277
359.709	534.585
357.653	689.269
355.596	766.267
353.539	729.587
351.481	985.03
349.423	1149.67
347.364	1205.38
345.305	1151.17
343.245	1338.82
341.185	1239.43
339.125	1146.86
337.063	1216.04
335.001	1104.91
332.94	725.501
330.876	615.571
328.813	412.236
326.749	182.346
324.685	70.8379
322.621	-240.244
320.555	-472.166
318.489	-274.783
316.423	-565.256
314.356	-944.645
312.29	-1028.9
310.221	-1008.29
308.153	-833.654
306.084	-824.16
304.015	-868.865
301.946	-703.701
299.875	-861.961
297.804	-760.457
295.733	-550.357
293.661	-348.715
291.588	-4.57813
289.516	335.139
287.443	1014.26
285.369	1407.74
283.295	2234.53
281.22	2721.6
279.144	3763.9
277.068	5088.54
274.992	6489.35
272.915	8659.28
270.837	10945.3
268.76	13753.6
266.681	17417.7
264.602	21849
262.523	26535.3
260.443	32023.7
258.362	38512.9
256.282	39049.2
254.2	38654.3
252.118	38253.5
250.036	37846.8
247.952	37433.8
245.869	37014.9
243.784	36589.7
241.7	36158.6
239.616	35721.7
237.53	35278.5
235.443	34829.3
233.357	34374.3
231.27	33913.3
229.182	33446.4
227.094	32973.7
225.005	32495
222.916	32010.8
220.827	31520.7
218.737	31024.9
216.646	30523.5
214.555	30016.8
212.462	29504.3
210.37	28986.6
208.278	28463.6
206.185	27233.6
204.091	24273.3
201.997	21443.1
199.902	18311
197.807	15622.2
195.711	13023.6
193.615	10319.8
191.517	8296.32
189.42	6109.88
187.322	4104.36
185.224	2789.93
183.125	1693.04
181.025	41.3477
178.926	-666.426
176.825	-1399.34
174.724	-1666.18
172.623	-1660.44
170.521	-2220.43
168.418	-1849.36
166.315	-2001.25
164.212	-1604.82
162.108	-1989.51
160.003	-1812.59
157.898	-1792.2
155.793	-2159.29
153.686	-2148.53
151.58	-2226.31
149.473	-2547.81
147.365	-2640.12
145.257	-2188.12
143.148	-1708.41
141.039	-1754.57
138.929	-1203.91
136.819	-956.234
134.709	-413.098
132.597	315.996
130.485	998.531
128.373	1692.3
126.26	1633.3
124.147	2153.61
122.033	2750.53
119.919	3174.91
117.804	3579.86
115.688	3047.51
113.573	2524.25
111.456	2010.75
109.339	1507.72
107.222	1016.09
105.103	536.16
102.985	69.1211
100.866	-384.453
98.7467	-823.563
96.6262	-1247.76
