3502.52	71.5231
3501.25	53.9382
3499.98	33.4088
3498.71	45.9313
3497.44	36.5069
3496.17	52.1322
3494.9	38.8083
3493.62	75.532
3492.35	45.3042
3491.08	28.1229
3489.8	21.986
3488.53	40.8944
3487.26	34.8452
3485.98	22.8391
3484.71	25.8743
3483.43	20.9491
3482.16	20.0638
3480.88	20.2173
3479.6	8.40784
3478.33	7.63452
3477.05	20.8975
3475.77	4.19519
3474.5	27.5266
3473.22	19.8912
3471.94	3.28784
3470.66	1.71533
3469.38	1.17395
3468.1	14.662
3466.82	8.17908
3465.54	-10.2758
3464.26	13.2968
3462.98	-3.10425
3461.7	-8.47937
3460.42	4.17065
3459.14	2.84497
3457.86	-3.45691
3456.57	0.264038
3455.29	-6.99268
3454.01	-0.227539
3452.73	-9.44177
3451.44	1.36438
3450.16	-10.8098
3448.87	-5.96484
3447.59	-11.1016
3446.3	-7.22034
3445.02	9.67798
3443.73	-6.4071
3442.45	2.52405
3441.16	-10.5294
3439.88	19.432
3438.59	-9.59204
3437.3	0.397705
3436.01	2.40088
3434.73	-11.5833
3433.44	-4.55493
3432.15	-1.51477
3430.86	3.53674
3429.57	8.59912
3428.28	-2.32813
3426.99	-18.2454
3425.7	-1.15308
3424.41	-18.0518
3423.12	-21.9418
3421.83	-22.8236
3420.54	-8.69775
3419.24	-0.564209
3417.95	7.57617
3416.66	-0.276978
3415.37	4.87634
3414.07	-9.9646
3412.78	-7.80005
3411.48	-13.6301
3410.19	-7.45569
3408.9	-6.27673
3407.6	-30.0936
3406.31	-24.9069
3405.01	8.28345
3403.72	-2.52307
3402.42	-39.3268
3401.12	8.87231
3399.82	-6.92664
3398.53	-15.7235
3397.23	-7.51868
3395.93	-1.3125
3394.63	-5.10522
3393.33	-18.8971
3392.04	2.31177
3390.74	2.521
3389.44	-14.2695
3388.14	-4.06018
3386.84	1.14893
3385.53	-1.64258
3384.23	8.56494
3382.93	-12.2283
3381.63	6.97729
3380.33	-1.81848
3379.03	-23.616
3377.72	-8.41516
3376.42	-0.216187
3375.12	6.98047
3373.81	7.17493
3372.51	-9.63318
3371.2	-2.44385
3369.9	-12.2574
3368.59	-4.07385
3367.29	-5.89343
3365.98	1.28381
3364.68	-16.5426
3363.37	6.62769
3362.06	-5.20581
3360.76	7.95691
3359.45	11.1157
3358.14	-13.7296
3356.83	20.4209
3355.52	-11.4327
3354.22	-9.29089
3352.91	-15.1536
3351.6	-6.02075
3350.29	1.1073
3348.98	13.2306
3347.67	-15.651
3346.36	-0.537598
3345.04	12.5708
3343.73	11.674
3342.42	3.77197
3341.11	13.8647
3339.8	-13.048
3338.48	-5.96606
3337.17	1.11047
3335.86	-0.818726
3334.54	10.2466
3333.23	-20.6937
3331.91	22.3601
3330.6	-1.5918
3329.28	11.4506
3327.97	6.48694
3326.65	5.51758
3325.34	-1.45789
3324.02	-1.43921
3322.7	27.5734
3321.38	0.579956
3320.07	-13.4196
3318.75	0.574829
3317.43	-3.43689
3316.11	13.5452
3314.79	-0.478882
3313.47	-9.50916
3312.15	-2.54553
3310.83	9.41174
3309.51	8.36292
3308.19	-2.69226
3306.87	-1.75366
3305.55	6.17871
3304.23	-11.8951
3302.9	15.0247
3301.58	9.93823
3300.26	5.84558
3298.94	5.7467
3297.61	-3.35852
3296.29	2.53003
3294.96	-10.5876
3293.64	3.28845
3292.31	15.1583
3290.99	1.02185
3289.66	-0.120728
3288.34	4.73059
3287.01	15.5757
3285.68	-12.5854
3284.36	6.24731
3283.03	-15.926
3281.7	9.89453
3280.37	9.70898
3279.05	11.5175
3277.72	2.31982
3276.39	9.11621
3275.06	7.90662
3273.73	-0.308838
3272.4	-13.5304
3271.07	-15.7578
3269.74	-4.99097
3268.41	8.7699
3267.08	10.5251
3265.74	-6.72571
3264.41	14.0181
3263.08	3.75574
3261.75	4.48804
3260.41	-2.78552
3259.08	13.9355
3257.75	2.65063
3256.41	7.3606
3255.08	25.0649
3253.74	-6.23633
3252.41	7.45715
3251.07	2.14526
3249.74	9.828
3248.4	6.50549
3247.06	9.17737
3245.73	5.84436
3244.39	14.5061
3243.05	18.1626
3241.71	-9.18591
3240.37	7.46057
3239.04	6.10193
3237.7	1.73828
3236.36	11.3698
3235.02	-0.00378418
3233.68	15.6179
3232.34	9.23511
3231	36.8472
3229.66	1.45459
3228.31	-0.942749
3226.97	16.6556
3225.63	-0.750977
3224.29	6.83801
3222.94	-0.577271
3221.6	12.0027
3220.26	-3.422
3218.91	13.1495
3217.57	20.7163
3216.23	9.27917
3214.88	22.8374
3213.53	21.3918
3212.19	4.94214
3210.84	28.4879
3209.5	11.03
3208.15	-10.4319
3206.8	22.1018
3205.46	5.63196
3204.11	9.1582
3202.76	-7.31934
3201.41	17.1993
3200.06	17.7137
3198.71	33.225
3197.36	14.7325
3196.01	22.2363
3194.66	3.73669
3193.31	-15.7666
3191.96	-22.2733
3190.61	14.2164
3189.26	-20.2968
3187.91	-3.81372
3186.56	-0.334106
3185.2	16.1423
3183.85	2.61548
3182.5	-8.91418
3181.14	8.55261
3179.79	10.0162
3178.44	-11.5227
3177.08	4.93469
3175.73	9.38928
3174.37	1.84131
3173.01	-3.71021
3171.66	6.73608
3170.3	-18.8207
3168.95	8.61951
3167.59	25.0573
3166.23	-4.50818
3164.87	-11.0758
3163.51	-6.64624
3162.16	-13.2192
3160.8	-0.795166
3159.44	19.6267
3158.08	10.046
3156.72	6.46301
3155.36	-13.1226
3154	8.28943
3152.64	12.6992
3151.28	-2.89355
3149.91	-8.48853
3148.55	10.9142
3147.19	3.3147
3145.83	-0.286987
3144.46	11.1091
3143.1	18.5032
3141.74	-2.10461
3140.37	-14.7148
3139.01	11.6729
3137.64	17.0591
3136.28	8.44263
3134.91	1.82434
3133.55	5.20459
3132.18	-4.41748
3130.81	13.959
3129.45	17.333
3128.08	3.70593
3126.71	-2.92371
3125.34	18.4457
3123.98	-9.18701
3122.61	2.17834
3121.24	-6.45764
3119.87	-2.09521
3118.5	20.2655
3117.13	11.6246
3115.76	4.98157
3114.39	-3.66248
3113.02	-1.30811
3111.64	1.0448
3110.27	-19.6039
3108.9	4.74597
3107.53	-17.9056
3106.15	5.44141
3104.78	5.78748
3103.41	11.1316
3102.03	13.4744
3100.66	5.8158
3099.29	1.15625
3097.91	4.49512
3096.53	2.8324
3095.16	16.1691
3093.78	-8.49597
3092.41	4.83752
3091.03	2.17053
3089.65	-0.498413
3088.27	-6.16797
3086.9	5.16138
3085.52	3.48889
3084.14	9.81592
3082.76	16.1417
3081.38	0.46582
3080	7.78943
3078.62	5.11194
3077.24	-8.56665
3075.86	-17.2463
3074.48	-11.9271
3073.1	-16.6094
3071.72	11.7078
3070.33	-16.9761
3068.95	-15.6609
3067.57	-13.3462
3066.19	25.9669
3064.8	31.2791
3063.42	-13.4097
3062.03	-7.09949
3060.65	-7.78955
3059.26	-10.4812
3057.88	-12.1738
3056.49	-2.8667
3055.11	-4.56116
3053.72	18.7437
3052.33	-2.95203
3050.95	0.35083
3049.56	2.65332
3048.17	-1.04504
3046.78	-13.7446
3045.4	21.5553
3044.01	-23.1456
3042.62	9.1521
3041.23	3.44946
3039.84	4.74609
3038.45	-21.9581
3037.06	-6.66333
3035.67	16.6309
3034.28	-16.0759
3032.88	-7.78345
3031.49	0.508179
3030.1	-26.2009
3028.71	-4.91101
3027.31	16.3783
3025.92	-22.3333
3024.52	5.95435
3023.13	16.2418
3021.74	-1.47229
3020.34	-1.18689
3018.95	9.09814
3017.55	10.382
3016.16	-30.3347
3014.76	5.94739
3013.36	8.22949
3011.96	2.51001
3010.57	-5.20972
3009.17	-15.9305
3007.77	0.348267
3006.37	0.626343
3004.97	-10.0964
3003.57	7.17957
3002.17	17.4552
3000.77	11.7303
2999.37	9.00452
2997.97	33.278
2996.57	37.5505
2995.17	20.8224
2993.77	13.0935
2992.37	23.3639
2990.97	33.6334
2989.56	22.9021
2988.16	28.1708
2986.76	48.4379
2985.35	36.7045
2983.95	19.97
2982.54	28.2355
2981.14	42.4995
2979.73	59.7634
2978.33	52.0259
2976.92	61.2882
2975.51	64.5491
2974.11	63.8097
2972.7	58.0697
2971.29	77.3281
2969.89	69.5864
2968.48	64.8439
2967.07	94.1002
2965.66	79.3561
2964.25	100.611
2962.84	91.8654
2961.43	73.1184
2960.02	123.371
2958.61	103.623
2957.2	97.8739
2955.79	97.1239
2954.38	121.373
2952.96	142.622
2951.55	113.869
2950.14	123.116
2948.73	88.3624
2947.31	103.607
2945.9	159.852
2944.48	177.095
2943.07	145.338
2941.65	145.58
2940.24	184.821
2938.82	177.061
2937.41	147.3
2935.99	188.539
2934.57	186.776
2933.16	200.013
2931.74	185.249
2930.32	156.484
2928.9	168.718
2927.48	184.951
2926.06	201.183
2924.64	181.415
2923.22	188.645
2921.8	208.875
2920.38	216.104
2918.96	214.331
2917.54	209.558
2916.12	180.784
2914.7	227.009
2913.28	218.234
2911.85	230.457
2910.43	221.679
2909.01	250.9
2907.58	198.121
2906.16	243.341
2904.74	200.559
2903.31	197.777
2901.88	213.993
2900.46	245.209
2899.03	235.424
2897.61	249.638
2896.18	247.851
2894.75	228.063
2893.33	221.274
2891.9	217.484
2890.47	220.693
2889.04	214.901
2887.61	261.108
2886.18	233.314
2884.75	236.519
2883.32	281.723
2881.89	212.926
2880.46	217.128
2879.03	227.329
2877.6	216.53
2876.17	260.729
2874.74	233.927
2873.3	245.124
2871.87	218.32
2870.44	240.515
2869.01	217.709
2867.57	221.902
2866.14	219.094
2864.7	231.285
2863.27	234.475
2861.83	236.664
2860.4	209.852
2858.96	222.039
2857.52	204.225
2856.09	197.41
2854.65	197.594
2853.21	229.776
2851.77	179.958
2850.34	174.139
2848.9	176.318
2847.46	142.497
2846.02	159.675
2844.58	102.851
2843.14	111.027
2841.7	132.201
2840.26	94.3741
2838.82	98.5463
2837.37	99.7174
2835.93	77.8877
2834.49	82.0566
2833.05	50.2249
2831.6	36.3915
2830.16	68.5575
2828.72	42.7223
2827.27	20.886
2825.83	44.0487
2824.38	23.2103
2822.94	66.3706
2821.49	31.53
2820.05	51.6886
2818.6	18.8456
2817.15	10.002
2815.71	35.157
2814.26	35.311
2812.81	25.4641
2811.36	36.6161
2809.91	23.7668
2808.47	21.9165
2807.02	33.0651
2805.57	0.212891
2804.12	31.3594
2802.67	38.5044
2801.22	6.64893
2799.76	7.79236
2798.31	0.934204
2796.86	40.0753
2795.41	53.2153
2793.96	13.3542
2792.5	27.4919
2791.05	25.6285
2789.6	6.76453
2788.14	14.8989
2786.69	30.0325
2785.23	3.16467
2783.78	23.296
2782.32	1.42627
2780.86	25.5552
2779.41	6.68323
2777.95	44.8101
2776.5	-2.06372
2775.04	49.0609
2773.58	20.1846
2772.12	26.3074
2770.66	1.42859
2769.2	21.5491
2767.74	18.6682
2766.29	27.7865
2764.83	53.9037
2763.36	21.0198
2761.9	45.1348
2760.44	41.2487
2758.98	43.3613
2757.52	49.4731
2756.06	70.5837
2754.59	42.6934
2753.13	41.8016
2751.67	34.9092
2750.2	51.0155
2748.74	43.1207
2747.28	21.2247
2745.81	44.3278
2744.35	40.4297
2742.88	33.5308
2741.41	25.6305
2739.95	59.7292
2738.48	54.8267
2737.01	60.9233
2735.55	63.0188
2734.08	72.1133
2732.61	19.2067
2731.14	72.2987
2729.67	60.3898
2728.2	45.4797
2726.73	47.5686
2725.26	30.6566
2723.79	16.7433
2722.32	41.829
2720.85	29.9138
2719.38	56.9974
2717.91	38.0798
2716.44	32.1613
2714.96	30.2416
2713.49	22.3207
2712.02	17.399
2710.54	19.4758
2709.07	23.5516
2707.59	0.626709
2706.12	17.7007
2704.64	34.7734
2703.17	21.8451
2701.69	30.9156
2700.22	10.9851
2698.74	-2.94666
2697.26	37.1206
2695.78	10.1869
2694.31	40.252
2692.83	14.3162
2691.35	-17.6207
2689.87	18.4412
2688.39	8.50159
2686.91	8.56128
2685.43	11.6204
2683.95	14.6777
2682.47	42.734
2680.99	10.7896
2679.51	12.8436
2678.03	23.897
2676.54	-21.0513
2675.06	23.9998
2673.58	-7.95044
2672.09	26.0985
2670.61	23.1461
2669.13	-13.807
2667.64	-39.7617
2666.16	-13.7175
2664.67	-3.67407
2663.18	-19.6321
2661.7	3.40906
2660.21	24.4491
2658.72	28.488
2657.24	19.5258
2655.75	-7.43774
2654.26	53.5978
2652.77	23.6324
2651.28	31.6655
2649.8	-7.30212
2648.31	18.7288
2646.82	26.7588
2645.33	18.7876
2643.84	6.81519
2642.34	22.8418
2640.85	18.8671
2639.36	28.8912
2637.87	15.9147
2636.38	-8.06348
2634.88	16.9576
2633.39	16.9771
2631.9	10.9957
2630.4	18.0132
2628.91	8.02954
2627.41	-3.95544
2625.92	17.0586
2624.42	28.0718
2622.93	3.08313
2621.43	7.09399
2619.93	19.103
2618.44	35.1112
2616.94	22.1183
2615.44	9.12415
2613.94	20.1289
2612.44	-3.86768
2610.95	-0.865479
2609.45	24.1355
2607.95	-26.8644
2606.45	-3.86597
2604.95	24.1317
2603.44	47.1282
2601.94	25.1234
2600.44	5.11731
2598.94	-1.89001
2597.44	11.1014
2595.93	4.09155
2594.43	9.08069
2592.93	-1.93152
2591.42	30.0552
2589.92	-19.9598
2588.42	-15.9756
2586.91	22.0074
2585.4	31.9889
2583.9	23.9692
2582.39	23.9482
2580.89	35.9264
2579.38	-8.09705
2577.87	18.8784
2576.36	23.8523
2574.86	27.8251
2573.35	14.7966
2571.84	46.767
2570.33	15.7358
2568.82	7.70337
2567.31	42.67
2565.8	19.635
2564.29	7.599
2562.78	37.5612
2561.27	8.52234
2559.75	11.4823
2558.24	21.4408
2556.73	9.39795
2555.22	15.3536
2553.7	-5.69189
2552.19	31.2615
2550.68	0.213135
2549.16	19.1637
2547.65	42.113
2546.13	19.0603
2544.61	21.0067
2543.1	12.9518
2541.58	-2.10474
2540.07	-3.16211
2538.55	4.77869
2537.03	-19.2817
2535.51	36.6561
2533.99	-15.4071
2532.48	23.5283
2530.96	-3.53784
2529.44	10.3947
2527.92	67.3256
2526.4	51.255
2524.88	12.1831
2523.36	16.1101
2521.83	14.0352
2520.31	9.95911
2518.79	-2.11829
2517.27	31.8027
2515.74	2.72217
2514.22	3.64014
2512.7	10.5566
2511.17	14.4714
2509.65	-23.6146
2508.12	15.2972
2506.6	35.208
2505.07	12.1173
2503.55	24.0249
2502.02	-10.0688
2500.49	6.83569
2498.97	16.7388
2497.44	12.6406
2495.91	7.54053
2494.38	16.4393
2492.85	8.33606
2491.32	-13.7684
2489.8	-3.87427
2488.27	-10.9819
2486.74	4.90894
2485.2	9.7981
2483.67	-5.31372
2482.14	18.5723
2480.61	24.4569
2479.08	-5.66016
2477.55	-9.77856
2476.01	14.1013
2474.48	-15.0204
2472.95	23.8563
2471.41	1.73181
2469.88	13.6053
2468.34	10.4771
2466.81	9.34753
2465.27	-5.78345
2463.74	27.0837
2462.2	7.94934
2460.66	25.8132
2459.12	-1.32458
2457.59	-13.464
2456.05	40.395
2454.51	-21.7474
2452.97	23.1085
2451.43	0.962402
2449.89	7.81506
2448.35	-11.3341
2446.81	-5.48486
2445.27	4.36267
2443.73	1.20886
2442.19	-3.94702
2440.65	17.8959
2439.11	-22.2634
2437.56	-35.4238
2436.02	-3.58606
2434.48	-2.75012
2432.93	-44.9159
2431.39	28.9167
2429.84	-4.25195
2428.3	-27.4227
2426.75	-23.595
2425.21	3.23132
2423.66	13.0552
2422.12	23.8778
2420.57	-14.3013
2419.02	-28.4814
2417.47	-17.6639
2415.93	6.15173
2414.38	12.9662
2412.83	-2.22156
2411.28	-2.41052
2409.73	8.39868
2408.18	-19.7936
2406.63	21.0121
2405.08	0.81604
2403.53	15.619
2401.98	32.4194
2400.42	-5.78113
2398.87	26.0159
2397.32	-37.1882
2395.77	11.606
2394.21	11.3982
2392.66	-5.81116
2391.1	-3.02173
2389.55	8.7655
2387.99	-15.4486
2386.44	4.33508
2384.88	27.1176
2383.33	33.8983
2381.77	-29.3228
2380.21	-13.5455
2378.66	-8.76978
2377.1	8.00391
2375.54	-1.22339
2373.98	-37.453
2372.42	42.3162
2370.86	10.0836
2369.3	5.84949
2367.74	-39.3866
2366.18	-32.6241
2364.62	7.13647
2363.06	21.8959
2361.5	13.6532
2359.94	-29.5908
2358.37	23.1637
2356.81	-16.0836
2355.25	52.6675
2353.68	-13.5834
2352.12	0.164429
2350.56	-24.089
2348.99	-0.344604
2347.43	13.3986
2345.86	-10.8604
2344.29	33.8795
2342.73	16.6178
2341.16	26.3545
2339.59	30.0901
2338.03	-14.1764
2336.46	11.5554
2334.89	32.286
2333.32	14.0151
2331.75	7.74255
2330.18	44.468
2328.61	23.1929
2327.04	20.9155
2325.47	52.6368
2323.9	-10.6431
2322.33	37.0748
2320.76	11.792
2319.18	-6.49255
2317.61	35.2208
2316.04	-1.06616
2314.47	-30.3552
2312.89	6.354
2311.32	15.0619
2309.74	18.7688
2308.17	22.4742
2306.59	-14.8223
2305.02	8.88
2303.44	18.5812
2301.86	39.2805
2300.29	2.97925
2298.71	7.67603
2297.13	2.37158
2295.55	-22.9346
2293.97	-19.2416
2292.4	25.4498
2290.82	9.14014
2289.24	29.8289
2287.66	22.5164
2286.08	-29.7972
2284.49	19.8875
2282.91	28.5714
2281.33	4.25378
2279.75	-16.0649
2278.17	-10.3849
2276.58	9.2937
2275	26.9711
2273.42	6.64709
2271.83	11.3224
2270.25	-2.00354
2268.66	14.6687
2267.08	3.34045
2265.49	-5.98938
2263.91	13.6798
2262.32	2.34839
2260.73	-21.9849
2259.14	19.6812
2257.56	-11.6544
2255.97	16.0094
2254.38	17.6721
2252.79	-3.66626
2251.2	-19.006
2249.61	28.6533
2248.02	-8.68787
2246.43	1.96924
2244.84	26.6257
2243.25	-1.71863
2241.66	-5.0647
2240.07	9.58875
2238.47	-23.7583
2236.88	29.8931
2235.29	23.5436
2233.69	1.19348
2232.1	23.8419
2230.5	18.49
2228.91	4.13696
2227.31	-1.2168
2225.72	10.4285
2224.12	11.0732
2222.53	25.7167
2220.93	4.35962
2219.33	7.00134
2217.73	3.64246
2216.14	27.2831
2214.54	45.9225
2212.94	8.5614
2211.34	-2.80017
2209.74	22.8372
2208.14	6.474
2206.54	7.10938
2204.94	11.7449
2203.34	17.3794
2201.74	-8.98682
2200.13	-5.35364
2198.53	34.2793
2196.93	11.9109
2195.33	-2.45764
2193.72	38.1732
2192.12	28.8029
2190.51	28.4324
2188.91	28.0618
2187.3	18.6899
2185.7	42.3174
2184.09	30.9448
2182.48	15.5712
2180.88	-20.8026
2179.27	65.8231
2177.66	10.4481
2176.05	2.07263
2174.45	-14.3033
2172.84	11.3204
2171.23	1.94324
2169.62	-12.4337
2168.01	46.1885
2166.4	19.8103
2164.79	-0.568359
2163.18	-25.9476
2161.56	22.6727
2159.95	-30.7069
2158.34	16.9125
2156.73	-23.4681
2155.11	59.1509
2153.5	-1.23047
2151.89	53.3876
2150.27	-3.99487
2148.66	17.6229
2147.04	2.23999
2145.43	22.8569
2143.81	11.4735
2142.19	22.0896
2140.58	10.7053
2138.96	16.3207
2137.34	33.9355
2135.72	17.55
2134.1	2.16492
2132.48	17.7794
2130.86	-12.6071
2129.25	36.0065
2127.63	34.6205
2126	44.2333
2124.38	65.8459
2122.76	-20.5413
2121.14	23.0706
2119.52	17.6827
2117.9	32.2944
2116.27	27.9059
2114.65	-9.48315
2113.03	25.1276
2111.4	21.7385
2109.78	10.3485
2108.15	11.9589
2106.53	20.5687
2104.9	79.1783
2103.27	4.78735
2101.65	24.3962
2100.02	-19.9951
2098.39	3.61353
2096.77	8.22192
2095.14	24.8292
2093.51	19.437
2091.88	15.0442
2090.25	-8.349
2088.62	15.2581
2086.99	32.864
2085.36	-8.52966
2083.73	-6.92444
2082.1	10.681
2080.46	35.2861
2078.83	5.89075
2077.2	28.4949
2075.57	-7.90076
2073.93	-35.2976
2072.3	84.3059
2070.66	26.9087
2069.03	-12.4888
2067.4	16.1132
2065.76	-6.28552
2064.12	-18.6847
2062.49	59.9163
2060.85	9.51611
2059.21	47.116
2057.58	38.7152
2055.94	-7.68628
2054.3	-5.08813
2052.66	22.5094
2051.02	23.1066
2049.38	43.7026
2047.74	8.29871
2046.1	-25.106
2044.46	23.4886
2042.82	11.0824
2041.18	14.6755
2039.53	-33.7322
2037.89	6.85999
2036.25	-3.54932
2034.61	30.041
2032.96	4.63062
2031.32	48.2194
2029.67	-28.1929
2028.03	7.39441
2026.38	19.9803
2024.74	-21.4342
2023.09	7.14954
2021.44	-31.2671
2019.8	17.3152
2018.15	-3.10364
2016.5	-4.52307
2014.85	7.05591
2013.21	11.6342
2011.56	-6.78943
2009.91	29.7864
2008.26	28.3608
2006.61	49.9338
2004.96	33.5063
2003.3	27.0767
2001.65	-17.3544
2000	51.2136
1998.35	23.7802
1996.7	-27.6548
1995.04	56.9087
1993.39	41.4705
1991.74	-12.9688
1990.08	28.5896
1988.43	36.1469
1986.77	25.7024
1985.12	29.2555
1983.46	-10.1927
1981.8	51.3577
1980.15	-11.0944
1978.49	40.4515
1976.83	35.996
1975.17	33.5382
1973.51	-8.92151
1971.86	-0.383545
1970.2	28.1522
1968.54	5.68567
1966.88	15.2174
1965.22	13.7462
1963.55	35.2729
1961.89	14.7974
1960.23	-15.6808
1958.57	18.8384
1956.91	41.355
1955.24	4.86938
1953.58	4.38037
1951.92	21.8893
1950.25	42.3953
1948.59	-15.1017
1946.92	-35.6018
1945.26	-17.1042
1943.59	23.3895
1941.92	2.88086
1940.26	9.36829
1938.59	29.8529
1936.92	48.3342
1935.25	15.8121
1933.59	29.2871
1931.92	1.75781
1930.25	7.22498
1928.58	3.68909
1926.91	-9.85059
1925.24	38.606
1923.57	10.0585
1921.9	-20.4929
1920.22	-13.0477
1918.55	45.3928
1916.88	20.8297
1915.21	18.2623
1913.53	1.69067
1911.86	-0.885376
1910.18	17.5341
1908.51	1.94958
1906.83	14.3599
1905.16	14.766
1903.48	61.1675
1901.81	43.5641
1900.13	40.9557
1898.45	-33.6577
1896.78	19.7245
1895.1	16.1008
1893.42	52.4727
1891.74	-20.1609
1890.06	60.2002
1888.38	35.5557
1886.7	28.9055
1885.02	26.2505
1883.34	-12.4109
1881.66	44.9225
1879.98	21.25
1878.3	-34.4286
1876.61	-17.1132
1874.93	13.196
1873.25	8.49963
1871.56	19.7963
1869.88	33.0872
1868.19	53.3715
1866.51	-6.35071
1864.82	29.9203
1863.14	27.1846
1861.45	38.4426
1859.76	-62.307
1858.08	8.93701
1856.39	48.174
1854.7	50.4036
1853.01	8.62585
1851.32	-2.15845
1849.63	6.04883
1847.95	23.2493
1846.25	33.4414
1844.56	1.62622
1842.87	24.8033
1841.18	-0.0268555
1839.49	-3.86597
1837.8	28.2867
1836.11	33.4321
1834.41	9.56897
1832.72	-11.3027
1831.03	5.81714
1829.33	10.9283
1827.64	18.0314
1825.94	-30.875
1824.25	-1.78967
1822.55	11.2856
1820.85	-18.6472
1819.16	-42.5885
1817.46	-33.5402
1815.76	-64.501
1814.06	17.5293
1812.36	-22.4509
1810.67	24.5601
1808.97	43.561
1807.27	37.5522
1805.57	15.5339
1803.87	-15.4951
1802.17	6.46631
1800.46	-14.5835
1798.76	-12.6426
1797.06	41.2876
1795.36	-7.79224
1793.65	-25.8833
1791.95	-6.98535
1790.25	8.90234
1788.54	-29.2207
1786.84	2.64502
1785.13	20.4995
1783.43	-30.6575
1781.72	-17.8259
1780.01	-42.0049
1778.31	24.8037
1776.6	12.6016
1774.89	5.38721
1773.18	67.1614
1771.47	15.9231
1769.77	-0.326172
1768.06	16.4116
1766.35	-57.8623
1764.64	15.8516
1762.92	20.553
1761.21	-8.7583
1759.5	48.9177
1757.79	4.58203
1756.08	30.2322
1754.36	14.8706
1752.65	-18.5039
1750.94	-12.8918
1749.22	-14.2927
1747.51	-2.7063
1745.79	63.866
1744.08	32.4255
1742.36	51.9717
1740.65	55.5039
1738.93	-9.97754
1737.21	22.5273
1735.49	-12.9819
1733.78	37.4958
1732.06	43.9595
1730.34	30.4077
1728.62	4.84277
1726.9	40.2646
1725.18	7.6709
1723.46	-3.93726
1721.74	13.4407
1720.02	85.8042
1718.3	30.1531
1716.57	16.4868
1714.85	10.8057
1713.13	0.109375
1711.41	51.3997
1709.68	59.6731
1707.96	23.9324
1706.23	-40.8232
1704.51	-3.59448
1702.78	64.6201
1701.05	41.8179
1699.33	28.0012
1697.6	54.168
1695.87	57.3198
1694.15	58.4561
1692.42	79.5767
1690.69	42.6824
1688.96	24.7708
1687.23	74.8445
1685.5	75.9021
1683.77	26.9436
1682.04	82.9688
1680.31	55.978
1678.58	121.971
1676.85	62.9482
1675.11	98.9094
1673.38	58.8542
1671.65	83.7822
1669.91	131.694
1668.18	92.5891
1666.44	120.469
1664.71	135.331
1662.97	178.177
1661.24	180.007
1659.5	162.819
1657.76	185.615
1656.03	193.396
1654.29	217.158
1652.55	205.905
1650.81	245.635
1649.07	225.347
1647.33	272.043
1645.59	281.722
1643.85	290.385
1642.11	271.03
1640.37	328.659
1638.63	326.271
1636.89	377.865
1635.15	472.445
1633.4	561.005
1631.66	693.55
1629.92	873.076
1628.17	970.587
1626.43	1222.08
1624.68	1508.56
1622.94	1709.02
1621.19	1937.46
1619.45	1865.89
1617.7	1778.3
1615.95	1535.69
1614.21	1318.06
1612.46	1082.42
1610.71	922.761
1608.96	705.087
1607.21	619.396
1605.46	596.687
1603.71	646.962
1601.96	737.219
1600.21	696.46
1598.46	869.685
1596.71	1100.89
1594.95	1198.08
1593.2	1393.26
1591.45	1550.42
1589.7	1659.56
1587.94	1806.69
1586.19	1813.8
1584.43	1732.89
1582.68	1613.97
1580.92	1432.03
1579.16	1224.07
1577.41	1039.1
1575.65	813.113
1573.89	681.11
1572.13	590.089
1570.38	514.055
1568.62	448.006
1566.86	364.939
1565.1	328.857
1563.34	332.76
1561.58	380.648
1559.82	325.521
1558.06	336.378
1556.29	376.219
1554.53	388.048
1552.77	435.859
1551.01	509.657
1549.24	491.44
1547.48	587.209
1545.71	742.962
1543.95	774.703
1542.18	747.427
1540.42	814.139
1538.65	937.836
1536.89	825.52
1535.12	921.189
1533.35	812.844
1531.58	770.488
1529.82	736.117
1528.05	593.732
1526.28	553.335
1524.51	590.927
1522.74	517.503
1520.97	472.067
1519.2	392.62
1517.42	324.16
1515.65	318.688
1513.88	311.203
1512.11	216.706
1510.33	218.197
1508.56	225.678
1506.79	231.148
1505.01	220.606
1503.24	243.053
1501.46	167.489
1499.69	242.913
1497.91	281.329
1496.13	217.732
1494.36	301.126
1492.58	330.511
1490.8	315.885
1489.02	329.252
1487.24	462.607
1485.46	417.954
1483.68	508.292
1481.9	632.621
1480.12	600.942
1478.34	579.253
1476.56	718.558
1474.78	721.853
1473	683.142
1471.21	639.423
1469.43	511.697
1467.65	570.963
1465.86	502.224
1464.08	504.477
1462.29	514.724
1460.51	579.966
1458.72	547.201
1456.93	614.43
1455.15	613.656
1453.36	661.874
1451.57	708.088
1449.79	745.298
1448	760.504
1446.21	773.704
1444.42	709.901
1442.63	764.096
1440.84	748.286
1439.05	741.474
1437.26	617.658
1435.46	525.84
1433.67	522.019
1431.88	430.198
1430.09	346.372
1428.29	331.547
1426.5	287.72
1424.71	198.892
1422.91	137.063
1421.12	162.235
1419.32	168.407
1417.52	178.576
1415.73	163.748
1413.93	287.921
1412.13	210.096
1410.34	203.27
1408.54	287.447
1406.74	335.626
1404.94	365.807
1403.14	419.99
1401.34	558.176
1399.54	730.364
1397.74	803.558
1395.94	1010.75
1394.14	1146.96
1392.33	1232.16
1390.53	1373.37
1388.73	1363.58
1386.92	1430.8
1385.12	1389.03
1383.32	1297.26
1381.51	1179.5
1379.7	1243.74
1377.9	1118.99
1376.09	1122.25
1374.29	1119.51
1372.48	1102.79
1370.67	1182.07
1368.86	1065.36
1367.05	1166.66
1365.25	1218.96
1363.44	1282.28
1361.63	1173.6
1359.82	1060.94
1358.01	1085.29
1356.19	1155.64
1354.38	1161.01
1352.57	1136.39
1350.76	1133.78
1348.95	1097.18
1347.13	1150.6
1345.32	1081.03
1343.5	954.465
1341.69	888.919
1339.87	888.386
1338.06	844.866
1336.24	723.36
1334.43	745.868
1332.61	649.392
1330.79	472.931
1328.97	434.485
1327.16	368.054
1325.34	340.639
1323.52	316.24
1321.7	213.859
1319.88	236.493
1318.06	231.145
1316.24	195.815
1314.41	289.502
1312.59	348.209
1310.77	322.932
1308.95	344.675
1307.12	410.437
1305.3	401.217
1303.48	571.017
1301.65	513.836
1299.83	546.677
1298	573.539
1296.18	653.419
1294.35	510.323
1292.52	543.246
1290.69	454.191
1288.87	371.159
1287.04	309.146
1285.21	338.158
1283.38	224.192
1281.55	52.249
1279.72	112.33
1277.89	-54.5669
1276.06	-45.4392
1274.23	-60.2878
1272.4	-68.1123
1270.57	-73.9131
1268.73	-89.6892
1266.9	-128.439
1265.07	-134.164
1263.23	-149.864
1261.4	-104.539
1259.56	-198.188
1257.73	-142.811
1255.89	-135.407
1254.06	-166.977
1252.22	-196.521
1250.38	-217.038
1248.54	-158.526
1246.71	-122.989
1244.87	-164.423
1243.03	-138.831
1241.19	-220.209
1239.35	-172.561
1237.51	-234.882
1235.67	-167.177
1233.83	-211.443
1231.98	-97.6807
1230.14	-149.889
1228.3	-88.0686
1226.46	-58.2178
1224.61	-77.3394
1222.77	-88.4304
1220.92	-73.4934
1219.08	-12.5259
1217.23	-38.5283
1215.39	-55.5002
1213.54	-24.4436
1211.7	-38.3557
1209.85	-51.2378
1208	-88.0901
1206.15	-73.9121
1204.3	-27.7039
1202.45	-81.4656
1200.61	58.8047
1198.76	197.105
1196.91	322.436
1195.05	490.797
1193.2	734.189
1191.35	925.613
1189.5	1037.07
1187.65	1338.55
1185.79	1490.07
1183.94	1660.61
1182.09	1965.19
1180.23	2103.8
1178.38	2197.44
1176.52	2374.11
1174.67	2323.81
1172.81	2303.54
1170.95	2239.3
1169.1	2029.09
1167.24	1758.91
1165.38	1542.76
1163.52	1309.65
1161.66	1116.56
1159.8	950.503
1157.94	742.477
1156.08	641.48
1154.22	595.513
1152.36	474.575
1150.5	410.668
1148.64	411.79
1146.77	315.941
1144.91	310.121
1143.05	313.329
1141.18	292.568
1139.32	259.833
1137.45	319.127
1135.59	349.45
1133.72	234.801
1131.86	387.179
1129.99	348.585
1128.12	311.017
1126.25	275.477
1124.39	317.963
1122.52	331.476
1120.65	313.015
1118.78	269.58
1116.91	317.171
1115.04	333.786
1113.17	364.427
1111.3	276.093
1109.42	247.782
1107.55	189.496
1105.68	191.233
1103.81	91.9932
1101.93	94.7766
1100.06	32.5825
1098.18	-31.5898
1096.31	5.25977
1094.43	-58.8691
1092.56	-97.9775
1090.68	-58.0652
1088.8	-52.1328
1086.93	-82.1809
1085.05	-75.2102
1083.17	-89.2202
1081.29	-75.2126
1079.41	-147.187
1077.53	-154.144
1075.65	-93.0847
1073.77	-111.009
1071.89	-137.917
1070.01	-144.811
1068.13	-28.6892
1066.24	-108.554
1064.36	-93.4053
1062.48	-25.2432
1060.59	-13.0691
1058.71	-35.8831
1056.83	4.31421
1054.94	57.5217
1053.05	130.74
1051.17	288.967
1049.28	337.203
1047.39	374.447
1045.51	374.698
1043.62	328.956
1041.73	252.22
1039.84	147.49
1037.95	65.7651
1036.06	-37.9565
1034.17	-29.6743
1032.28	-86.3896
1030.39	-3.10303
1028.5	-23.8152
1026.61	-16.5271
1024.71	-44.2388
1022.82	-34.9519
1020.93	-47.6663
1019.03	-60.3838
1017.14	-31.104
1015.24	24.1709
1013.35	54.4414
1011.45	105.706
1009.56	28.9648
1007.66	75.2156
1005.76	94.4585
1003.86	143.693
1001.97	112.917
1000.07	250.13
998.167	258.332
996.268	255.522
994.368	267.698
992.466	215.861
990.565	340.008
988.664	338.14
986.762	308.254
984.86	479.352
982.957	437.431
981.053	410.49
979.15	425.529
977.245	517.547
975.34	460.542
973.435	491.515
971.53	433.463
969.624	386.387
967.717	397.284
965.809	386.155
963.902	404.998
961.994	317.812
960.086	453.596
958.177	494.35
956.267	460.072
954.357	458.761
952.447	480.417
950.536	531.038
948.625	646.624
946.713	697.173
944.8	715.684
942.888	779.157
940.974	713.591
939.061	658.984
937.147	621.335
935.233	503.645
933.317	451.91
931.402	490.131
929.485	404.306
927.569	452.436
925.652	530.517
923.735	663.551
921.817	911.534
919.899	1283.47
917.98	1534.35
916.061	2022.18
914.141	2166.96
912.22	1999.68
910.3	1770.34
908.378	1302.95
906.456	1039.5
904.534	805.998
902.612	559.433
900.689	434.807
898.766	432.12
896.841	330.369
894.916	326.557
892.991	271.679
891.066	291.738
889.14	292.729
887.214	277.654
885.287	282.51
883.36	247.298
881.432	273.015
879.504	237.663
877.575	216.237
875.646	260.739
873.716	241.168
871.786	318.522
869.855	320.8
867.924	302.003
865.992	296.127
864.06	282.175
862.128	296.143
860.194	297.031
858.261	259.84
856.327	274.565
854.393	297.21
852.458	275.771
850.522	311.249
848.586	376.641
846.65	346.949
844.714	442.171
842.776	396.303
840.838	495.349
838.901	463.308
836.961	510.176
835.023	446.956
833.082	492.642
831.142	547.239
829.202	594.744
827.261	535.158
825.319	536.476
823.377	635.702
821.434	657.83
819.491	668.866
817.548	911.808
815.604	1024.65
813.66	1097.4
811.715	1283.05
809.769	1262.6
807.823	1411.05
805.878	1405.41
803.93	1372.66
801.983	1309.82
800.035	1155.87
798.087	1103.83
796.139	967.684
794.189	845.435
792.24	732.088
790.289	564.634
788.339	493.081
786.387	350.425
784.436	265.669
782.484	288.806
780.532	212.842
778.578	114.77
776.624	152.597
774.671	176.323
772.716	144.942
770.762	124.458
768.806	186.866
766.85	329.173
764.893	586.375
762.937	748.475
760.979	871.466
759.022	919.356
757.064	596.141
755.105	369.821
753.145	429.395
751.185	389.865
749.226	419.234
747.264	450.493
745.303	535.653
743.341	434.708
741.38	361.664
739.417	436.511
737.454	635.259
735.49	969.904
733.526	1432.45
731.562	1637.88
729.596	1730.22
727.631	1725.46
725.665	1705.6
723.699	1420.63
721.732	903.57
719.764	596.406
717.797	396.148
715.828	197.785
713.859	185.329
711.889	152.774
709.919	61.1221
707.949	65.3794
705.978	93.5347
704.007	-18.3999
702.035	12.5703
700.063	-55.5527
698.091	-41.7632
696.117	-74.0723
694.143	-48.4668
692.169	-58.9521
690.194	-93.5278
688.219	-89.1919
686.244	-103.939
684.267	20.2212
682.291	-53.6987
680.314	-113.704
678.336	-174.794
676.358	-132.961
674.379	-69.2163
672.4	-43.5469
670.421	-1.95752
668.441	6.55322
666.46	29.9858
664.479	-12.6528
662.497	-55.3721
660.516	-97.1602
658.533	-232.021
656.55	-209.955
654.567	-125.953
652.583	-119.026
650.598	-147.162
648.614	-129.364
646.628	-97.6328
644.643	-102.959
642.656	-73.355
640.669	-122.806
638.682	-127.318
636.694	-114.889
634.706	-34.5171
632.717	-41.1948
630.728	-87.9346
628.738	-37.7212
626.748	-10.5601
624.757	23.5508
622.766	86.6187
620.774	-16.3682
618.782	55.6055
616.789	-30.4663
614.796	-97.5815
612.802	-39.7388
610.808	-104.93
608.814	-112.161
606.818	-93.437
604.822	-126.742
602.827	-111.076
600.83	-207.449
598.833	-138.849
596.836	-211.279
594.838	-143.739
592.839	-114.227
590.84	-107.742
588.841	-29.2749
586.84	110.161
584.84	102.581
582.838	164.979
580.838	170.364
578.835	297.724
576.833	344.072
574.83	404.404
572.827	491.721
570.822	504.023
568.818	590.313
566.813	579.597
564.808	543.871
562.802	517.134
560.795	389.39
558.788	418.636
556.781	281.884
554.773	236.125
552.765	136.36
550.756	8.59131
548.747	99.8188
546.737	105.05
544.726	146.272
542.716	346.499
540.704	356.725
538.692	504.95
536.68	753.181
534.667	1022.41
532.654	1286.64
530.64	1401.87
528.626	1544.1
526.611	1590.34
524.596	1436.57
522.58	1136.81
520.564	977.054
518.547	832.294
516.529	749.534
514.512	480.781
512.494	375.026
510.476	213.269
508.456	266.51
506.436	173.747
504.416	34.9795
502.395	68.2139
500.374	65.4414
498.353	14.6616
496.33	15.8721
494.307	-36.9272
492.284	-4.73242
490.261	68.4487
488.237	4.61426
486.212	53.7617
484.187	-25.1099
482.161	-14.9971
480.134	56.0845
478.108	-29.854
476.081	-43.8218
474.054	-88.8149
472.025	-77.8506
469.997	-96.9175
467.968	-140.026
465.938	2.81982
463.908	82.6172
461.877	67.3618
459.846	238.057
457.814	283.692
455.782	407.262
453.75	568.763
451.716	818.189
449.683	1077.54
447.649	1461.81
445.614	1709
443.579	1965.08
441.543	1853.07
439.508	1775.96
437.47	1556.73
435.433	1557.38
433.396	1662.91
431.358	1861.32
429.319	2305.58
427.28	2776.71
425.241	3065.68
423.201	3295.48
421.16	3007.12
419.118	2691.58
417.077	2100.87
415.035	1593.96
412.993	1100.85
410.949	748.52
408.905	363.971
406.862	152.201
404.816	-59.8213
402.771	-151.086
400.727	-229.604
398.68	-147.405
396.633	-336.49
394.586	-321.862
392.539	-356.542
390.491	-211.542
388.442	-334.874
386.393	-415.54
384.344	-330.563
382.293	-429.97
380.242	-284.75
378.192	-382.917
376.14	-322.508
374.088	-237.516
372.035	-262.965
369.982	-170.872
367.928	-204.252
365.874	-60.1211
363.82	19.5166
361.765	229.632
359.709	456.209
357.653	583.23
355.596	783.677
353.539	716.546
351.481	974.79
349.423	1097.42
347.364	1323.4
345.305	1349.73
343.245	1491.35
341.185	1628.29
339.125	1614.49
337.063	1555.95
335.001	1532.63
332.94	1401.54
330.876	1246.61
328.813	1192.87
326.749	931.263
324.685	763.774
322.621	675.396
320.555	542.068
318.489	421.803
316.423	380.557
314.356	183.304
312.29	94.04
310.221	154.697
308.153	48.291
306.084	-46.2266
304.015	-24.8833
301.946	-97.6826
299.875	-6.7002
297.804	-169.918
295.733	-142.386
293.661	20.8643
291.588	42.8037
289.516	51.4297
287.443	255.684
285.369	355.537
283.295	435.956
281.22	614.911
279.144	882.369
277.068	1126.33
274.992	1441.73
272.915	1806.53
270.837	2365.71
268.76	2836.25
266.681	3618.07
264.602	4517.19
262.523	5723.55
260.443	6854.14
258.362	8402.87
256.282	9868.75
254.2	11390.7
252.118	12988.7
250.036	14473.8
247.952	15472.9
245.869	16542.9
243.784	17134.8
241.7	17490.6
239.616	17451.3
237.53	17555.7
235.443	17562.9
233.357	17550.9
231.27	17760.5
229.182	17736.8
227.094	17331.8
225.005	17482.2
222.916	17044.2
220.827	16779.7
218.737	16353.7
216.646	15703
214.555	15282.8
212.462	14624.8
210.37	14016.2
208.278	13256.8
206.185	12116.7
204.091	11223.7
201.997	10381.9
199.902	9392.13
197.807	8504.44
195.711	7431.75
193.615	6414.1
191.517	5599.31
189.42	5070.48
187.322	4124.49
185.224	3385.31
183.125	2896.99
181.025	2497.32
178.926	2184.42
176.825	1697.18
174.724	1421.57
172.623	1435.63
170.521	1130.14
168.418	984.264
166.315	726.862
164.212	735.906
162.108	546.457
160.003	298.288
157.898	228.561
155.793	65.1484
153.686	-14.9805
151.58	68.2441
149.473	-232.408
147.365	-207.76
145.257	-161.943
143.148	-294.986
141.039	-411.908
138.929	-352.627
136.819	-320.27
134.709	-201.865
132.597	-183.43
130.485	-131.984
128.373	-195.424
126.26	-158.008
124.147	-299.504
122.033	-81.0488
119.919	-177.523
117.804	-288.197
115.688	-30.8145
113.573	143.488
111.456	81.707
109.339	276.84
107.222	592.027
105.103	949.99
102.985	1678.02
100.866	1729.98
98.7467	1922.04
96.6262	1858.9
