3502.52	-7.26819
3501.25	6.7655
3499.98	13.7815
3498.71	-5.21826
3497.44	8.76453
3496.17	-13.2681
3494.9	13.6824
3493.62	11.6177
3492.35	-3.46375
3491.08	22.4392
3489.8	-0.672485
3488.53	3.19971
3487.26	-10.9424
3485.98	-8.10034
3484.71	10.7271
3483.43	1.54041
3482.16	-5.66138
3480.88	1.12244
3479.6	26.8922
3478.33	-23.3516
3477.05	-11.6097
3475.77	1.11829
3474.5	8.83289
3473.22	4.53394
3471.94	1.22192
3470.66	-0.102783
3469.38	-9.44104
3468.1	22.208
3466.82	-7.15576
3465.54	-2.53186
3464.26	13.0795
3462.98	-3.32141
3461.7	-1.73425
3460.42	-8.15918
3459.14	0.404053
3457.86	-21.0443
3456.57	8.49573
3455.29	-3.97571
3454.01	-13.4587
3452.73	3.04749
3451.44	6.5426
3450.16	-11.9731
3448.87	-2.49963
3447.59	4.96313
3446.3	19.4152
3445.02	-0.142944
3443.73	0.288818
3442.45	7.70996
3441.16	7.12158
3439.88	-15.4769
3438.59	16.9146
3437.3	3.29688
3436.01	1.66943
3434.73	23.0323
3433.44	-7.61377
3432.15	-11.2694
3430.86	-7.93384
3429.57	-0.607544
3428.28	-18.2897
3426.99	9.01892
3425.7	5.31934
3424.41	2.61084
3423.12	-31.1058
3421.83	4.16895
3420.54	1.43555
3419.24	-8.30579
3417.95	14.9446
3416.66	12.1871
3415.37	-8.578
3414.07	12.6489
3412.78	-20.1317
3411.48	-6.91968
3410.19	-1.71533
3408.9	-6.51831
3407.6	-13.3285
3406.31	5.85425
3405.01	-4.97021
3403.72	21.1985
3402.42	15.3602
3401.12	-2.48468
3399.82	11.6636
3398.53	31.8053
3397.23	14.9404
3395.93	12.0691
3394.63	-4.80853
3393.33	14.3074
3392.04	14.4173
3390.74	6.52106
3389.44	-9.38123
3388.14	18.7106
3386.84	-2.20355
3385.53	-6.12341
3384.23	5.95093
3382.93	-5.98035
3381.63	-7.91718
3380.33	6.1405
3379.03	-7.80731
3377.72	12.2396
3376.42	8.28125
3375.12	7.31763
3373.81	4.34894
3372.51	3.37512
3371.2	11.3963
3369.9	-2.5874
3368.59	2.42401
3367.29	-6.5694
3365.98	4.43243
3364.68	6.42963
3363.37	-0.577759
3362.06	10.4103
3360.76	1.3938
3359.45	1.37292
3358.14	24.3477
3356.83	8.31818
3355.52	8.28436
3354.22	17.2464
3352.91	11.2043
3351.6	25.1581
3350.29	11.1079
3348.98	9.05371
3347.67	2.99567
3346.36	9.93372
3345.04	0.867981
3343.73	-2.20154
3342.42	0.725281
3341.11	-4.35162
3339.8	-12.4321
3338.48	2.48395
3337.17	7.39636
3335.86	0.30542
3334.54	10.211
3333.23	14.1132
3331.91	1.01221
3330.6	9.90784
3329.28	1.80023
3327.97	-1.31055
3326.65	-1.4245
3325.34	10.4586
3324.02	12.3384
3322.7	14.2153
3321.38	1.08923
3320.07	-7.03979
3318.75	12.8282
3317.43	-10.3065
3316.11	10.5558
3314.79	-6.58459
3313.47	-12.7278
3312.15	1.12646
3310.83	-16.0222
3309.51	-12.1733
3308.19	1.67285
3306.87	4.51648
3305.55	17.3575
3304.23	2.19617
3302.9	-1.9679
3301.58	-3.13416
3300.26	-3.30298
3298.94	-5.47412
3297.61	-6.64771
3296.29	-10.8236
3294.96	17.9983
3293.64	3.81787
3292.31	-3.36475
3290.99	6.45044
3289.66	-15.7367
3288.34	20.0741
3287.01	-11.1172
3285.68	3.68933
3284.36	24.4938
3283.03	17.2961
3281.7	-4.90356
3280.37	8.89478
3279.05	-11.3087
3277.72	2.4856
3276.39	7.27808
3275.06	-5.9314
3273.73	-25.1427
3272.4	20.644
3271.07	-2.57117
3269.74	-8.78796
3268.41	4.99316
3267.08	12.7727
3265.74	-16.4497
3264.41	-7.67371
3263.08	11.1002
3261.75	3.8728
3260.41	-4.35657
3259.08	2.41248
3257.75	19.1797
3256.41	1.94543
3255.08	4.70959
3253.74	-1.5282
3252.41	-6.76733
3251.07	5.99194
3249.74	12.7496
3248.4	8.50574
3247.06	17.26
3245.73	18.0131
3244.39	6.76453
3243.05	13.5144
3241.71	-4.73718
3240.37	-3.99023
3239.04	15.7551
3237.7	-5.50085
3236.36	-2.7583
3235.02	9.98267
3233.68	10.7223
3232.34	18.4607
3231	21.1975
3229.66	24.9329
3228.31	-3.33325
3226.97	-2.60046
3225.63	3.13074
3224.29	7.86047
3222.94	-0.410889
3221.6	25.3163
3220.26	-23.958
3218.91	2.7666
3217.57	2.48962
3216.23	0.211548
3214.88	4.93201
3213.53	0.651245
3212.19	11.3693
3210.84	3.08582
3209.5	7.80127
3208.15	12.5154
3206.8	2.22803
3205.46	-15.0604
3204.11	-7.3501
3202.76	-18.641
3201.41	23.0668
3200.06	-16.2269
3198.71	-0.521606
3197.36	11.1824
3196.01	12.8853
3194.66	-6.41321
3193.31	-9.71289
3191.96	1.98621
3190.61	1.68408
3189.26	20.381
3187.91	10.0764
3186.56	2.77063
3185.2	-13.5363
3183.85	2.15552
3182.5	6.84644
3181.14	27.5358
3179.79	-13.776
3178.44	-0.0887451
3177.08	-22.403
3175.73	15.2816
3174.37	-6.03467
3173.01	-19.3525
3171.66	9.32886
3170.3	4.00891
3168.95	-21.3124
3167.59	8.36536
3166.23	25.0416
3164.87	7.71704
3163.51	-13.6088
3162.16	-15.9358
3160.8	-5.26416
3159.44	18.4065
3158.08	-7.92395
3156.72	6.74438
3155.36	3.4115
3154	-14.9225
3152.64	-21.2577
3151.28	-2.59399
3149.91	14.0685
3148.55	4.72974
3147.19	15.3899
3145.83	4.04883
3144.46	-27.2933
3143.1	17.3633
3141.74	-27.981
3140.37	1.67334
3139.01	11.3264
3137.64	-0.0213623
3136.28	1.62939
3134.91	5.27905
3133.55	-0.0722656
3132.18	-13.4249
3130.81	-1.77844
3129.45	14.8665
3128.08	-13.4895
3126.71	0.153076
3125.34	6.7948
3123.98	10.4353
3122.61	-6.92554
3121.24	-11.2872
3119.87	-2.65027
3118.5	3.9856
3117.13	-26.3796
3115.76	-8.74646
3114.39	6.88599
3113.02	10.5172
3111.64	-1.85278
3110.27	6.77612
3108.9	3.40369
3107.53	15.0303
3106.15	14.6556
3104.78	-3.71985
3103.41	-8.0968
3102.03	4.52502
3100.66	16.1456
3099.29	-2.23462
3097.91	2.38379
3096.53	8.00085
3095.16	-28.3828
3093.78	-8.76794
3092.41	9.8457
3091.03	-13.5415
3089.65	-12.9303
3088.27	-1.31982
3086.9	0.289429
3085.52	-7.10278
3084.14	-14.4958
3082.76	19.1099
3081.38	8.71411
3080	-8.6825
3078.62	-2.0802
3077.24	9.52087
3075.86	-15.8793
3074.48	8.71948
3073.1	0.316772
3071.72	2.91309
3070.33	-7.49158
3068.95	-1.89758
3067.57	23.6957
3066.19	1.28735
3064.8	-13.1221
3063.42	5.46741
3062.03	4.05566
3060.65	-1.35693
3059.26	-14.771
3057.88	15.8138
3056.49	-1.60217
3055.11	-0.0197754
3053.72	0.561646
3052.33	16.1421
3050.95	10.7211
3049.56	22.2993
3048.17	-9.12366
3046.78	4.45203
3045.4	4.02673
3044.01	17.6003
3042.62	-6.82751
3041.23	-7.2561
3039.84	9.31409
3038.45	14.8832
3037.06	-6.54895
3035.67	-2.98206
3034.28	-7.41638
3032.88	-12.8518
3031.49	-10.2885
3030.1	-3.72607
3028.71	1.83508
3027.31	15.3953
3025.92	-19.0458
3024.52	27.5121
3023.13	5.06921
3021.74	27.6248
3020.34	6.17932
3018.95	-11.2668
3017.55	-14.7144
3016.16	-2.16284
3014.76	13.3873
3013.36	3.93689
3011.96	13.4849
3010.57	5.0321
3009.17	19.578
3007.77	-2.87683
3006.37	-20.3328
3004.97	-3.78979
3003.57	13.7518
3002.17	3.29272
3000.77	5.83264
2999.37	8.37146
2997.97	14.9092
2996.57	5.44592
2995.17	23.9816
2993.77	34.5162
2992.37	6.04993
2990.97	16.5825
2989.56	8.11414
2988.16	28.6451
2986.76	-11.8254
2985.35	15.7032
2983.95	4.23071
2982.54	-6.24231
2981.14	16.2833
2979.73	3.80835
2978.33	33.3319
2976.92	12.855
2975.51	63.3767
2974.11	24.8977
2972.7	20.418
2971.29	18.9368
2969.89	38.4551
2968.48	60.9723
2967.07	31.4885
2965.66	53.004
2964.25	42.5186
2962.84	28.0321
2961.43	68.5447
2960.02	68.0564
2958.61	58.5675
2957.2	77.0775
2955.79	81.5867
2954.38	73.095
2952.96	54.6025
2951.55	80.109
2950.14	56.6149
2948.73	71.1198
2947.31	58.6237
2945.9	75.127
2944.48	91.6294
2943.07	95.131
2941.65	86.6318
2940.24	72.1318
2938.82	81.631
2937.41	84.1296
2935.99	95.6272
2934.57	101.124
2933.16	103.62
2931.74	118.116
2930.32	86.6104
2928.9	112.104
2927.48	110.597
2926.06	96.0896
2924.64	104.581
2923.22	113.072
2921.8	91.5627
2920.38	112.052
2918.96	118.541
2917.54	101.029
2916.12	142.517
2914.7	98.0037
2913.28	107.49
2911.85	118.975
2910.43	85.4602
2909.01	137.944
2907.58	119.428
2906.16	127.911
2904.74	125.394
2903.31	120.875
2901.88	134.356
2900.46	104.837
2899.03	99.3173
2897.61	105.797
2896.18	105.276
2894.75	131.754
2893.33	144.232
2891.9	125.709
2890.47	106.186
2889.04	123.662
2887.61	115.137
2886.18	100.612
2884.75	119.087
2883.32	113.561
2881.89	122.035
2880.46	131.508
2879.03	129.981
2877.6	100.453
2876.17	137.925
2874.74	119.396
2873.3	95.8671
2871.87	133.337
2870.44	97.8077
2869.01	132.277
2867.57	148.746
2866.14	131.215
2864.7	125.684
2863.27	125.152
2861.83	146.62
2860.4	104.087
2858.96	113.554
2857.52	106.021
2856.09	91.4868
2854.65	95.9529
2853.21	126.419
2851.77	98.8838
2850.34	91.349
2848.9	67.8136
2847.46	63.2782
2846.02	44.7423
2844.58	64.2063
2843.14	68.6699
2841.7	68.1333
2840.26	59.5963
2838.82	30.0592
2837.37	51.5219
2835.93	47.9844
2834.49	7.44641
2833.05	24.9086
2831.6	29.3701
2830.16	1.83179
2828.72	22.2932
2827.27	7.75439
2825.83	30.2155
2824.38	13.6764
2822.94	20.137
2821.49	25.5975
2820.05	-9.94189
2818.6	3.51819
2817.15	10.9785
2815.71	15.4385
2814.26	5.89844
2812.81	6.35828
2811.36	14.818
2809.91	24.2776
2808.47	7.73718
2807.02	-8.80334
2805.57	-3.34387
2804.12	3.11548
2802.67	-8.42542
2801.22	19.0339
2799.76	0.493164
2798.31	10.9523
2796.86	-0.588623
2795.41	1.87048
2793.96	-8.67041
2792.5	25.7886
2791.05	-9.75244
2789.6	-25.2931
2788.14	9.16589
2786.69	27.6251
2785.23	25.0841
2783.78	-9.45667
2782.32	-14.9974
2780.86	7.46167
2779.41	-27.0791
2777.95	3.38025
2776.5	1.83984
2775.04	0.299194
2773.58	-24.2413
2772.12	4.21838
2770.66	2.67798
2769.2	-7.8623
2767.74	-1.40259
2766.29	26.0575
2764.83	16.5176
2763.36	2.97766
2761.9	35.438
2760.44	20.8983
2758.98	26.3588
2757.52	-3.18054
2756.06	14.2802
2754.59	41.7411
2753.13	26.202
2751.67	8.66333
2750.2	38.1246
2748.74	12.5861
2747.28	4.04773
2745.81	27.5095
2744.35	22.9714
2742.88	17.4336
2741.41	15.8959
2739.95	-6.64148
2738.48	40.821
2737.01	2.28381
2735.55	19.7469
2734.08	4.21021
2732.61	12.6736
2731.14	-11.8628
2729.67	34.601
2728.2	47.0648
2726.73	23.5289
2725.26	2.99353
2723.79	42.458
2722.32	7.92285
2720.85	15.3881
2719.38	13.8534
2717.91	-4.68115
2716.44	16.7845
2714.96	15.2505
2713.49	8.71655
2712.02	7.18298
2710.54	17.6495
2709.07	-7.88367
2707.59	-2.41663
2706.12	12.0508
2704.64	-3.48169
2703.17	3.98621
2701.69	0.454102
2700.22	-9.07751
2698.74	24.3909
2697.26	5.8595
2695.78	21.3286
2694.31	5.79773
2692.83	14.2672
2691.35	28.7371
2689.87	21.2069
2688.39	8.67688
2686.91	1.14734
2685.43	-19.3817
2683.95	6.08911
2682.47	-0.439941
2680.99	-0.968384
2679.51	11.5031
2678.03	2.9751
2676.54	-10.553
2675.06	-6.08069
2673.58	-18.608
2672.09	10.8647
2670.61	20.3378
2669.13	-2.18884
2667.64	11.2847
2666.16	-15.2417
2664.67	-16.7677
2663.18	-14.2936
2661.7	4.18079
2660.21	26.6555
2658.72	5.13037
2657.24	2.60547
2655.75	-24.9193
2654.26	-11.4438
2652.77	3.03198
2651.28	-11.4922
2649.8	0.984009
2648.31	12.4602
2646.82	-7.06323
2645.33	-5.58643
2643.84	2.89038
2642.34	10.3676
2640.85	13.8447
2639.36	-5.67786
2637.87	36.7999
2636.38	6.27759
2634.88	9.75574
2633.39	-10.7664
2631.9	13.712
2630.4	18.1906
2628.91	22.6692
2627.41	-19.8521
2625.92	5.62683
2624.42	12.1061
2622.93	-6.41492
2621.43	2.06458
2619.93	20.5439
2618.44	-6.97656
2616.94	3.50317
2615.44	-10.017
2613.94	30.4629
2612.44	-13.0571
2610.95	3.42297
2609.45	15.9031
2607.95	-30.6166
2606.45	6.86353
2604.95	13.3441
2603.44	22.8246
2601.94	39.3052
2600.44	17.7858
2598.94	-7.73364
2597.44	16.7469
2595.93	9.22766
2594.43	-26.2916
2592.93	26.1891
2591.42	21.6699
2589.92	5.15039
2588.42	29.6312
2586.91	13.1121
2585.4	3.59277
2583.9	7.07336
2582.39	16.554
2580.89	6.03479
2579.38	37.5153
2577.87	8.99585
2576.36	22.4762
2574.86	18.9567
2573.35	-4.56299
2571.84	14.9172
2570.33	-21.6027
2568.82	6.87732
2567.31	6.35742
2565.8	-5.16284
2564.29	16.3169
2562.78	-8.20361
2561.27	-16.7242
2559.75	-7.245
2558.24	-8.76587
2556.73	1.71301
2555.22	27.1918
2553.7	18.6703
2552.19	7.14868
2550.68	-2.37317
2549.16	11.1047
2547.65	-18.4174
2546.13	21.0598
2544.61	-1.46289
2543.1	6.01404
2541.58	4.49072
2540.07	26.9674
2538.55	24.4435
2537.03	-5.08057
2535.51	-15.6051
2533.99	11.8702
2532.48	-33.6548
2530.96	-1.18018
2529.44	-5.70581
2527.92	-3.23193
2526.4	4.24158
2524.88	32.7147
2523.36	9.18762
2521.83	4.65991
2520.31	5.13196
2518.79	24.6038
2517.27	15.075
2515.74	24.5458
2514.22	-9.98401
2512.7	-11.5142
2511.17	-16.0448
2509.65	6.42419
2508.12	12.8926
2506.6	-6.6394
2505.07	26.8281
2503.55	22.2952
2502.02	24.7616
2500.49	18.2274
2498.97	11.6927
2497.44	-35.8423
2495.91	-0.378174
2494.38	19.0856
2492.85	27.5485
2491.32	2.01099
2489.8	19.4729
2488.27	2.93408
2486.74	6.39465
2485.2	-35.1455
2483.67	-16.6859
2482.14	17.7726
2480.61	7.23047
2479.08	4.68774
2477.55	10.1443
2476.01	18.6002
2474.48	2.0553
2472.95	-15.4902
2471.41	4.9635
2469.88	-4.58362
2468.34	-13.1315
2466.81	-5.68005
2465.27	15.7706
2463.74	35.2205
2462.2	-7.33044
2460.66	-21.8823
2459.12	-4.43506
2457.59	-1.98865
2456.05	27.457
2454.51	-0.0980225
2452.97	2.34595
2451.43	-5.21118
2449.89	9.23108
2448.35	23.6724
2446.81	18.1127
2445.27	8.55212
2443.73	26.9907
2442.19	3.4281
2440.65	4.86487
2439.11	-8.69971
2437.56	-1.26489
2436.02	-2.8313
2434.48	-2.39868
2432.93	0.032959
2431.39	10.4636
2429.84	17.8933
2428.3	15.3218
2426.75	-33.2506
2425.21	-7.8241
2423.66	10.6011
2422.12	-13.9746
2420.57	-13.5514
2419.02	-14.129
2417.47	0.29187
2415.93	-4.28833
2414.38	-26.8695
2412.83	16.548
2411.28	5.96448
2409.73	35.3798
2408.18	-9.20605
2406.63	33.2069
2405.08	-3.38147
2403.53	25.0294
2401.98	-0.561401
2400.42	-3.15308
2398.87	11.2535
2397.32	16.6593
2395.77	17.0638
2394.21	9.46692
2392.66	-36.1311
2391.1	21.2698
2389.55	25.6691
2387.99	-6.93274
2386.44	-4.53613
2384.88	1.8595
2383.33	-5.74634
2381.77	32.6465
2380.21	18.0381
2378.66	14.4282
2377.1	7.81702
2375.54	7.20459
2373.98	2.5907
2372.42	-11.0245
2370.86	22.3589
2369.3	-15.259
2367.74	32.1216
2366.18	13.5007
2364.62	42.8785
2363.06	5.255
2361.5	7.62988
2359.94	13.0035
2358.37	7.37573
2356.81	5.74646
2355.25	-6.88428
2353.68	25.4834
2352.12	13.8496
2350.56	19.2146
2348.99	13.5779
2347.43	6.93994
2345.86	-22.6998
2344.29	24.6591
2342.73	17.0165
2341.16	26.3724
2339.59	14.7271
2338.03	11.08
2336.46	16.4312
2334.89	42.7811
2333.32	41.1295
2331.75	48.4764
2330.18	40.8214
2328.61	43.1654
2327.04	27.5076
2325.47	46.8481
2323.9	2.18738
2322.33	9.52466
2320.76	42.8607
2319.18	0.19519
2317.61	9.52771
2316.04	10.8593
2314.47	28.1888
2312.89	8.51685
2311.32	44.8433
2309.74	19.1682
2308.17	11.4917
2306.59	21.8132
2305.02	30.1333
2303.44	5.45178
2301.86	32.7687
2300.29	30.0842
2298.71	15.3978
2297.13	12.7101
2295.55	10.0204
2293.97	9.32935
2292.4	-0.363403
2290.82	-8.05762
2289.24	22.2463
2287.66	10.5488
2286.08	27.8497
2284.49	-6.8512
2282.91	2.44653
2281.33	49.7426
2279.75	41.037
2278.17	7.32971
2276.58	45.6208
2275	29.9103
2273.42	11.198
2271.83	38.4844
2270.25	13.7692
2268.66	26.052
2267.08	-7.6665
2265.49	2.61316
2263.91	31.8914
2262.32	-34.8318
2260.73	8.44312
2259.14	29.7166
2257.56	25.9882
2255.97	12.2584
2254.38	34.5271
2252.79	41.7941
2251.2	32.0593
2249.61	-19.677
2248.02	34.5854
2246.43	15.8458
2244.84	13.105
2243.25	25.3624
2241.66	19.618
2240.07	19.8723
2238.47	10.1252
2236.88	26.3763
2235.29	4.62585
2233.69	24.874
2232.1	17.1202
2230.5	1.36523
2228.91	31.6086
2227.31	59.8505
2225.72	26.0908
2224.12	-10.6703
2222.53	27.5669
2220.93	25.8027
2219.33	18.0367
2217.73	-7.73059
2216.14	11.5007
2214.54	24.7303
2212.94	12.9586
2211.34	1.18542
2209.74	31.4106
2208.14	6.63452
2206.54	14.8566
2204.94	17.0776
2203.34	16.297
2201.74	15.5149
2200.13	2.73145
2198.53	37.9468
2196.93	43.1603
2195.33	-17.6273
2193.72	25.5836
2192.12	22.7928
2190.51	-1.99902
2188.91	28.208
2187.3	73.4132
2185.7	16.6171
2184.09	24.8198
2182.48	10.021
2180.88	28.2209
2179.27	38.4197
2177.66	25.6169
2176.05	5.81299
2174.45	18.0076
2172.84	36.201
2171.23	7.39307
2169.62	-5.41589
2168.01	1.77368
2166.4	35.9622
2164.79	-3.85071
2163.18	23.335
2161.56	-11.4803
2159.95	11.7032
2158.34	62.8854
2156.73	14.0665
2155.11	33.2465
2153.5	9.42529
2151.89	36.6029
2150.27	11.7793
2148.66	30.9548
2147.04	2.12891
2145.43	32.3022
2143.81	61.4744
2142.19	18.6454
2140.58	39.8152
2138.96	40.984
2137.34	21.1516
2135.72	37.3182
2134.1	13.4841
2132.48	11.649
2130.86	13.8125
2129.25	1.97522
2127.63	25.1375
2126	33.2981
2124.38	45.458
2122.76	-7.38293
2121.14	-6.2251
2119.52	12.9323
2117.9	25.0885
2116.27	12.2439
2114.65	11.3983
2113.03	5.55188
2111.4	20.705
2109.78	-11.1432
2108.15	-17.9918
2106.53	31.1587
2104.9	-12.6917
2103.27	42.4572
2101.65	28.6052
2100.02	26.7526
2098.39	36.8994
2096.77	20.0455
2095.14	11.1906
2093.51	-3.66479
2091.88	2.47913
2090.25	11.6223
2088.62	-9.23474
2086.99	33.9071
2085.36	44.0487
2083.73	-11.8108
2082.1	24.3296
2080.46	1.46936
2078.83	-3.3916
2077.2	3.74683
2075.57	42.8853
2073.93	29.0226
2072.3	-4.84009
2070.66	20.2965
2069.03	21.4329
2067.4	42.5685
2065.76	20.7037
2064.12	37.8385
2062.49	43.9731
2060.85	20.1069
2059.21	0.240845
2057.58	34.3743
2055.94	22.5072
2054.3	11.6399
2052.66	28.7722
2051.02	2.90454
2049.38	27.036
2047.74	19.1677
2046.1	63.2991
2044.46	13.4302
2042.82	7.56091
2041.18	1.69141
2039.53	14.8218
2037.89	10.9521
2036.25	-0.917969
2034.61	-15.788
2032.96	-17.6582
2031.32	-23.5284
2029.67	-1.39893
2028.03	33.7307
2026.38	-24.14
2024.74	0.989502
2023.09	23.1184
2021.44	0.247803
2019.8	25.377
2018.15	1.5061
2016.5	-12.3644
2014.85	6.76477
2013.21	-5.10583
2011.56	3.02319
2009.91	-5.84729
2008.26	-6.7179
2006.61	4.41162
2004.96	7.5415
2003.3	23.6711
2001.65	4.8009
2000	17.931
1998.35	25.0613
1996.7	-1.80835
1995.04	31.3221
1993.39	55.4528
1991.74	15.584
1990.08	6.71484
1988.43	-17.1536
1986.77	-1.02185
1985.12	17.1096
1983.46	8.2417
1981.8	23.3744
1980.15	5.50696
1978.49	2.63977
1976.83	-14.2268
1975.17	30.9069
1973.51	30.0409
1971.86	12.1752
1970.2	6.30981
1968.54	29.4447
1966.88	19.5802
1965.22	32.7158
1963.55	1.85205
1961.89	-2.01135
1960.23	-10.8744
1958.57	8.26306
1956.91	8.40076
1955.24	2.53931
1953.58	-4.32227
1951.92	10.817
1950.25	-18.0432
1948.59	-15.9031
1946.92	-17.7626
1945.26	16.3788
1943.59	-6.47974
1941.92	22.6626
1940.26	-14.1951
1938.59	37.9482
1936.92	15.0919
1935.25	-22.7639
1933.59	-22.6189
1931.92	-23.4738
1930.25	11.6719
1928.58	1.81848
1926.91	30.9656
1925.24	2.11316
1923.57	-4.73877
1921.9	32.4099
1920.22	13.5593
1918.55	-0.290894
1916.88	24.8597
1915.21	-2.98914
1913.53	-4.8374
1911.86	7.31482
1910.18	13.4677
1908.51	-8.37854
1906.83	1.77539
1905.16	-0.0698242
1903.48	8.08569
1901.81	-7.7583
1900.13	-0.601685
1898.45	7.55542
1896.78	38.7135
1895.1	23.8718
1893.42	22.031
1891.74	-6.80908
1890.06	22.3513
1888.38	13.5122
1886.7	15.6737
1885.02	-13.1638
1883.34	15.9989
1881.66	22.1625
1879.98	21.3267
1878.3	17.4913
1876.61	-19.3434
1874.93	2.82251
1873.25	-14.0107
1871.56	15.1563
1869.88	14.3241
1868.19	11.4924
1866.51	18.6615
1864.82	-18.1691
1863.14	-5.99902
1861.45	-18.8281
1859.76	1.3429
1858.08	-45.4852
1856.39	9.68726
1854.7	0.860229
1853.01	12.0336
1851.32	28.2079
1849.63	16.3823
1847.95	-6.4425
1846.25	-29.2672
1844.56	-28.0911
1842.87	11.0854
1841.18	17.2628
1839.49	11.4403
1837.8	11.618
1836.11	5.79675
1834.41	-21.0243
1832.72	7.15503
1831.03	16.3348
1829.33	21.5149
1827.64	0.695679
1825.94	-11.1235
1824.25	-19.9421
1822.55	10.2393
1820.85	-1.57874
1819.16	-10.396
1817.46	27.7865
1815.76	-19.0306
1814.06	23.1527
1812.36	41.3359
1810.67	2.51978
1808.97	18.7039
1807.27	-1.11194
1805.57	28.0726
1803.87	-9.74292
1802.17	-3.55798
1800.46	-21.3733
1798.76	27.8118
1797.06	-10.0031
1795.36	5.1825
1793.65	-10.6322
1791.95	8.55298
1790.25	36.7385
1788.54	38.9241
1786.84	24.1095
1785.13	14.2948
1783.43	1.4801
1781.72	12.6652
1780.01	-0.149536
1778.31	46.0353
1776.6	14.2203
1774.89	-2.59497
1773.18	8.58948
1771.47	25.7737
1769.77	10.958
1768.06	2.1416
1766.35	51.3252
1764.64	24.5084
1762.92	52.6913
1761.21	2.87366
1759.5	50.0555
1757.79	12.2373
1756.08	28.4182
1754.36	48.599
1752.65	56.7792
1750.94	45.9587
1749.22	23.1378
1747.51	16.3164
1745.79	14.494
1744.08	3.67126
1742.36	37.8478
1740.65	48.0236
1738.93	48.1984
1737.21	11.3724
1735.49	61.5457
1733.78	19.7183
1732.06	36.89
1730.34	20.0603
1728.62	51.23
1726.9	58.399
1725.18	42.5667
1723.46	42.733
1721.74	39.8987
1720.02	49.0631
1718.3	26.2264
1716.57	50.3884
1714.85	45.5491
1713.13	75.7084
1711.41	73.8668
1709.68	64.0233
1707.96	60.1788
1706.23	43.3329
1704.51	99.4854
1702.78	42.6366
1701.05	50.7859
1699.33	16.934
1697.6	96.08
1695.87	69.2245
1694.15	54.3673
1692.42	48.5084
1690.69	62.6479
1688.96	87.7853
1687.23	83.921
1685.5	48.0548
1683.77	65.1865
1682.04	67.3162
1680.31	101.444
1678.58	59.5692
1676.85	84.6929
1675.11	136.814
1673.38	77.9333
1671.65	134.05
1669.91	105.164
1668.18	65.2765
1666.44	142.386
1664.71	142.493
1662.97	124.598
1661.24	129.7
1659.5	120.8
1657.76	170.897
1656.03	138.991
1654.29	189.083
1652.55	149.172
1650.81	196.258
1649.07	169.341
1647.33	194.421
1645.59	189.498
1643.85	166.573
1642.11	239.644
1640.37	187.712
1638.63	213.776
1636.89	238.838
1635.15	310.897
1633.4	326.952
1631.66	413.004
1629.92	503.052
1628.17	589.097
1626.43	603.138
1624.68	832.176
1622.94	911.21
1621.19	963.24
1619.45	928.267
1617.7	886.29
1615.95	828.31
1614.21	763.325
1612.46	579.336
1610.71	447.343
1608.96	429.347
1607.21	380.346
1605.46	371.342
1603.71	342.333
1601.96	430.319
1600.21	442.302
1598.46	557.28
1596.71	576.254
1594.95	665.223
1593.2	761.188
1591.45	856.148
1589.7	867.104
1587.94	956.055
1586.19	912.001
1584.43	893.943
1582.68	868.88
1580.92	787.812
1579.16	665.738
1577.41	574.66
1575.65	507.577
1573.89	452.49
1572.13	361.396
1570.38	365.297
1568.62	313.194
1566.86	321.085
1565.1	286.97
1563.34	278.851
1561.58	290.726
1559.82	265.595
1558.06	293.459
1556.29	323.317
1554.53	307.17
1552.77	342.016
1551.01	350.857
1549.24	342.693
1547.48	356.522
1545.71	412.345
1543.95	473.163
1542.18	438.974
1540.42	467.78
1538.65	508.579
1536.89	497.372
1535.12	489.159
1533.35	467.94
1531.58	493.714
1529.82	463.482
1528.05	425.243
1526.28	355.998
1524.51	396.747
1522.74	309.489
1520.97	311.224
1519.2	341.952
1517.42	246.674
1515.65	314.389
1513.88	240.097
1512.11	241.798
1510.33	258.493
1508.56	234.18
1506.79	265.861
1505.01	227.534
1503.24	242.2
1501.46	281.859
1499.69	288.511
1497.91	298.156
1496.13	281.792
1494.36	290.422
1492.58	252.045
1490.8	332.66
1489.02	338.268
1487.24	337.868
1485.46	367.46
1483.68	425.045
1481.9	480.622
1480.12	461.192
1478.34	511.753
1476.56	470.308
1474.78	475.853
1473	491.392
1471.21	454.922
1469.43	447.444
1467.65	495.959
1465.86	401.465
1464.08	424.963
1462.29	435.454
1460.51	458.936
1458.72	524.41
1456.93	402.875
1455.15	523.333
1453.36	485.782
1451.57	515.223
1449.79	524.655
1448	549.079
1446.21	600.494
1444.42	564.901
1442.63	573.3
1440.84	506.69
1439.05	442.072
1437.26	495.445
1435.46	452.809
1433.67	478.164
1431.88	343.511
1430.09	378.849
1428.29	368.179
1426.5	338.499
1424.71	355.811
1422.91	336.114
1421.12	240.408
1419.32	292.694
1417.52	234.969
1415.73	296.237
1413.93	333.495
1412.13	282.745
1410.34	317.985
1408.54	310.217
1406.74	374.44
1404.94	407.653
1403.14	433.857
1401.34	464.052
1399.54	479.238
1397.74	596.415
1395.94	644.583
1394.14	758.742
1392.33	790.891
1390.53	817.031
1388.73	861.162
1386.92	852.284
1385.12	808.396
1383.32	815.5
1381.51	811.594
1379.7	754.678
1377.9	738.753
1376.09	765.82
1374.29	736.877
1372.48	717.924
1370.67	743.962
1368.86	746.991
1367.05	746.01
1365.25	808.021
1363.44	740.021
1361.63	756.013
1359.82	753.995
1358.01	760.969
1356.19	732.932
1354.38	769.886
1352.57	810.831
1350.76	758.766
1348.95	746.693
1347.13	745.609
1345.32	745.518
1343.5	732.415
1341.69	663.305
1339.87	584.185
1338.06	625.055
1336.24	567.916
1334.43	517.767
1332.61	532.61
1330.79	457.444
1328.97	415.268
1327.16	375.083
1325.34	416.889
1323.52	355.685
1321.7	374.473
1319.88	300.25
1318.06	303.019
1316.24	304.779
1314.41	379.53
1312.59	355.272
1310.77	381.005
1308.95	387.729
1307.12	401.443
1305.3	479.149
1303.48	455.845
1301.65	513.533
1299.83	510.212
1298	507.883
1296.18	467.543
1294.35	512.196
1292.52	463.84
1290.69	475.474
1288.87	405.101
1287.04	381.718
1285.21	270.327
1283.38	344.927
1281.55	297.518
1279.72	243.102
1277.89	236.676
1276.06	193.242
1274.23	207.8
1272.4	196.349
1270.57	165.89
1268.73	189.422
1266.9	116.947
1265.07	142.463
1263.23	119.971
1261.4	97.4713
1259.56	155.963
1257.73	170.446
1255.89	149.922
1254.06	181.391
1252.22	96.8497
1250.38	110.302
1248.54	50.7471
1246.71	77.1833
1244.87	131.613
1243.03	118.033
1241.19	97.4473
1239.35	105.854
1237.51	76.2534
1235.67	119.645
1233.83	114.029
1231.98	130.405
1230.14	104.775
1228.3	131.138
1226.46	163.494
1224.61	148.842
1222.77	148.184
1220.92	175.518
1219.08	155.846
1217.23	88.167
1215.39	143.482
1213.54	137.79
1211.7	124.091
1209.85	127.386
1208	199.675
1206.15	177.957
1204.3	186.232
1202.45	175.501
1200.61	229.765
1198.76	245.023
1196.91	258.274
1195.05	375.52
1193.2	454.759
1191.35	569.994
1189.5	692.221
1187.65	771.444
1185.79	874.662
1183.94	988.873
1182.09	1041.08
1180.23	1139.28
1178.38	1275.48
1176.52	1261.67
1174.67	1262.85
1172.81	1238.04
1170.95	1169.21
1169.1	1066.38
1167.24	949.55
1165.38	858.712
1163.52	760.87
1161.66	695.022
1159.8	596.171
1157.94	518.316
1156.08	471.456
1154.22	397.592
1152.36	318.724
1150.5	317.853
1148.64	307.977
1146.77	281.098
1144.91	274.216
1143.05	237.328
1141.18	265.439
1139.32	243.546
1137.45	208.649
1135.59	245.75
1133.72	243.848
1131.86	249.942
1129.99	234.033
1128.12	287.121
1126.25	200.208
1124.39	231.291
1122.52	209.371
1120.65	285.45
1118.78	294.525
1116.91	291.6
1115.04	295.671
1113.17	233.741
1111.3	239.809
1109.42	190.875
1107.55	189.938
1105.68	199.001
1103.81	174.061
1101.93	132.121
1100.06	106.179
1098.18	142.235
1096.31	69.2903
1094.43	39.3452
1092.56	78.3977
1090.68	62.4504
1088.8	-19.498
1086.93	34.5527
1085.05	-11.3975
1083.17	-25.3472
1081.29	28.7012
1079.41	0.750488
1077.53	-32.2009
1075.65	-10.1526
1073.77	-27.1035
1071.89	58.9443
1070.01	-31.0066
1068.13	-2.95776
1066.24	-36.9087
1064.36	-4.85938
1062.48	-15.8086
1060.59	-5.75854
1058.71	46.293
1056.83	6.34521
1054.94	110.398
1053.05	91.4514
1051.17	111.507
1049.28	169.562
1047.39	242.62
1045.51	220.678
1043.62	185.738
1041.73	136.799
1039.84	79.8628
1037.95	52.9277
1036.06	16.9932
1034.17	-25.9373
1032.28	-53.8677
1030.39	-41.7959
1028.5	-20.7212
1026.61	-40.646
1024.71	-17.5674
1022.82	-12.4866
1020.93	-20.4026
1019.03	-23.3174
1017.14	-38.2288
1015.24	-2.13892
1013.35	-17.0454
1011.45	19.0505
1009.56	52.1504
1007.66	51.252
1005.76	68.3572
1003.86	35.4653
1001.97	23.5764
1000.07	94.6907
998.167	84.8076
996.268	85.929
994.368	106.053
992.466	109.18
990.565	119.311
988.664	104.447
986.762	125.585
984.86	138.727
982.957	202.873
981.053	160.022
979.15	195.176
977.245	170.333
975.34	199.494
973.435	142.659
971.53	191.829
969.624	164.002
967.717	112.18
965.809	143.361
963.902	111.548
961.994	118.738
960.086	148.933
958.177	132.132
956.267	196.334
954.357	168.542
952.447	128.754
950.536	142.971
948.625	237.193
946.713	213.418
944.8	224.648
942.888	294.883
940.974	267.122
939.061	272.366
937.147	183.615
935.233	187.869
933.317	173.127
931.402	110.39
929.485	81.657
927.569	99.9292
925.652	124.206
923.735	195.489
921.817	360.774
919.899	511.066
917.98	729.362
916.061	761.663
914.141	867.968
912.22	819.277
910.3	671.593
908.378	500.911
906.456	358.235
904.534	273.564
902.612	175.898
900.689	121.236
898.766	98.5786
896.841	45.9248
894.916	24.2766
892.991	51.6326
891.066	8.9939
889.14	28.3584
887.214	14.7283
885.287	1.10229
883.36	-2.51978
881.432	26.8625
879.504	-2.75024
877.575	-33.3601
875.646	-24.9648
873.716	11.4341
871.786	22.8369
869.855	-4.75635
867.924	8.65503
865.992	5.06885
864.06	-43.5127
862.128	8.90918
860.194	25.3345
858.261	6.7644
856.327	-13.8037
854.393	34.6323
852.458	-14.9285
850.522	-31.4863
848.586	75.9587
846.65	74.4077
844.714	68.8594
842.776	41.3125
840.838	81.7693
838.901	76.2295
836.961	73.6907
835.023	72.1555
833.082	116.621
831.142	92.0894
829.202	95.5598
827.261	121.033
825.319	125.506
823.377	257.983
821.434	206.459
819.491	278.937
817.548	248.418
815.604	351.898
813.66	368.38
811.715	363.862
809.769	472.345
807.823	453.828
805.878	482.313
803.93	489.796
801.983	396.28
800.035	352.763
798.087	346.246
796.139	301.729
794.189	206.211
792.24	173.692
790.289	57.1709
788.339	128.649
786.387	13.1262
784.436	-22.3979
782.484	-27.9253
780.532	-73.4536
778.578	-20.9858
776.624	-29.5198
774.671	-29.0554
772.716	-30.5955
770.762	0.862305
768.806	48.3152
766.85	46.7654
764.893	143.211
762.937	267.654
760.979	324.091
759.022	318.525
757.064	179.953
755.105	119.376
753.145	97.7932
751.185	69.2043
749.226	76.6108
747.264	86.0095
745.303	124.403
743.341	110.789
741.38	113.169
739.417	133.541
737.454	270.905
735.49	418.262
733.526	588.61
731.562	723.949
729.596	695.28
727.631	708.602
725.665	608.914
723.699	424.217
721.732	356.509
719.764	164.79
717.797	98.0613
715.828	75.3203
713.859	-8.4314
711.889	-26.1951
709.919	-38.9712
707.949	-31.7585
705.978	-22.5608
704.007	-86.375
702.035	-12.2034
700.063	9.95435
698.091	-37.9016
696.117	35.2263
694.143	-92.6602
692.169	-54.5623
690.194	-129.481
688.219	-86.416
686.244	-61.3669
684.267	-59.3367
682.291	-9.323
680.314	-40.3279
678.336	-0.351318
676.358	-3.39282
674.379	-44.4556
672.4	-42.5369
670.421	-11.6389
668.441	-19.762
666.46	35.0935
664.479	-17.0718
662.497	26.7388
660.516	2.52808
658.533	-83.7063
656.55	4.03516
654.567	6.75366
652.583	-13.5544
650.598	-22.8867
648.614	11.7549
646.628	8.36987
644.643	19.9592
642.656	35.5193
640.669	-32.9475
638.682	88.5566
636.694	85.0313
634.706	115.476
632.717	80.8918
630.728	79.2747
628.738	115.627
626.748	93.9473
624.757	147.234
622.766	126.489
620.774	109.708
618.782	105.893
616.789	123.043
614.796	119.156
612.802	93.2327
610.808	116.273
608.814	70.2749
606.818	91.2361
604.822	115.159
602.827	94.0432
600.83	106.885
598.833	95.6853
596.836	90.4434
594.838	130.158
592.839	148.828
590.84	93.4531
588.841	167.034
586.84	236.566
584.84	262.053
582.838	250.491
580.838	302.882
578.835	319.221
576.833	337.511
574.83	353.749
572.827	426.934
570.822	399.066
568.818	432.142
566.813	391.166
564.808	444.133
562.802	432.042
560.795	407.893
558.788	343.684
556.781	374.417
554.773	292.089
552.765	312.698
550.756	298.243
548.747	318.723
546.737	279.14
544.726	355.487
542.716	376.769
540.704	447.981
538.692	507.124
536.68	626.197
534.667	681.194
532.654	783.12
530.64	922.97
528.626	915.744
526.611	955.442
524.596	874.059
522.58	841.598
520.564	664.054
518.547	638.427
516.529	466.716
514.512	456.921
512.494	435.039
510.476	342.067
508.456	392.004
506.436	367.849
504.416	337.6
502.395	338.259
500.374	363.821
498.353	273.284
496.33	260.647
494.307	303.907
492.284	248.067
490.261	186.122
488.237	173.068
486.212	257.906
484.187	261.632
482.161	199.249
480.134	247.746
478.108	182.13
476.081	268.396
474.054	207.544
472.025	201.564
469.997	230.463
467.968	255.235
465.938	294.877
463.908	217.386
461.877	305.761
459.846	303.004
457.814	400.107
455.782	384.069
453.75	505.886
451.716	680.557
449.683	662.083
447.649	894.458
445.614	950.677
443.579	1045.74
441.543	1013.64
439.508	960.385
437.47	923.958
435.433	910.367
433.396	923.605
431.358	998.672
429.319	1323.56
427.28	1547.26
425.241	1673.79
423.201	1679.12
421.16	1670.27
419.118	1419.22
417.077	1189.97
415.035	932.528
412.993	713.877
410.949	508.017
408.905	316.943
406.862	226.658
404.816	126.146
402.771	94.4155
400.727	37.4622
398.68	40.2683
396.633	16.8362
394.586	-29.8308
392.539	-94.7449
390.491	-31.9099
388.442	-21.3313
386.393	-134.006
384.344	-53.9463
382.293	-146.165
380.242	-23.6519
378.192	-68.4111
376.14	-94.4648
374.088	-65.8018
372.035	1.56445
369.982	18.6284
367.928	14.3835
365.874	102.825
363.82	107.955
361.765	156.759
359.709	206.231
357.653	243.365
355.596	264.153
353.539	346.6
351.481	443.678
349.423	520.401
347.364	534.752
345.305	590.735
343.245	699.321
341.185	706.523
339.125	588.325
337.063	633.717
335.001	572.693
332.94	471.255
330.876	488.373
328.813	393.061
326.749	337.299
324.685	318.079
322.621	88.4043
320.555	194.24
318.489	170.603
316.423	47.4717
314.356	27.8354
312.29	-17.3018
310.221	-22.9766
308.153	-68.1714
306.084	-112.911
304.015	-82.2061
301.946	-92.0518
299.875	-47.4897
297.804	-116.501
295.733	-69.1118
293.661	-31.334
291.588	-73.1787
289.516	73.3574
287.443	126.246
285.369	249.475
283.295	238.03
281.22	349.899
279.144	475.069
277.068	661.544
274.992	855.291
272.915	1116.3
270.837	1437.55
268.76	1798.05
266.681	2167.74
264.602	2705.66
262.523	3387.76
260.443	4099.04
258.362	4981.46
256.282	5938.04
254.2	6831.71
252.118	7527.5
250.036	8393.4
247.952	8918.35
245.869	9290.36
243.784	9677.38
241.7	10065.4
239.616	9998.51
237.53	9985.53
235.443	9796.49
233.357	9559.42
231.27	9517.26
229.182	9293.98
227.094	9119.6
225.005	8881.04
222.916	8661.33
220.827	8398.42
218.737	8012.29
216.646	7587.91
214.555	7366.29
212.462	6928.34
210.37	6617.11
208.278	6088.52
206.185	5701.61
204.091	5177.25
201.997	4661.51
199.902	4145.32
197.807	3678.64
195.711	3208.46
193.615	2814.77
191.517	2466.48
189.42	2189.63
187.322	1830.14
185.224	1566
183.125	1195.21
181.025	903.647
178.926	825.372
176.825	673.305
174.724	571.413
172.623	420.705
170.521	281.055
168.418	241.52
166.315	201.014
164.212	151.502
162.108	71.9961
160.003	156.354
157.898	54.6406
155.793	36.7637
153.686	12.6816
151.58	-154.593
149.473	-216.211
147.365	-139.106
145.257	-222.378
143.148	-275.072
141.039	-207.232
138.929	-281.847
136.819	-233.021
134.709	-94.8047
132.597	-169.247
130.485	20.6016
128.373	-93.2412
126.26	52.0361
124.147	31.5186
122.033	54.083
119.919	-50.25
117.804	-97.6846
115.688	53.873
113.573	133.289
111.456	192.506
109.339	222.464
107.222	467.183
105.103	785.438
102.985	846.332
100.866	962.719
98.7467	1090.62
96.6262	1109.8
