3502.52	40.8799
3501.25	47.0738
3499.98	47.1041
3498.71	43.5009
3497.44	34.8225
3496.17	30.097
3494.9	25.185
3493.62	28.2275
3492.35	28.1258
3491.08	25.1648
3489.8	23.0672
3488.53	25.8777
3487.26	32.7876
3485.98	34.1177
3484.71	32.4542
3483.43	22.6449
3482.16	17.989
3480.88	16.2814
3479.6	21.2402
3478.33	17.6775
3477.05	24.3065
3475.77	21.5078
3474.5	21.757
3473.22	13.9114
3471.94	17.0722
3470.66	15.9939
3469.38	18.6237
3468.1	14.02
3466.82	14.8474
3465.54	11.1098
3464.26	9.40718
3462.98	13.4288
3461.7	14.3554
3460.42	8.18404
3459.14	14.8729
3457.86	19.6096
3456.57	11.3945
3455.29	7.79154
3454.01	1.38861
3452.73	-8.58242
3451.44	-1.84195
3450.16	5.79862
3448.87	7.72628
3447.59	2.12958
3446.3	0.109235
3445.02	-0.384191
3443.73	0.210585
3442.45	1.99723
3441.16	-0.407793
3439.88	-2.94896
3438.59	-3.82805
3437.3	-0.420373
3436.01	-2.29875
3434.73	1.63271
3433.44	0.46883
3432.15	-0.223117
3430.86	-3.2903
3429.57	-1.31064
3428.28	-1.94942
3426.99	2.78936
3425.7	3.43361
3424.41	4.79363
3423.12	4.53245
3421.83	6.17638
3420.54	2.82096
3419.24	1.03497
3417.95	-4.94008
3416.66	-2.72504
3415.37	-0.269631
3414.07	1.03533
3412.78	1.00957
3411.48	1.65022
3410.19	0.104008
3408.9	-3.83055
3407.6	2.04908
3406.31	5.11994
3405.01	8.99558
3403.72	9.48774
3402.42	9.98011
3401.12	2.9078
3399.82	7.87789
3398.53	10.5126
3397.23	9.14809
3395.93	4.54399
3394.63	-0.871466
3393.33	-6.7596
3392.04	-6.93815
3390.74	-4.30694
3389.44	3.08965
3388.14	8.33711
3386.84	7.96285
3385.53	4.9244
3384.23	6.07907
3382.93	8.70708
3381.63	11.8059
3380.33	11.571
3379.03	8.48357
3377.72	2.29668
3376.42	2.34676
3375.12	1.6811
3373.81	2.20815
3372.51	2.9209
3371.2	8.30173
3369.9	6.58444
3368.59	7.67689
3367.29	7.19845
3365.98	8.81166
3364.68	4.99637
3363.37	7.84471
3362.06	1.2643
3360.76	2.58937
3359.45	5.58078
3358.14	5.66122
3356.83	3.8379
3355.52	7.87223
3354.22	2.7155
3352.91	1.83886
3351.6	0.677711
3350.29	-2.52823
3348.98	-5.97706
3347.67	-9.00205
3346.36	-6.1633
3345.04	-3.99598
3343.73	-0.926578
3342.42	-0.86236
3341.11	-2.69986
3339.8	-6.2944
3338.48	-6.1391
3337.17	-1.07284
3335.86	3.4648
3334.54	5.00252
3333.23	4.34445
3331.91	1.78112
3330.6	-0.726331
3329.28	2.04317
3327.97	-1.0024
3326.65	-0.0448761
3325.34	2.91308
3324.02	3.68004
3322.7	3.72197
3321.38	4.43527
3320.07	6.53739
3318.75	5.53285
3317.43	3.56795
3316.11	-1.39164
3314.79	-7.39335
3313.47	-9.30793
3312.15	-2.36958
3310.83	1.62021
3309.51	1.41644
3308.19	-7.31797
3306.87	-4.14136
3305.55	-3.34624
3304.23	-0.510443
3302.9	2.56076
3301.58	4.19964
3300.26	-2.19714
3298.94	7.1119
3297.61	7.69946
3296.29	5.76311
3294.96	2.87807
3293.64	-0.915915
3292.31	-6.61693
3290.99	-2.65414
3289.66	-0.971172
3288.34	1.56177
3287.01	3.32709
3285.68	-0.383271
3284.36	-4.18307
3283.03	-8.51475
3281.7	-2.3681
3280.37	0.058928
3279.05	1.19809
3277.72	4.43361
3276.39	8.90407
3275.06	7.94884
3273.73	12.6539
3272.4	2.87673
3271.07	0.058482
3269.74	-4.14274
3268.41	-3.1553
3267.08	-2.93501
3265.74	1.76118
3264.41	-2.77934
3263.08	2.43667
3261.75	2.65462
3260.41	4.72307
3259.08	4.03359
3257.75	1.00047
3256.41	-0.739499
3255.08	-2.67424
3253.74	-4.56437
3252.41	-9.55032
3251.07	-5.58301
3249.74	-3.23688
3248.4	4.24648
3247.06	5.63276
3245.73	2.39664
3244.39	-0.212775
3243.05	-0.0673873
3241.71	1.4094
3240.37	-0.737574
3239.04	3.55065
3237.7	-0.453375
3236.36	2.06287
3235.02	3.29501
3233.68	4.00018
3232.34	-4.00886
3231	-0.45236
3229.66	-4.36895
3228.31	-0.0932248
3226.97	4.8392
3225.63	11.9656
3224.29	4.4177
3222.94	1.4458
3221.6	-6.10165
3220.26	-4.07673
3218.91	-5.91099
3217.57	0.441039
3216.23	-2.2076
3214.88	2.81313
3213.53	3.73398
3212.19	9.07739
3210.84	9.9017
3209.5	5.43143
3208.15	-1.41459
3206.8	-0.598053
3205.46	6.60361
3204.11	8.88732
3202.76	10.1256
3201.41	4.69999
3200.06	6.80287
3198.71	6.08779
3197.36	9.88748
3196.01	1.92916
3194.66	-2.59614
3193.31	-7.41291
3191.96	-0.707503
3190.61	-0.528275
3189.26	0.362399
3187.91	-1.22069
3186.56	-3.76365
3185.2	-4.20343
3183.85	2.3036
3182.5	7.56758
3181.14	7.87586
3179.79	7.56508
3178.44	4.92864
3177.08	6.57139
3175.73	9.68825
3174.37	7.60902
3173.01	-1.85232
3171.66	-4.92838
3170.3	0.519539
3168.95	7.15407
3167.59	17.6398
3166.23	13.2164
3164.87	2.84292
3163.51	4.23903
3162.16	2.14934
3160.8	3.53641
3159.44	7.91709
3158.08	4.77941
3156.72	0.734288
3155.36	4.15815
3154	1.39762
3152.64	0.441361
3151.28	-0.32488
3149.91	-0.474666
3148.55	2.0915
3147.19	8.94333
3145.83	10.2648
3144.46	8.25129
3143.1	2.666
3141.74	-2.77182
3140.37	-4.9774
3139.01	-4.61658
3137.64	-6.29788
3136.28	-6.36487
3134.91	-3.66805
3133.55	-1.0734
3132.18	2.09583
3130.81	-1.78634
3129.45	-3.28743
3128.08	-8.55095
3126.71	-5.05163
3125.34	-7.74657
3123.98	-10.2581
3122.61	-9.85875
3121.24	-0.174145
3119.87	5.45877
3118.5	17.4221
3117.13	16.3385
3115.76	4.82268
3114.39	-4.54652
3113.02	-3.58247
3111.64	-1.33508
3110.27	5.95368
3108.9	8.90913
3107.53	8.8176
3106.15	2.72536
3104.78	1.58419
3103.41	0.964089
3102.03	4.44298
3100.66	7.63251
3099.29	10.8165
3097.91	12.7193
3096.53	11.5698
3095.16	6.42253
3093.78	6.27134
3092.41	5.78701
3091.03	6.30281
3089.65	13.6278
3088.27	15.7099
3086.9	13.459
3085.52	14.5423
3084.14	14.2917
3082.76	7.13267
3081.38	2.82647
3080	-1.80685
3078.62	-5.86912
3077.24	-4.36652
3075.86	5.32837
3074.48	6.59608
3073.1	3.52231
3071.72	1.40406
3070.33	-2.52201
3068.95	-1.63789
3067.57	1.75982
3066.19	2.97051
3064.8	-0.959696
3063.42	-4.89231
3062.03	-14.3992
3060.65	-6.81056
3059.26	-1.88239
3057.88	7.66021
3056.49	9.95417
3055.11	3.91606
3053.72	-0.300784
3052.33	0.61586
3050.95	-0.27781
3049.56	6.68616
3048.17	4.46023
3046.78	1.23428
3045.4	3.95118
3044.01	3.77391
3042.62	-0.886093
3041.23	2.64306
3039.84	-0.064803
3038.45	-0.106518
3037.06	-0.479829
3035.67	-1.62462
3034.28	-6.52439
3032.88	-6.61746
3031.49	-0.561296
3030.1	1.05433
3028.71	10.4834
3027.31	7.05442
3025.92	10.0569
3024.52	5.57637
3023.13	4.95267
3021.74	0.525923
3020.34	-0.624144
3018.95	-11.626
3017.55	-8.48996
3016.16	-7.68012
3014.76	-7.06634
3013.36	2.7807
3011.96	8.01394
3010.57	6.436
3009.17	6.47331
3007.77	9.65476
3006.37	17.0809
3004.97	19.0233
3003.57	17.96
3002.17	12.3294
3000.77	-1.24825
2999.37	-5.49721
2997.97	2.01119
2996.57	6.43123
2995.17	12.5604
2993.77	13.7797
2992.37	14.0069
2990.97	12.7545
2989.56	10.6456
2988.16	12.2475
2986.76	16.8529
2985.35	19.1738
2983.95	31.8219
2982.54	32.1338
2981.14	32.8332
2979.73	26.1488
2978.33	22.1323
2976.92	18.2573
2975.51	24.3845
2974.11	27.2238
2972.7	36.9601
2971.29	41.6116
2969.89	45.5888
2968.48	47.4264
2967.07	47.8813
2965.66	49.9577
2964.25	49.7448
2962.84	54.2946
2961.43	58.5605
2960.02	62.1079
2958.61	61.7995
2957.2	62.7754
2955.79	64.71
2954.38	70.3524
2952.96	80.6155
2951.55	82.5889
2950.14	76.9434
2948.73	70.8267
2947.31	69.4223
2945.9	70.4488
2944.48	85.6132
2943.07	92.8255
2941.65	101.374
2940.24	99.1049
2938.82	97.9384
2937.41	94.7729
2935.99	99.2249
2934.57	95.4838
2933.16	101.312
2931.74	96.717
2930.32	102.405
2928.9	108.047
2927.48	115.445
2926.06	123.564
2924.64	125.916
2923.22	121.745
2921.8	124.815
2920.38	127.411
2918.96	130.291
2917.54	149.213
2916.12	146.277
2914.7	146.253
2913.28	138.46
2911.85	133.34
2910.43	126.744
2909.01	131.857
2907.58	130.404
2906.16	134.18
2904.74	132.013
2903.31	138.081
2901.88	139.722
2900.46	146.076
2899.03	141.187
2897.61	130.395
2896.18	126.942
2894.75	136.494
2893.33	136.511
2891.9	140.237
2890.47	132.973
2889.04	123.948
2887.61	125.832
2886.18	132.417
2884.75	134.678
2883.32	136.888
2881.89	134.24
2880.46	128.882
2879.03	122.565
2877.6	117.83
2876.17	119.278
2874.74	117.345
2873.3	116.508
2871.87	120.769
2870.44	124.793
2869.01	128.523
2867.57	132.689
2866.14	130.235
2864.7	129.258
2863.27	131.948
2861.83	124.153
2860.4	112.94
2858.96	108.009
2857.52	107.035
2856.09	115.728
2854.65	123.268
2853.21	122.245
2851.77	115.122
2850.34	99.5741
2848.9	88.6924
2847.46	79.6695
2846.02	67.4552
2844.58	66.0497
2843.14	58.9794
2841.7	50.003
2840.26	43.4544
2838.82	33.8581
2837.37	28.4095
2835.93	34.1029
2834.49	43.13
2833.05	42.5802
2831.6	34.1229
2830.16	21.0561
2828.72	9.56165
2827.27	8.78089
2825.83	14.8982
2824.38	21.0693
2822.94	20.5696
2821.49	18.0229
2820.05	12.2916
2818.6	6.60323
2817.15	-2.60635
2815.71	-4.53314
2814.26	-11.2201
2812.81	-5.85361
2811.36	-0.875751
2809.91	9.77444
2808.47	5.65505
2807.02	0.348404
2805.57	-7.18742
2804.12	-9.731
2802.67	-13.1267
2801.22	-3.29111
2799.76	-4.30562
2798.31	-9.27983
2796.86	-7.10518
2795.41	-10.4056
2793.96	-6.84983
2792.5	3.46802
2791.05	8.40157
2789.6	5.52898
2788.14	11.4186
2786.69	11.3589
2785.23	9.24467
2783.78	11.0389
2782.32	8.7874
2780.86	14.2069
2779.41	14.9984
2777.95	10.6943
2776.5	-0.0296397
2775.04	-9.56825
2773.58	-4.04786
2772.12	3.21609
2770.66	9.11085
2769.2	15.4325
2767.74	16.7538
2766.29	4.97917
2764.83	13.7767
2763.36	12.2476
2761.9	14.2826
2760.44	10.4075
2758.98	8.921
2757.52	0.395279
2756.06	5.85965
2754.59	12.7539
2753.13	14.5518
2751.67	10.735
2750.2	8.62802
2748.74	13.2907
2747.28	14.8529
2745.81	20.987
2744.35	20.8344
2742.88	18.9684
2741.41	14.9646
2739.95	16.3828
2738.48	15.045
2737.01	19.3713
2735.55	17.6971
2734.08	19.6444
2732.61	17.5397
2731.14	20.8729
2729.67	22.1999
2728.2	22.001
2726.73	16.9001
2725.26	16.6095
2723.79	17.7537
2722.32	14.8845
2720.85	17.8837
2719.38	12.4973
2717.91	4.54045
2716.44	8.44456
2714.96	20.87
2713.49	17.2977
2712.02	20.8583
2710.54	15.3338
2709.07	5.28556
2707.59	3.33193
2706.12	2.99367
2704.64	-3.34402
2703.17	3.66266
2701.69	12.6596
2700.22	16.7034
2698.74	20.9379
2697.26	14.9829
2695.78	0.0327603
2694.31	-2.6851
2692.83	-3.91927
2691.35	-6.58667
2689.87	-3.01848
2688.39	-0.209137
2686.91	-1.87507
2685.43	-4.20948
2683.95	0.219203
2682.47	1.55556
2680.99	2.22085
2679.51	7.69785
2678.03	0.503424
2676.54	-3.30136
2675.06	1.27471
2673.58	-0.965155
2672.09	-2.58345
2670.61	2.36817
2669.13	-4.67326
2667.64	-6.67596
2666.16	-0.294064
2664.67	-2.48102
2663.18	6.14353
2661.7	10.3324
2660.21	3.42452
2658.72	-2.09315
2657.24	-7.7121
2655.75	-9.08581
2654.26	3.05741
2652.77	13.9177
2651.28	12.1086
2649.8	11.6761
2648.31	9.92353
2646.82	3.92605
2645.33	-0.501911
2643.84	-6.60163
2642.34	-14.5473
2640.85	-15.3006
2639.36	-5.68236
2637.87	1.93854
2636.38	5.22451
2634.88	9.32737
2633.39	4.37118
2631.9	3.80302
2630.4	-0.62233
2628.91	-6.24134
2627.41	-12.4749
2625.92	-3.56934
2624.42	-6.99346
2622.93	1.1025
2621.43	4.48223
2619.93	6.48797
2618.44	6.06161
2616.94	12.5381
2615.44	-1.89416
2613.94	-6.65428
2612.44	-4.74218
2610.95	3.3091
2609.45	8.40276
2607.95	14.0631
2606.45	6.92683
2604.95	2.78574
2603.44	-1.64561
2601.94	-1.93032
2600.44	-2.97549
2598.94	-1.68756
2597.44	2.83256
2595.93	2.06939
2594.43	-9.21955
2592.93	-2.54891
2591.42	2.49962
2589.92	10.4517
2588.42	11.1128
2586.91	4.15554
2585.4	0.209055
2583.9	3.2053
2582.39	-1.32292
2580.89	0.435349
2579.38	-1.18324
2577.87	-1.75285
2576.36	6.85733
2574.86	5.18454
2573.35	1.89846
2571.84	-0.963724
2570.33	-1.63415
2568.82	3.69574
2567.31	9.54818
2565.8	11.352
2564.29	10.5334
2562.78	8.43542
2561.27	-1.47775
2559.75	-1.91008
2558.24	-1.63186
2556.73	-0.495421
2555.22	-2.78953
2553.7	0.152035
2552.19	-6.04402
2550.68	1.61768
2549.16	-0.72724
2547.65	-3.02568
2546.13	-12.7064
2544.61	-5.80609
2543.1	-0.670394
2541.58	4.40821
2540.07	3.58502
2538.55	8.76928
2537.03	4.5242
2535.51	8.83587
2533.99	3.53197
2532.48	-2.18815
2530.96	-2.15118
2529.44	2.82793
2527.92	8.623
2526.4	6.22425
2524.88	-0.838598
2523.36	0.573653
2521.83	0.890635
2520.31	-6.0799
2518.79	-6.483
2517.27	-6.83269
2515.74	-2.22761
2514.22	5.3689
2512.7	12.0119
2511.17	3.70164
2509.65	-1.93708
2508.12	0.71117
2506.6	9.06994
2505.07	16.6156
2503.55	19.4438
2502.02	10.8487
2500.49	10.0663
2498.97	6.84825
2497.44	9.87107
2495.91	6.31482
2494.38	2.66927
2492.85	-2.54846
2491.32	-3.10372
2489.8	-6.08328
2488.27	-1.87792
2486.74	-3.33609
2485.2	3.96554
2483.67	10.218
2482.14	13.1845
2480.61	21.2494
2479.08	11.3488
2477.55	9.1749
2476.01	4.56774
2474.48	-2.61372
2472.95	-9.31759
2471.41	-3.4052
2469.88	-11.4384
2468.34	-11.104
2466.81	-13.5737
2465.27	-15.7561
2463.74	-7.50642
2462.2	4.63784
2460.66	7.77793
2459.12	3.30436
2457.59	0.927358
2456.05	-1.49592
2454.51	2.6439
2452.97	2.64107
2451.43	0.97435
2449.89	3.07031
2448.35	3.92214
2446.81	7.0129
2445.27	13.1053
2443.73	13.5283
2442.19	6.61271
2440.65	8.79714
2439.11	5.64963
2437.56	1.44887
2436.02	4.43475
2434.48	2.75569
2432.93	1.65706
2431.39	7.73616
2429.84	10.1487
2428.3	4.5135
2426.75	0.545701
2425.21	-8.04179
2423.66	0.991182
2422.12	1.35249
2420.57	3.52101
2419.02	-2.64369
2417.47	-3.75809
2415.93	-2.05781
2414.38	5.10037
2412.83	6.55266
2411.28	7.90554
2409.73	8.2678
2408.18	-2.57348
2406.63	-3.31887
2405.08	-9.15528
2403.53	-5.08565
2401.98	-5.31169
2400.42	4.64952
2398.87	-1.28237
2397.32	-0.366067
2395.77	-1.49726
2394.21	5.70612
2392.66	-4.90484
2391.1	-5.42066
2389.55	-0.7436
2387.99	2.16901
2386.44	3.31506
2384.88	13.5557
2383.33	-1.91787
2381.77	1.80403
2380.21	13.0456
2378.66	11.0402
2377.1	9.56286
2375.54	0.934807
2373.98	-15.9167
2372.42	-7.34473
2370.86	4.93259
2369.3	5.73416
2367.74	10.0544
2366.18	3.09645
2364.62	5.75856
2363.06	9.07883
2361.5	7.39638
2359.94	-0.236587
2358.37	-7.20018
2356.81	-11.4513
2355.25	-13.7122
2353.68	-8.20122
2352.12	-1.98126
2350.56	6.33145
2348.99	5.73354
2347.43	8.66411
2345.86	-0.356331
2344.29	-2.0489
2342.73	-4.88444
2341.16	-4.48429
2339.59	-8.12709
2338.03	-2.11183
2336.46	-2.9533
2334.89	3.25575
2333.32	15.9381
2331.75	23.3318
2330.18	30.9622
2328.61	26.2071
2327.04	22.1288
2325.47	14.8502
2323.9	17.2874
2322.33	7.24067
2320.76	0.48281
2319.18	-12.4162
2317.61	-0.168013
2316.04	4.35924
2314.47	13.1614
2312.89	4.20239
2311.32	3.20619
2309.74	6.92718
2308.17	17.7732
2306.59	19.8105
2305.02	15.6107
2303.44	2.2279
2301.86	2.36286
2300.29	17.3066
2298.71	19.4359
2297.13	19.4206
2295.55	12.9746
2293.97	8.63066
2292.4	7.57027
2290.82	8.30815
2289.24	6.57609
2287.66	11.3201
2286.08	15.1119
2284.49	19.4187
2282.91	23.6313
2281.33	13.7981
2279.75	12.5848
2278.17	14.8442
2276.58	9.81124
2275	4.83004
2273.42	8.75396
2271.83	5.43843
2270.25	8.20963
2268.66	20.0839
2267.08	16.0958
2265.49	18.8692
2263.91	17.637
2262.32	6.64533
2260.73	1.94233
2259.14	9.37642
2257.56	5.0963
2255.97	16.8625
2254.38	21.0079
2252.79	22.8223
2251.2	27.2025
2249.61	10.1909
2248.02	-3.85049
2246.43	-0.133292
2244.84	-0.327354
2243.25	4.65976
2241.66	15.7475
2240.07	8.2692
2238.47	10.7822
2236.88	18.3898
2235.29	17.761
2233.69	13.2259
2232.1	16.2593
2230.5	14.6269
2228.91	9.32516
2227.31	10.9766
2225.72	6.2423
2224.12	6.98975
2222.53	9.4919
2220.93	9.65836
2219.33	13.5933
2217.73	15.4706
2216.14	15.3068
2214.54	23.4733
2212.94	11.107
2211.34	6.6084
2209.74	9.96042
2208.14	10.4117
2206.54	17.2829
2204.94	21.2908
2203.34	14.5995
2201.74	11.5636
2200.13	5.81377
2198.53	5.77897
2196.93	7.93544
2195.33	8.70815
2193.72	17.2355
2192.12	25.3437
2190.51	25.6347
2188.91	21.4462
2187.3	22.6437
2185.7	19.9839
2184.09	9.50825
2182.48	11.8888
2180.88	5.22161
2179.27	6.4694
2177.66	8.46277
2176.05	12.0758
2174.45	12.9361
2172.84	15.6901
2171.23	18.9277
2169.62	32.204
2168.01	34.6301
2166.4	36.6686
2164.79	42.5636
2163.18	36.1272
2161.56	29.1629
2159.95	19.3417
2158.34	12.2335
2156.73	16.1328
2155.11	30.6432
2153.5	45.4844
2151.89	48.8919
2150.27	44.4466
2148.66	35.1477
2147.04	34.2741
2145.43	36.115
2143.81	30.0392
2142.19	33.5974
2140.58	36.768
2138.96	37.4607
2137.34	34.5271
2135.72	42.4589
2134.1	31.5826
2132.48	35.1731
2130.86	30.6669
2129.25	23.4964
2127.63	13.5241
2126	25.0207
2124.38	25.708
2122.76	25.3399
2121.14	20.9745
2119.52	11.9915
2117.9	12.2536
2116.27	15.5994
2114.65	17.3267
2113.03	16.9121
2111.4	18.9261
2109.78	19.7044
2108.15	23.3309
2106.53	18.2469
2104.9	23.4062
2103.27	17.9854
2101.65	21.6146
2100.02	33.6275
2098.39	21.0115
2096.77	12.2111
2095.14	10.7371
2093.51	2.75073
2091.88	11.4741
2090.25	24.9027
2088.62	22.1015
2086.99	28.4877
2085.36	27.8737
2083.73	25.7333
2082.1	15.0161
2080.46	4.64324
2078.83	-4.63981
2077.2	-5.68542
2075.57	0.127028
2073.93	7.26957
2072.3	11.5111
2070.66	16.0294
2069.03	12.0282
2067.4	13.8413
2065.76	12.3627
2064.12	-2.30977
2062.49	-7.78826
2060.85	-8.97541
2059.21	-10.0722
2057.58	1.58415
2055.94	20.0606
2054.3	20.2947
2052.66	22.5264
2051.02	16.8514
2049.38	2.3232
2047.74	-9.67724
2046.1	-4.39843
2044.46	-3.30754
2042.82	1.25389
2041.18	0.436509
2039.53	1.9539
2037.89	-0.861776
2036.25	-0.918831
2034.61	-0.879158
2032.96	-2.02974
2031.32	-2.75233
2029.67	1.90529
2028.03	5.70625
2026.38	10.0314
2024.74	10.2094
2023.09	8.9135
2021.44	6.52354
2019.8	6.65732
2018.15	8.07537
2016.5	13.5891
2014.85	8.10047
2013.21	0.276919
2011.56	-5.5906
2009.91	-4.36093
2008.26	-2.27632
2006.61	6.18587
2004.96	0.837647
2003.3	-3.41064
2001.65	-2.51435
2000	-2.14927
1998.35	4.55505
1996.7	6.87245
1995.04	4.95833
1993.39	1.56185
1991.74	-2.16733
1990.08	-9.89212
1988.43	-2.38212
1986.77	2.41502
1985.12	13.593
1983.46	19.9115
1981.8	18.23
1980.15	9.16819
1978.49	-1.61176
1976.83	-6.85777
1975.17	-8.25106
1973.51	-4.40909
1971.86	-8.04704
1970.2	-6.29781
1968.54	-3.35459
1966.88	0.674442
1965.22	8.04143
1963.55	10.118
1961.89	11.9199
1960.23	19.8114
1958.57	15.3111
1956.91	11.1097
1955.24	5.71514
1953.58	-4.96458
1951.92	-8.93409
1950.25	-2.99559
1948.59	-6.67326
1946.92	-0.739365
1945.26	3.72316
1943.59	-2.34237
1941.92	-11.9275
1940.26	-10.2763
1938.59	-11.1952
1936.92	-3.82574
1935.25	6.53675
1933.59	-0.243754
1931.92	-1.63871
1930.25	3.35021
1928.58	5.14559
1926.91	6.83893
1925.24	6.87012
1923.57	-2.33125
1921.9	-3.58336
1920.22	0.304613
1918.55	5.00491
1916.88	-2.91857
1915.21	-3.74324
1913.53	-2.99382
1911.86	-6.96324
1910.18	-6.50249
1908.51	-0.376772
1906.83	-4.76997
1905.16	-5.93147
1903.48	3.33943
1901.81	4.56343
1900.13	12.0738
1898.45	13.9094
1896.78	16.2302
1895.1	-3.69615
1893.42	-15.4775
1891.74	-19.389
1890.06	-15.6442
1888.38	-7.84681
1886.7	7.89016
1885.02	-0.0309752
1883.34	-10.0967
1881.66	-11.2566
1879.98	-5.26583
1878.3	3.52526
1876.61	8.31065
1874.93	11.1031
1873.25	9.32722
1871.56	4.68954
1869.88	11.0996
1868.19	10.1288
1866.51	4.20688
1864.82	1.13718
1863.14	3.40632
1861.45	-4.03952
1859.76	-7.92118
1858.08	0.256352
1856.39	-1.38356
1854.7	-2.78462
1853.01	-2.28758
1851.32	-4.25627
1849.63	-7.27229
1847.95	6.08369
1846.25	3.15585
1844.56	1.27393
1842.87	1.06762
1841.18	5.90019
1839.49	14.3091
1837.8	18.1373
1836.11	14.6852
1834.41	6.47139
1832.72	1.58925
1831.03	-4.57706
1829.33	0.874141
1827.64	-2.43762
1825.94	-3.99136
1824.25	-0.015265
1822.55	3.14985
1820.85	-3.16656
1819.16	-8.05757
1817.46	-2.07605
1815.76	1.661
1814.06	13.0995
1812.36	13.8228
1810.67	5.79329
1808.97	-11.2816
1807.27	-7.41085
1805.57	-4.82148
1803.87	-7.38438
1802.17	-7.89481
1800.46	-1.88283
1798.76	2.18051
1797.06	13.7123
1795.36	20.3851
1793.65	14.491
1791.95	6.87696
1790.25	-2.54259
1788.54	0.610768
1786.84	8.14151
1785.13	8.28359
1783.43	13.8577
1781.72	14.1947
1780.01	8.48413
1778.31	4.28783
1776.6	4.09762
1774.89	-6.32904
1773.18	-5.95348
1771.47	7.7609
1769.77	14.0847
1768.06	23.6065
1766.35	29.0191
1764.64	43.6406
1762.92	37.105
1761.21	35.3703
1759.5	21.5492
1757.79	21.9683
1756.08	17.6736
1754.36	37.0295
1752.65	34.6795
1750.94	30.8005
1749.22	21.2102
1747.51	17.2824
1745.79	9.44808
1744.08	20.1902
1742.36	24.8263
1740.65	36.9902
1738.93	42.9583
1737.21	33.7774
1735.49	25.5107
1733.78	25.4253
1732.06	21.3438
1730.34	28.5884
1728.62	38.9754
1726.9	30.7901
1725.18	25.0247
1723.46	26.8407
1721.74	28.222
1720.02	38.126
1718.3	56.2131
1716.57	52.9195
1714.85	36.8096
1713.13	36.0853
1711.41	27.2193
1709.68	36.2069
1707.96	47.9491
1706.23	41.491
1704.51	34.8059
1702.78	36.1154
1701.05	32.2821
1699.33	42.8238
1697.6	44.7376
1695.87	34.179
1694.15	38.5727
1692.42	50.5373
1690.69	50.5845
1688.96	59.2972
1687.23	67.9665
1685.5	77.4467
1683.77	88.581
1682.04	104.185
1680.31	99.746
1678.58	99.5919
1676.85	104.194
1675.11	103.98
1673.38	97.9568
1671.65	93.9285
1669.91	91.6651
1668.18	100.016
1666.44	101.496
1664.71	115.845
1662.97	119.036
1661.24	131.136
1659.5	138.609
1657.76	149.032
1656.03	143.074
1654.29	149.296
1652.55	147.908
1650.81	155.646
1649.07	157.387
1647.33	163.643
1645.59	170.809
1643.85	174.681
1642.11	174.447
1640.37	168.642
1638.63	171.318
1636.89	183.227
1635.15	195.497
1633.4	214.918
1631.66	226.426
1629.92	238.558
1628.17	266.773
1626.43	306.747
1624.68	346.395
1622.94	382.156
1621.19	401.023
1619.45	405.03
1617.7	396.413
1615.95	375.932
1614.21	346.015
1612.46	306.956
1610.71	264.932
1608.96	239.251
1607.21	239.23
1605.46	247.723
1603.71	248.058
1601.96	257.534
1600.21	269.64
1598.46	299.449
1596.71	338.251
1594.95	374.37
1593.2	395.64
1591.45	412.859
1589.7	425.301
1587.94	437.219
1586.19	438.089
1584.43	429.947
1582.68	403.507
1580.92	379.79
1579.16	353.023
1577.41	306.891
1575.65	275.73
1573.89	255.568
1572.13	226.385
1570.38	212.103
1568.62	219.865
1566.86	205.865
1565.1	212.526
1563.34	216.258
1561.58	203.614
1559.82	196.261
1558.06	190.266
1556.29	185.944
1554.53	191.893
1552.77	197.847
1551.01	200.36
1549.24	215.382
1547.48	201.971
1545.71	211.947
1543.95	225.104
1542.18	248.016
1540.42	265.345
1538.65	277.993
1536.89	269.271
1535.12	264.291
1533.35	262.791
1531.58	247.515
1529.82	234.234
1528.05	226.946
1526.28	217.699
1524.51	209.785
1522.74	204.467
1520.97	193.299
1519.2	177.168
1517.42	182.509
1515.65	181.887
1513.88	189.586
1512.11	203.148
1510.33	213.403
1508.56	207.324
1506.79	214.519
1505.01	215.622
1503.24	227.575
1501.46	240.457
1499.69	229.286
1497.91	221.451
1496.13	225.328
1494.36	233.808
1492.58	251.701
1490.8	272.024
1489.02	281.909
1487.24	299.218
1485.46	333.564
1483.68	362.141
1481.9	387.282
1480.12	416.03
1478.34	424.296
1476.56	412.646
1474.78	413.994
1473	412.098
1471.21	413.333
1469.43	414.362
1467.65	409.959
1465.86	403.797
1464.08	403.281
1462.29	414.718
1460.51	412.18
1458.72	413.931
1456.93	418.625
1455.15	436.64
1453.36	452.179
1451.57	476.79
1449.79	475.687
1448	482.671
1446.21	476.264
1444.42	476.136
1442.63	483.812
1440.84	483.95
1439.05	463.076
1437.26	440.768
1435.46	398.976
1433.67	356.319
1431.88	333.472
1430.09	301.785
1428.29	273.441
1426.5	254.366
1424.71	238.569
1422.91	229.577
1421.12	226.758
1419.32	203.311
1417.52	198.477
1415.73	197.501
1413.93	210.891
1412.13	233.171
1410.34	247.062
1408.54	245.234
1406.74	252.156
1404.94	258.121
1403.14	265.879
1401.34	287.206
1399.54	308.382
1397.74	327.542
1395.94	348.838
1394.14	368.937
1392.33	373.503
1390.53	385.104
1388.73	393.652
1386.92	386.997
1385.12	388.337
1383.32	370.749
1381.51	357.884
1379.7	366.442
1377.9	373.073
1376.09	377.651
1374.29	381.876
1372.48	360.104
1370.67	370.284
1368.86	385.014
1367.05	381.971
1365.25	374.724
1363.44	364.622
1361.63	345.037
1359.82	349.386
1358.01	368.783
1356.19	374.735
1354.38	366.674
1352.57	368.318
1350.76	355.723
1348.95	336.975
1347.13	354.169
1345.32	360.69
1343.5	345.811
1341.69	351.407
1339.87	345.85
1338.06	333.576
1336.24	344.905
1334.43	336.167
1332.61	320.107
1330.79	316.884
1328.97	310.278
1327.16	296.367
1325.34	298.594
1323.52	287.294
1321.7	295.793
1319.88	290.702
1318.06	300.846
1316.24	304.945
1314.41	320.501
1312.59	333.763
1310.77	342.105
1308.95	346.505
1307.12	348.546
1305.3	350.157
1303.48	348.425
1301.65	335.676
1299.83	310.077
1298	311.133
1296.18	289.409
1294.35	293.548
1292.52	287.518
1290.69	273.203
1288.87	253.078
1287.04	251.365
1285.21	231.416
1283.38	216.626
1281.55	201.324
1279.72	180.202
1277.89	174.887
1276.06	171.598
1274.23	167.638
1272.4	168.635
1270.57	178.852
1268.73	163.249
1266.9	163.21
1265.07	147.462
1263.23	134.606
1261.4	138.213
1259.56	138.432
1257.73	127.315
1255.89	124.236
1254.06	123.487
1252.22	119.634
1250.38	106.433
1248.54	96.9023
1246.71	88.4095
1244.87	90.4369
1243.03	108.408
1241.19	113.695
1239.35	105.32
1237.51	98.5084
1235.67	90.934
1233.83	96.3074
1231.98	100.897
1230.14	96.679
1228.3	91.6937
1226.46	89.5165
1224.61	87.9002
1222.77	96.7988
1220.92	96.4112
1219.08	106.257
1217.23	122.431
1215.39	122.355
1213.54	110.75
1211.7	101.767
1209.85	70.9184
1208	67.8825
1206.15	66.2967
1204.3	74.1076
1202.45	90.8619
1200.61	117.696
1198.76	114.817
1196.91	137.931
1195.05	145.915
1193.2	177.074
1191.35	207.123
1189.5	243.705
1187.65	265.423
1185.79	303.088
1183.94	341.187
1182.09	385.883
1180.23	419.831
1178.38	454.576
1176.52	479.989
1174.67	485.779
1172.81	482.947
1170.95	458.957
1169.1	416.03
1167.24	371.285
1165.38	327.674
1163.52	292.364
1161.66	267.32
1159.8	246.708
1157.94	228.618
1156.08	215.198
1154.22	193.286
1152.36	192.288
1150.5	192.581
1148.64	183.76
1146.77	169.947
1144.91	158.797
1143.05	147.086
1141.18	155.702
1139.32	165.305
1137.45	165.298
1135.59	157.049
1133.72	159.572
1131.86	168.471
1129.99	165.165
1128.12	163.111
1126.25	158.15
1124.39	149.007
1122.52	152.999
1120.65	151.557
1118.78	135.314
1116.91	143.313
1115.04	147.789
1113.17	163.074
1111.3	175.117
1109.42	165.016
1107.55	142.305
1105.68	110.071
1103.81	79.9826
1101.93	72.9992
1100.06	82.4886
1098.18	70.9663
1096.31	69.8336
1094.43	57.1014
1092.56	47.2679
1090.68	34.9534
1088.8	27.6398
1086.93	14.2538
1085.05	9.85779
1083.17	14.6071
1081.29	17.1675
1079.41	3.593
1077.53	1.02943
1075.65	1.26888
1073.77	-3.62274
1071.89	-5.37336
1070.01	-17.6462
1068.13	-25.0917
1066.24	-17.3932
1064.36	-17.5022
1062.48	-15.0397
1060.59	-18.9534
1058.71	-16.2749
1056.83	1.25488
1054.94	32.9377
1053.05	67.7668
1051.17	117.743
1049.28	147.258
1047.39	167.477
1045.51	159.186
1043.62	143.244
1041.73	98.7705
1039.84	64.5058
1037.95	28.919
1036.06	-6.72626
1034.17	-29.5301
1032.28	-29.2518
1030.39	-34.6218
1028.5	-30.8434
1026.61	-24.5388
1024.71	-33.6544
1022.82	-40.0403
1020.93	-17.5054
1019.03	13.0334
1017.14	31.846
1015.24	48.8692
1013.35	50.8093
1011.45	47.8166
1009.56	56.1521
1007.66	51.3027
1005.76	49.5777
1003.86	51.2317
1001.97	60.7553
1000.07	67.6149
998.167	61.6742
996.268	61.6188
994.368	69.3697
992.466	58.604
990.565	60.281
988.664	56.1638
986.762	55.9205
984.86	71.7671
982.957	89.8685
981.053	102.326
979.15	107.632
977.245	104.577
975.34	108.348
973.435	111.134
971.53	119.685
969.624	130.248
967.717	125.397
965.809	117.703
963.902	114.257
961.994	119.163
960.086	108.067
958.177	113.23
956.267	132.702
954.357	142.938
952.447	159.661
950.536	192.876
948.625	199.829
946.713	193.341
944.8	206.976
942.888	204.115
940.974	196.54
939.061	200.498
937.147	188.086
935.233	166.33
933.317	173.048
931.402	150.481
929.485	121.699
927.569	107.081
925.652	100.061
923.735	108.317
921.817	147.023
919.899	172.56
917.98	214.109
916.061	259.291
914.141	284.047
912.22	264.727
910.3	230.147
908.378	174.14
906.456	116.345
904.534	82.2858
902.612	57.5773
900.689	25.7672
898.766	14.605
896.841	1.35961
894.916	4.47756
892.991	6.5374
891.066	9.9524
889.14	2.67886
887.214	7.7964
885.287	6.40666
883.36	12.5445
881.432	2.33059
879.504	-8.06413
877.575	-13.9673
875.646	-4.46832
873.716	-4.72719
871.786	5.32323
869.855	16.4301
867.924	18.7457
865.992	23.6973
864.06	21.4173
862.128	0.160518
860.194	-16.9929
858.261	-29.5985
856.327	-18.0395
854.393	-9.91365
852.458	-1.00518
850.522	-0.893335
848.586	3.62982
846.65	-7.75187
844.714	5.16545
842.776	-4.89941
840.838	3.959
838.901	18.7428
836.961	25.7578
835.023	20.2269
833.082	38.8559
831.142	67.8506
829.202	83.9674
827.261	99.1909
825.319	78.1626
823.377	69.8648
821.434	74.4426
819.491	102.731
817.548	112.608
815.604	130.265
813.66	129.261
811.715	147.232
809.769	152.971
807.823	158.914
805.878	166.969
803.93	162.551
801.983	141.158
800.035	127.043
798.087	99.6687
796.139	64.0202
794.189	55.808
792.24	31.5632
790.289	16.1341
788.339	8.0516
786.387	6.36114
784.436	-10.6497
782.484	-0.184732
780.532	-8.98854
778.578	0.845452
776.624	7.06075
774.671	2.89126
772.716	-3.1093
770.762	0.51394
768.806	0.486643
766.85	31.8931
764.893	54.3455
762.937	74.6223
760.979	92.9517
759.022	89.8999
757.064	72.2458
755.105	68.5523
753.145	44.1459
751.185	44.7474
749.226	59.9298
747.264	62.6853
745.303	65.5357
743.341	92.4428
741.38	102.354
739.417	125.845
737.454	186.339
735.49	220.969
733.526	254.803
731.562	299.159
729.596	302.939
727.631	278.823
725.665	250.554
723.699	204.26
721.732	165.864
719.764	149.984
717.797	129.307
715.828	92.8405
713.859	64.9187
711.889	63.0975
709.919	73.1745
707.949	72.7488
705.978	82.3799
704.007	77.5436
702.035	79.4151
700.063	87.8925
698.091	91.5928
696.117	78.025
694.143	82.8255
692.169	87.9949
690.194	70.7627
688.219	64.969
686.244	49.5956
684.267	62.8396
682.291	103.401
680.314	123.31
678.336	125.898
676.358	133.418
674.379	117.51
672.4	127.256
670.421	144.968
668.441	159.884
666.46	163.665
664.479	168.724
662.497	154.388
660.516	158.8
658.533	156.39
656.55	171.951
654.567	160.448
652.583	167.12
650.598	160.581
648.614	173.259
646.628	189.87
644.643	205.777
642.656	217.919
640.669	245.217
638.682	257.919
636.694	274.883
634.706	291.866
632.717	293.49
630.728	279.314
628.738	294.601
626.748	293.474
624.757	293.596
622.766	309.88
620.774	299.502
618.782	276.441
616.789	281.661
614.796	295.246
612.802	309.219
610.808	325.7
608.814	307.922
606.818	297.489
604.822	287.786
602.827	284.448
600.83	296.461
598.833	302.091
596.836	307.018
594.838	337.035
592.839	368.199
590.84	360.736
588.841	353.783
586.84	354.662
584.84	352.822
582.838	360.912
580.838	357.89
578.835	361.082
576.833	364.166
574.83	390.551
572.827	401.593
570.822	402.622
568.818	387.461
566.813	397.035
564.808	396.78
562.802	407.509
560.795	415.03
558.788	411.045
556.781	392.128
554.773	381.482
552.765	363.854
550.756	382.877
548.747	420.762
546.737	429.216
544.726	420.84
542.716	432.674
540.704	434.626
538.692	472.387
536.68	524.66
534.667	541.481
532.654	562.636
530.64	602.987
528.626	606.001
526.611	606.245
524.596	590.004
522.58	530.339
520.564	473.529
518.547	443.603
516.529	413.344
514.512	403.59
512.494	393.899
510.476	368.53
508.456	357.775
506.436	361.705
504.416	357.93
502.395	342.647
500.374	330.638
498.353	332.411
496.33	341.562
494.307	345.14
492.284	343.215
490.261	339.503
488.237	315.767
486.212	297.59
484.187	297.444
482.161	269.183
480.134	270.24
478.108	289.426
476.081	283.421
474.054	273.487
472.025	281.319
469.997	255.723
467.968	265.248
465.938	285.445
463.908	301.169
461.877	305.334
459.846	292.555
457.814	282.649
455.782	295.778
453.75	319.903
451.716	356.745
449.683	408.084
447.649	453.94
445.614	493.441
443.579	501.331
441.543	492.494
439.508	468.768
437.47	456.91
435.433	453.819
433.396	480.928
431.358	513.358
429.319	560.411
427.28	613.262
425.241	650.27
423.201	637.317
421.16	604.229
419.118	543.495
417.077	464.511
415.035	381.221
412.993	305.368
410.949	222.415
408.905	176.841
406.862	159.871
404.816	143.381
402.771	119.545
400.727	92.0567
398.68	51.3795
396.633	40.0904
394.586	40.9895
392.539	23.7685
390.491	25.914
388.442	22.5213
386.393	28.4316
384.344	38.4818
382.293	22.1295
380.242	-20.7724
378.192	-37.3911
376.14	-30.4135
374.088	-33.3981
372.035	-18.6032
369.982	-32.5612
367.928	-35.6581
365.874	-37.0701
363.82	-36.0416
361.765	-34.5317
359.709	-7.70671
357.653	11.6483
355.596	34.6354
353.539	36.9896
351.481	24.9427
349.423	38.4221
347.364	59.9
345.305	83.4036
343.245	97.6958
341.185	101.041
339.125	87.0103
337.063	79.5954
335.001	64.6654
332.94	51.0933
330.876	41.1828
328.813	9.21192
326.749	-34.7376
324.685	-43.4739
322.621	-60.2509
320.555	-62.4418
318.489	-65.8132
316.423	-73.6816
314.356	-84.7006
312.29	-65.6167
310.221	-47.4638
308.153	-26.8015
306.084	-16.6742
304.015	-2.3028
301.946	9.7265
299.875	35.5154
297.804	76.5866
295.733	143.404
293.661	221.303
291.588	306.649
289.516	401.671
287.443	529.399
285.369	663.166
283.295	842.563
281.22	1038.07
279.144	1256.27
277.068	1508.66
274.992	1822.22
272.915	2252.2
270.837	2785.01
268.76	3478.94
266.681	4301.72
264.602	5200.83
262.523	6230.39
260.443	7432.51
258.362	8727.33
256.282	10106.9
254.2	11499.6
252.118	12730.7
250.036	13753.6
247.952	14518.6
245.869	15021.2
243.784	15252.6
241.7	15296.5
239.616	15102.7
237.53	14726.7
235.443	14215.4
233.357	13620.1
231.27	13046.9
229.182	12520.5
227.094	11958.8
225.005	11416.4
222.916	10796.7
220.827	10149.5
218.737	9535.38
216.646	8923.64
214.555	8309.64
212.462	7755.6
210.37	7121.05
208.278	6489.33
206.185	5903.14
204.091	5277.05
201.997	4709.92
199.902	4190.64
197.807	3598.24
195.711	3039.84
193.615	2585.31
191.517	2127.52
189.42	1753.12
187.322	1452.26
185.224	1146.23
183.125	851.882
181.025	615.77
178.926	381.606
176.825	267.81
174.724	248.579
172.623	280.61
170.521	254.87
168.418	214.039
166.315	163.777
164.212	171.758
162.108	155.364
160.003	167.094
157.898	97.9615
155.793	-22.4422
153.686	-86.7234
151.58	-140.35
149.473	-221.774
147.365	-230.765
145.257	-223.304
143.148	-236.377
141.039	-203.42
138.929	-165.969
136.819	-215.411
134.709	-214.747
132.597	-176.517
130.485	-156.525
128.373	-146.343
126.26	-127.957
124.147	-163.808
122.033	-135.602
119.919	-117.487
117.804	-89.8277
115.688	-75.905
113.573	-109.708
111.456	-61.9733
109.339	18.1383
107.222	108.978
105.103	210.795
102.985	322.637
100.866	390.888
98.7467	542.193
96.6262	672.727
